"","orf","total_PA"
"1","virus_comp_2813_cycle_1_6",284
"2","virus_comp_18378_cycle_1_1",157
"3","virus_comp_2455_cycle_1_11",121
"4","virus_comp_5117_cycle_1_1",69
"5","virus_comp_16559_cycle_1_3",68
"6","virus_comp_5117_cycle_1_4",67
"7","virus_comp_8074_cycle_1_1",67
"8","virus_comp_103_cycle_1_4",66
"9","virus_comp_14463_cycle_1_1",66
"10","virus_comp_7129_cycle_1_3",65
"11","virus_comp_16559_cycle_1_2",64
"12","virus_comp_16559_cycle_1_1",63
"13","virus_comp_4028_cycle_1_2",63
"14","virus_comp_8200_cycle_1_1",63
"15","virus_comp_5552_cycle_1_3",62
"16","virus_comp_15228_cycle_1_1",61
"17","virus_comp_7129_cycle_1_1",61
"18","virus_comp_4028_cycle_1_1",60
"19","virus_comp_5117_cycle_1_2",58
"20","virus_comp_99_cycle_1_1",57
"21","virus_comp_103_cycle_1_3",55
"22","virus_comp_5117_cycle_1_3",53
"23","virus_comp_8200_cycle_1_2",53
"24","virus_comp_15228_cycle_1_2",51
"25","virus_comp_6408_cycle_1_1",50
"26","virus_comp_104_cycle_1_1",48
"27","virus_comp_2552_cycle_1_1",48
"28","virus_comp_17783_cycle_1_5",47
"29","virus_comp_2265_cycle_1_3",46
"30","virus_comp_36_cycle_2_16",46
"31","virus_comp_36_cycle_2_17",45
"32","virus_comp_12_cycle_1_13",44
"33","virus_comp_36_cycle_2_10",44
"34","virus_comp_36_cycle_2_19",44
"35","virus_comp_36_cycle_2_3",44
"36","virus_comp_13180_cycle_1_1",43
"37","virus_comp_36_cycle_2_20",43
"38","virus_comp_2551_cycle_1_1",42
"39","virus_comp_36_cycle_2_6",41
"40","virus_comp_36_cycle_2_9",41
"41","virus_comp_99_cycle_1_2",41
"42","virus_comp_36_cycle_2_18",40
"43","virus_comp_2506_cycle_1_4",39
"44","virus_comp_1102_cycle_1_1",37
"45","virus_comp_36_cycle_2_106",37
"46","virus_comp_36_cycle_2_15",37
"47","virus_comp_36_cycle_2_2",37
"48","virus_comp_36_cycle_2_95",37
"49","virus_comp_6408_cycle_1_4",37
"50","virus_comp_18003_cycle_1_1",36
"51","virus_comp_36_cycle_2_14",36
"52","virus_comp_36_cycle_2_8",36
"53","virus_comp_12_cycle_1_8",35
"54","virus_comp_15228_cycle_1_3",35
"55","virus_comp_2254_cycle_1_3",35
"56","virus_comp_2265_cycle_1_11",35
"57","virus_comp_36_cycle_2_7",35
"58","virus_comp_36_cycle_2_94",35
"59","virus_comp_54_cycle_1_2",35
"60","virus_comp_103_cycle_1_1",34
"61","virus_comp_36_cycle_2_11",34
"62","virus_comp_36_cycle_2_12",34
"63","virus_comp_2223_cycle_1_8",33
"64","virus_comp_2334_cycle_1_10",33
"65","virus_comp_2334_cycle_1_9",33
"66","virus_comp_36_cycle_2_4",33
"67","virus_comp_54_cycle_1_1",33
"68","virus_comp_14666_cycle_1_1",32
"69","virus_comp_36_cycle_2_86",32
"70","virus_comp_36_cycle_2_96",32
"71","virus_comp_5552_cycle_1_1",32
"72","virus_comp_12_cycle_1_7",31
"73","virus_comp_2223_cycle_1_7",31
"74","virus_comp_2332_cycle_1_4",31
"75","virus_comp_36_cycle_2_5",31
"76","virus_comp_36_cycle_2_92",31
"77","virus_comp_5552_cycle_1_2",31
"78","virus_comp_9222_cycle_1_1",31
"79","virus_comp_12691_cycle_1_3",30
"80","virus_comp_2375_cycle_1_11",30
"81","virus_comp_36_cycle_2_67",30
"82","virus_comp_36_cycle_2_76",30
"83","edge_329_26",30
"84","virus_comp_2171_cycle_1_5",29
"85","virus_comp_2239_cycle_1_4",29
"86","virus_comp_36_cycle_2_100",29
"87","virus_comp_36_cycle_2_97",29
"88","virus_comp_42_cycle_1_1",29
"89","virus_comp_1103_cycle_1_11",28
"90","virus_comp_1103_cycle_1_6",28
"91","virus_comp_1105_cycle_1_1",28
"92","virus_comp_17783_cycle_1_6",28
"93","virus_comp_2334_cycle_1_8",28
"94","virus_comp_36_cycle_2_13",28
"95","virus_comp_36_cycle_2_53",28
"96","virus_comp_5098_cycle_1_1",28
"97","virus_comp_6161_cycle_1_4",28
"98","virus_comp_7998_cycle_1_4",28
"99","edge_4_51",28
"100","edge_4_58",28
"101","virus_comp_104_cycle_1_3",27
"102","virus_comp_1044_cycle_1_5",27
"103","virus_comp_12_cycle_1_14",27
"104","virus_comp_12035_cycle_1_2",27
"105","virus_comp_17783_cycle_1_1",27
"106","virus_comp_17783_cycle_1_3",27
"107","virus_comp_2239_cycle_1_2",27
"108","virus_comp_2265_cycle_1_1",27
"109","virus_comp_36_cycle_2_52",27
"110","virus_comp_36_cycle_2_61",27
"111","virus_comp_36_cycle_2_87",27
"112","virus_comp_36_cycle_2_93",27
"113","virus_comp_42_cycle_1_4",27
"114","virus_comp_4695_cycle_1_2",27
"115","edge_187_1",27
"116","virus_comp_1044_cycle_1_1",26
"117","virus_comp_14666_cycle_1_2",26
"118","virus_comp_17776_cycle_1_4",26
"119","virus_comp_2273_cycle_1_5",26
"120","virus_comp_2283_cycle_1_11",26
"121","virus_comp_2332_cycle_1_2",26
"122","virus_comp_36_cycle_2_54",26
"123","virus_comp_36_cycle_2_75",26
"124","virus_comp_36_cycle_2_83",26
"125","virus_comp_36_cycle_2_99",26
"126","virus_comp_42_cycle_1_2",26
"127","virus_comp_5225_cycle_1_3",26
"128","virus_comp_733_cycle_1_28",26
"129","edge_2044_9",26
"130","edge_2194_32",26
"131","edge_4_46",26
"132","virus_comp_1044_cycle_1_2",25
"133","virus_comp_1044_cycle_1_6",25
"134","virus_comp_1102_cycle_1_5",25
"135","virus_comp_12691_cycle_1_2",25
"136","virus_comp_2176_cycle_1_12",25
"137","virus_comp_2239_cycle_1_3",25
"138","virus_comp_2283_cycle_1_10",25
"139","virus_comp_2552_cycle_1_3",25
"140","virus_comp_36_cycle_2_39",25
"141","virus_comp_36_cycle_2_48",25
"142","virus_comp_36_cycle_2_63",25
"143","virus_comp_36_cycle_2_66",25
"144","virus_comp_36_cycle_2_69",25
"145","virus_comp_6559_cycle_1_3",25
"146","virus_comp_722_cycle_1_6",25
"147","virus_comp_733_cycle_1_41",25
"148","edge_187_5",25
"149","edge_1980_3",25
"150","edge_329_25",25
"151","virus_comp_1045_cycle_1_4",24
"152","virus_comp_17776_cycle_1_5",24
"153","virus_comp_18153_cycle_1_2",24
"154","virus_comp_2387_cycle_1_1",24
"155","virus_comp_2554_cycle_1_1",24
"156","virus_comp_2650_cycle_1_9",24
"157","virus_comp_36_cycle_2_40",24
"158","virus_comp_36_cycle_2_50",24
"159","virus_comp_36_cycle_2_77",24
"160","virus_comp_36_cycle_2_78",24
"161","virus_comp_36_cycle_2_84",24
"162","virus_comp_3620_cycle_1_2",24
"163","virus_comp_733_cycle_1_29",24
"164","virus_comp_733_cycle_1_31",24
"165","edge_329_17",24
"166","virus_comp_1045_cycle_1_2",23
"167","virus_comp_1102_cycle_1_2",23
"168","virus_comp_1133_cycle_1_5",23
"169","virus_comp_17937_cycle_1_1",23
"170","virus_comp_18153_cycle_1_1",23
"171","virus_comp_2375_cycle_1_10",23
"172","virus_comp_2527_cycle_1_12",23
"173","virus_comp_2551_cycle_1_3",23
"174","virus_comp_34_cycle_1_8",23
"175","virus_comp_36_cycle_2_101",23
"176","virus_comp_36_cycle_2_62",23
"177","virus_comp_36_cycle_2_88",23
"178","virus_comp_36_cycle_2_91",23
"179","virus_comp_36_cycle_2_98",23
"180","virus_comp_42_cycle_1_3",23
"181","virus_comp_490_cycle_1_6",23
"182","virus_comp_5420_cycle_1_2",23
"183","virus_comp_722_cycle_1_7",23
"184","virus_comp_733_cycle_1_22",23
"185","edge_1980_4",23
"186","edge_2194_14",23
"187","edge_4_53",23
"188","edge_4_54",23
"189","virus_comp_1044_cycle_1_3",22
"190","virus_comp_1044_cycle_1_4",22
"191","virus_comp_12_cycle_1_10",22
"192","virus_comp_12035_cycle_1_1",22
"193","virus_comp_17776_cycle_1_1",22
"194","virus_comp_17776_cycle_1_3",22
"195","virus_comp_18162_cycle_1_10",22
"196","virus_comp_2273_cycle_1_10",22
"197","virus_comp_2375_cycle_1_12",22
"198","virus_comp_2375_cycle_1_4",22
"199","virus_comp_2551_cycle_1_2",22
"200","virus_comp_2590_cycle_1_6",22
"201","virus_comp_2591_cycle_1_1",22
"202","virus_comp_2591_cycle_1_7",22
"203","virus_comp_2650_cycle_1_8",22
"204","virus_comp_3264_cycle_1_8",22
"205","virus_comp_34_cycle_1_5",22
"206","virus_comp_36_cycle_2_35",22
"207","virus_comp_36_cycle_2_58",22
"208","virus_comp_36_cycle_2_74",22
"209","virus_comp_36_cycle_2_90",22
"210","virus_comp_4094_cycle_1_4",22
"211","virus_comp_490_cycle_1_4",22
"212","virus_comp_7248_cycle_1_3",22
"213","virus_comp_95_cycle_1_1",22
"214","edge_187_2",22
"215","edge_187_3",22
"216","edge_187_4",22
"217","edge_2658_5",22
"218","edge_2658_6",22
"219","edge_284_17",22
"220","edge_329_23",22
"221","edge_3739_8",22
"222","edge_3739_9",22
"223","edge_4_37",22
"224","edge_4_52",22
"225","edge_48806_1",22
"226","virus_comp_17776_cycle_1_2",21
"227","virus_comp_17783_cycle_1_2",21
"228","virus_comp_17794_cycle_1_1",21
"229","virus_comp_17937_cycle_1_2",21
"230","virus_comp_18116_cycle_1_3",21
"231","virus_comp_18362_cycle_1_3",21
"232","virus_comp_2269_cycle_1_5",21
"233","virus_comp_2345_cycle_1_7",21
"234","virus_comp_2590_cycle_1_9",21
"235","virus_comp_36_cycle_2_105",21
"236","virus_comp_36_cycle_2_21",21
"237","virus_comp_36_cycle_2_55",21
"238","virus_comp_36_cycle_2_64",21
"239","virus_comp_36_cycle_2_70",21
"240","virus_comp_733_cycle_1_25",21
"241","virus_comp_733_cycle_1_27",21
"242","virus_comp_733_cycle_1_30",21
"243","virus_comp_733_cycle_1_42",21
"244","virus_comp_733_cycle_1_45",21
"245","virus_comp_7421_cycle_1_1",21
"246","edge_187_8",21
"247","edge_187_9",21
"248","edge_2658_4",21
"249","edge_284_11",21
"250","edge_329_22",21
"251","edge_4_40",21
"252","edge_4_41",21
"253","edge_4_49",21
"254","edge_4_60",21
"255","edge_48806_8",21
"256","edge_72_1",21
"257","virus_comp_11_cycle_1_5",20
"258","virus_comp_1133_cycle_1_2",20
"259","virus_comp_1133_cycle_1_3",20
"260","virus_comp_12_cycle_1_11",20
"261","virus_comp_17778_cycle_1_2",20
"262","virus_comp_18116_cycle_1_4",20
"263","virus_comp_1898_cycle_1_10",20
"264","virus_comp_1925_cycle_1_4",20
"265","virus_comp_2171_cycle_1_4",20
"266","virus_comp_2191_cycle_1_9",20
"267","virus_comp_2223_cycle_1_6",20
"268","virus_comp_2254_cycle_1_2",20
"269","virus_comp_2265_cycle_1_2",20
"270","virus_comp_2340_cycle_1_2",20
"271","virus_comp_2590_cycle_1_1",20
"272","virus_comp_315_cycle_1_1",20
"273","virus_comp_36_cycle_2_107",20
"274","virus_comp_36_cycle_2_33",20
"275","virus_comp_36_cycle_2_41",20
"276","virus_comp_36_cycle_2_68",20
"277","virus_comp_36_cycle_2_85",20
"278","virus_comp_722_cycle_1_49",20
"279","virus_comp_733_cycle_1_23",20
"280","virus_comp_808_cycle_4_31",20
"281","virus_comp_808_cycle_4_32",20
"282","edge_1476_23",20
"283","edge_187_6",20
"284","edge_1980_2",20
"285","edge_2658_2",20
"286","edge_329_18",20
"287","edge_3739_12",20
"288","edge_3739_22",20
"289","edge_4_55",20
"290","edge_48806_4",20
"291","edge_48806_7",20
"292","edge_72_24",20
"293","virus_comp_1045_cycle_1_7",19
"294","virus_comp_11_cycle_1_3",19
"295","virus_comp_1133_cycle_1_4",19
"296","virus_comp_12_cycle_1_3",19
"297","virus_comp_1545_cycle_1_6",19
"298","virus_comp_169_cycle_1_6",19
"299","virus_comp_17772_cycle_1_5",19
"300","virus_comp_17783_cycle_1_4",19
"301","virus_comp_17985_cycle_1_1",19
"302","virus_comp_2273_cycle_1_12",19
"303","virus_comp_2334_cycle_1_6",19
"304","virus_comp_2475_cycle_5_10",19
"305","virus_comp_2591_cycle_1_2",19
"306","virus_comp_2640_cycle_1_5",19
"307","virus_comp_2640_cycle_1_6",19
"308","virus_comp_285_cycle_1_126",19
"309","virus_comp_34_cycle_1_2",19
"310","virus_comp_34_cycle_1_3",19
"311","virus_comp_34_cycle_1_9",19
"312","virus_comp_36_cycle_2_36",19
"313","virus_comp_36_cycle_2_37",19
"314","virus_comp_36_cycle_2_51",19
"315","virus_comp_36_cycle_2_79",19
"316","virus_comp_36_cycle_2_80",19
"317","virus_comp_36_cycle_2_82",19
"318","virus_comp_722_cycle_1_44",19
"319","virus_comp_722_cycle_1_46",19
"320","virus_comp_733_cycle_1_38",19
"321","virus_comp_7998_cycle_1_1",19
"322","virus_comp_7998_cycle_1_2",19
"323","virus_comp_808_cycle_4_11",19
"324","virus_comp_808_cycle_4_2",19
"325","virus_comp_808_cycle_4_23",19
"326","virus_comp_808_cycle_4_43",19
"327","virus_comp_99_cycle_1_3",19
"328","edge_2194_13",19
"329","edge_2654_3",19
"330","edge_329_15",19
"331","edge_3739_10",19
"332","edge_4_47",19
"333","edge_4_48",19
"334","edge_4_50",19
"335","edge_4_61",19
"336","edge_4_63",19
"337","edge_48806_10",19
"338","edge_72_14",19
"339","virus_comp_1103_cycle_1_7",18
"340","virus_comp_1133_cycle_1_7",18
"341","virus_comp_1173_cycle_1_5",18
"342","virus_comp_12_cycle_1_12",18
"343","virus_comp_138_cycle_1_2",18
"344","virus_comp_14666_cycle_1_3",18
"345","virus_comp_152_cycle_1_2",18
"346","virus_comp_152_cycle_1_7",18
"347","virus_comp_167_cycle_1_1",18
"348","virus_comp_169_cycle_1_4",18
"349","virus_comp_17169_cycle_1_1",18
"350","virus_comp_174_cycle_1_2",18
"351","virus_comp_174_cycle_1_3",18
"352","virus_comp_17782_cycle_1_2",18
"353","virus_comp_17782_cycle_1_3",18
"354","virus_comp_17832_cycle_1_4",18
"355","virus_comp_18095_cycle_1_4",18
"356","virus_comp_18153_cycle_1_11",18
"357","virus_comp_1898_cycle_1_14",18
"358","virus_comp_2176_cycle_1_10",18
"359","virus_comp_2200_cycle_1_3",18
"360","virus_comp_2223_cycle_1_10",18
"361","virus_comp_2239_cycle_1_8",18
"362","virus_comp_2263_cycle_1_6",18
"363","virus_comp_2266_cycle_1_8",18
"364","virus_comp_2334_cycle_1_3",18
"365","virus_comp_2334_cycle_1_4",18
"366","virus_comp_2475_cycle_5_11",18
"367","virus_comp_2475_cycle_5_2",18
"368","virus_comp_2477_cycle_1_2",18
"369","virus_comp_2489_cycle_1_6",18
"370","virus_comp_2590_cycle_1_2",18
"371","virus_comp_2591_cycle_1_6",18
"372","virus_comp_2650_cycle_1_1",18
"373","virus_comp_2838_cycle_1_5",18
"374","virus_comp_36_cycle_2_81",18
"375","virus_comp_36_cycle_2_89",18
"376","virus_comp_4695_cycle_1_3",18
"377","virus_comp_6059_cycle_1_2",18
"378","virus_comp_6059_cycle_1_4",18
"379","virus_comp_6059_cycle_1_5",18
"380","virus_comp_722_cycle_1_38",18
"381","virus_comp_722_cycle_1_57",18
"382","virus_comp_73_cycle_1_13",18
"383","virus_comp_733_cycle_1_32",18
"384","virus_comp_808_cycle_4_13",18
"385","virus_comp_808_cycle_4_17",18
"386","virus_comp_808_cycle_4_25",18
"387","virus_comp_808_cycle_4_29",18
"388","virus_comp_808_cycle_4_33",18
"389","virus_comp_808_cycle_4_34",18
"390","virus_comp_808_cycle_4_44",18
"391","virus_comp_808_cycle_4_50",18
"392","edge_1476_22",18
"393","edge_187_7",18
"394","edge_1979_7",18
"395","edge_2063_22",18
"396","edge_2658_3",18
"397","edge_329_24",18
"398","edge_329_27",18
"399","edge_330_44",18
"400","edge_3739_24",18
"401","edge_3739_6",18
"402","edge_4_36",18
"403","edge_4_56",18
"404","edge_4_59",18
"405","edge_48806_11",18
"406","edge_48806_2",18
"407","edge_48806_3",18
"408","edge_48806_6",18
"409","edge_72_21",18
"410","virus_comp_11_cycle_1_2",17
"411","virus_comp_11_cycle_1_4",17
"412","virus_comp_11_cycle_1_7",17
"413","virus_comp_1133_cycle_1_1",17
"414","virus_comp_13460_cycle_1_2",17
"415","virus_comp_152_cycle_1_6",17
"416","virus_comp_155_cycle_2_65",17
"417","virus_comp_169_cycle_1_3",17
"418","virus_comp_169_cycle_1_5",17
"419","virus_comp_1727_cycle_1_2",17
"420","virus_comp_174_cycle_1_1",17
"421","virus_comp_174_cycle_1_4",17
"422","virus_comp_17848_cycle_1_3",17
"423","virus_comp_18116_cycle_1_2",17
"424","virus_comp_18120_cycle_1_6",17
"425","virus_comp_2204_cycle_1_3",17
"426","virus_comp_2216_cycle_1_8",17
"427","virus_comp_2223_cycle_1_5",17
"428","virus_comp_230_cycle_1_119",17
"429","virus_comp_230_cycle_1_165",17
"430","virus_comp_230_cycle_1_34",17
"431","virus_comp_2340_cycle_1_5",17
"432","virus_comp_2365_cycle_1_4",17
"433","virus_comp_2438_cycle_1_12",17
"434","virus_comp_2440_cycle_1_7",17
"435","virus_comp_2475_cycle_5_1",17
"436","virus_comp_2475_cycle_5_12",17
"437","virus_comp_2477_cycle_1_3",17
"438","virus_comp_2477_cycle_1_6",17
"439","virus_comp_2551_cycle_1_4",17
"440","virus_comp_2551_cycle_1_5",17
"441","virus_comp_2552_cycle_1_2",17
"442","virus_comp_2957_cycle_1_5",17
"443","virus_comp_3464_cycle_1_3",17
"444","virus_comp_36_cycle_2_104",17
"445","virus_comp_36_cycle_2_34",17
"446","virus_comp_432_cycle_1_5",17
"447","virus_comp_4826_cycle_1_4",17
"448","virus_comp_545_cycle_1_1",17
"449","virus_comp_5629_cycle_1_2",17
"450","virus_comp_5629_cycle_1_3",17
"451","virus_comp_6059_cycle_1_1",17
"452","virus_comp_62_cycle_1_4",17
"453","virus_comp_62_cycle_1_53",17
"454","virus_comp_722_cycle_1_5",17
"455","virus_comp_73_cycle_1_10",17
"456","virus_comp_73_cycle_1_8",17
"457","virus_comp_733_cycle_1_11",17
"458","virus_comp_733_cycle_1_16",17
"459","virus_comp_7998_cycle_1_5",17
"460","virus_comp_808_cycle_4_10",17
"461","virus_comp_808_cycle_4_15",17
"462","virus_comp_808_cycle_4_20",17
"463","virus_comp_808_cycle_4_24",17
"464","virus_comp_808_cycle_4_26",17
"465","virus_comp_808_cycle_4_27",17
"466","virus_comp_808_cycle_4_30",17
"467","virus_comp_808_cycle_4_39",17
"468","virus_comp_808_cycle_4_40",17
"469","virus_comp_808_cycle_4_46",17
"470","virus_comp_808_cycle_4_47",17
"471","virus_comp_876_cycle_1_8",17
"472","edge_1476_20",17
"473","edge_16_2",17
"474","edge_187_10",17
"475","edge_187_11",17
"476","edge_2194_2",17
"477","edge_2658_1",17
"478","edge_294_49",17
"479","edge_311_11",17
"480","edge_329_21",17
"481","edge_4_27",17
"482","edge_4_62",17
"483","edge_4_65",17
"484","edge_61_40",17
"485","edge_72_22",17
"486","edge_75_27",17
"487","virus_comp_1069_cycle_1_2",16
"488","virus_comp_11_cycle_1_10",16
"489","virus_comp_1102_cycle_1_6",16
"490","virus_comp_1105_cycle_1_2",16
"491","virus_comp_12691_cycle_1_1",16
"492","virus_comp_135_cycle_1_5",16
"493","virus_comp_138_cycle_1_1",16
"494","virus_comp_150_cycle_1_2",16
"495","virus_comp_1505_cycle_1_4",16
"496","virus_comp_1518_cycle_1_23",16
"497","virus_comp_152_cycle_1_5",16
"498","virus_comp_152_cycle_1_8",16
"499","virus_comp_15854_cycle_1_4",16
"500","virus_comp_167_cycle_1_2",16
"501","virus_comp_167_cycle_1_4",16
"502","virus_comp_16812_cycle_1_1",16
"503","virus_comp_169_cycle_1_11",16
"504","virus_comp_169_cycle_1_8",16
"505","virus_comp_17732_cycle_1_1",16
"506","virus_comp_17782_cycle_1_1",16
"507","virus_comp_18040_cycle_1_7",16
"508","virus_comp_18095_cycle_1_1",16
"509","virus_comp_18196_cycle_1_10",16
"510","virus_comp_18196_cycle_1_6",16
"511","virus_comp_18196_cycle_1_9",16
"512","virus_comp_18299_cycle_1_4",16
"513","virus_comp_18364_cycle_1_1",16
"514","virus_comp_18480_cycle_1_1",16
"515","virus_comp_1898_cycle_1_13",16
"516","virus_comp_1898_cycle_1_3",16
"517","virus_comp_1898_cycle_1_9",16
"518","virus_comp_1933_cycle_1_2",16
"519","virus_comp_1933_cycle_1_5",16
"520","virus_comp_2170_cycle_1_10",16
"521","virus_comp_2266_cycle_1_9",16
"522","virus_comp_2269_cycle_1_10",16
"523","virus_comp_230_cycle_1_33",16
"524","virus_comp_2394_cycle_1_4",16
"525","virus_comp_2431_cycle_1_10",16
"526","virus_comp_2438_cycle_1_2",16
"527","virus_comp_2477_cycle_1_5",16
"528","virus_comp_2489_cycle_1_3",16
"529","virus_comp_2590_cycle_1_5",16
"530","virus_comp_2885_cycle_1_5",16
"531","virus_comp_2915_cycle_1_9",16
"532","virus_comp_317_cycle_1_1",16
"533","virus_comp_317_cycle_1_3",16
"534","virus_comp_3464_cycle_1_2",16
"535","virus_comp_357_cycle_1_8",16
"536","virus_comp_36_cycle_2_56",16
"537","virus_comp_3984_cycle_1_2",16
"538","virus_comp_407_cycle_1_1",16
"539","virus_comp_490_cycle_1_5",16
"540","virus_comp_491_cycle_1_3",16
"541","virus_comp_5225_cycle_1_4",16
"542","virus_comp_545_cycle_1_3",16
"543","virus_comp_590_cycle_2_2",16
"544","virus_comp_62_cycle_1_55",16
"545","virus_comp_6645_cycle_1_3",16
"546","virus_comp_67_cycle_1_23",16
"547","virus_comp_67_cycle_1_4",16
"548","virus_comp_6916_cycle_1_3",16
"549","virus_comp_722_cycle_1_48",16
"550","virus_comp_73_cycle_1_19",16
"551","virus_comp_73_cycle_1_9",16
"552","virus_comp_733_cycle_1_26",16
"553","virus_comp_808_cycle_4_14",16
"554","virus_comp_808_cycle_4_3",16
"555","virus_comp_808_cycle_4_35",16
"556","virus_comp_808_cycle_4_45",16
"557","virus_comp_808_cycle_4_8",16
"558","virus_comp_809_cycle_1_2",16
"559","virus_comp_809_cycle_1_5",16
"560","edge_16_4",16
"561","edge_1847_24",16
"562","edge_2381_18",16
"563","edge_2381_41",16
"564","edge_311_15",16
"565","edge_329_12",16
"566","edge_329_19",16
"567","edge_4_17",16
"568","edge_4_57",16
"569","edge_4_64",16
"570","edge_61_33",16
"571","edge_61_6",16
"572","virus_comp_1045_cycle_1_9",15
"573","virus_comp_11007_cycle_1_4",15
"574","virus_comp_1103_cycle_1_10",15
"575","virus_comp_12_cycle_1_6",15
"576","virus_comp_1260_cycle_2_15",15
"577","virus_comp_1260_cycle_2_17",15
"578","virus_comp_14513_cycle_1_1",15
"579","virus_comp_14963_cycle_1_1",15
"580","virus_comp_155_cycle_1_66",15
"581","virus_comp_155_cycle_1_72",15
"582","virus_comp_155_cycle_2_163",15
"583","virus_comp_158_cycle_1_9",15
"584","virus_comp_167_cycle_1_3",15
"585","virus_comp_169_cycle_1_7",15
"586","virus_comp_17296_cycle_1_2",15
"587","virus_comp_17772_cycle_1_8",15
"588","virus_comp_17798_cycle_1_1",15
"589","virus_comp_17955_cycle_1_1",15
"590","virus_comp_18040_cycle_1_9",15
"591","virus_comp_18166_cycle_1_2",15
"592","virus_comp_18196_cycle_1_11",15
"593","virus_comp_18196_cycle_1_2",15
"594","virus_comp_1898_cycle_1_17",15
"595","virus_comp_1898_cycle_1_4",15
"596","virus_comp_1935_cycle_1_2",15
"597","virus_comp_2239_cycle_1_1",15
"598","virus_comp_2248_cycle_1_15",15
"599","virus_comp_2273_cycle_1_11",15
"600","virus_comp_2273_cycle_1_6",15
"601","virus_comp_230_cycle_1_124",15
"602","virus_comp_230_cycle_1_126",15
"603","virus_comp_230_cycle_1_127",15
"604","virus_comp_230_cycle_1_133",15
"605","virus_comp_230_cycle_1_134",15
"606","virus_comp_230_cycle_1_137",15
"607","virus_comp_230_cycle_1_138",15
"608","virus_comp_230_cycle_1_139",15
"609","virus_comp_230_cycle_1_142",15
"610","virus_comp_230_cycle_1_149",15
"611","virus_comp_230_cycle_1_155",15
"612","virus_comp_230_cycle_1_162",15
"613","virus_comp_230_cycle_1_43",15
"614","virus_comp_230_cycle_1_44",15
"615","virus_comp_230_cycle_1_56",15
"616","virus_comp_230_cycle_1_58",15
"617","virus_comp_230_cycle_1_6",15
"618","virus_comp_230_cycle_1_81",15
"619","virus_comp_230_cycle_1_90",15
"620","virus_comp_2305_cycle_1_6",15
"621","virus_comp_2382_cycle_1_7",15
"622","virus_comp_2383_cycle_1_12",15
"623","virus_comp_2434_cycle_1_2",15
"624","virus_comp_2438_cycle_1_11",15
"625","virus_comp_2438_cycle_1_13",15
"626","virus_comp_2475_cycle_5_5",15
"627","virus_comp_2475_cycle_5_6",15
"628","virus_comp_2475_cycle_5_7",15
"629","virus_comp_2475_cycle_5_8",15
"630","virus_comp_2476_cycle_1_3",15
"631","virus_comp_2477_cycle_1_7",15
"632","virus_comp_2589_cycle_1_2",15
"633","virus_comp_2590_cycle_1_3",15
"634","virus_comp_2591_cycle_1_5",15
"635","virus_comp_2640_cycle_1_3",15
"636","virus_comp_2814_cycle_1_9",15
"637","virus_comp_2915_cycle_1_5",15
"638","virus_comp_3404_cycle_1_2",15
"639","virus_comp_3464_cycle_1_6",15
"640","virus_comp_3464_cycle_1_7",15
"641","virus_comp_36_cycle_2_32",15
"642","virus_comp_36_cycle_2_38",15
"643","virus_comp_36_cycle_2_43",15
"644","virus_comp_36_cycle_2_65",15
"645","virus_comp_4360_cycle_1_6",15
"646","virus_comp_4442_cycle_1_2",15
"647","virus_comp_4442_cycle_1_3",15
"648","virus_comp_4511_cycle_1_1",15
"649","virus_comp_545_cycle_1_2",15
"650","virus_comp_590_cycle_2_1",15
"651","virus_comp_590_cycle_2_51",15
"652","virus_comp_62_cycle_1_7",15
"653","virus_comp_7214_cycle_1_3",15
"654","virus_comp_722_cycle_1_4",15
"655","virus_comp_729_cycle_1_48",15
"656","virus_comp_729_cycle_1_53",15
"657","virus_comp_729_cycle_1_57",15
"658","virus_comp_73_cycle_1_17",15
"659","virus_comp_73_cycle_1_4",15
"660","virus_comp_73_cycle_1_6",15
"661","virus_comp_732_cycle_1_7",15
"662","virus_comp_752_cycle_1_1",15
"663","virus_comp_808_cycle_4_28",15
"664","virus_comp_808_cycle_4_37",15
"665","virus_comp_808_cycle_4_38",15
"666","virus_comp_808_cycle_4_41",15
"667","virus_comp_808_cycle_4_5",15
"668","virus_comp_808_cycle_4_51",15
"669","virus_comp_872_cycle_1_42",15
"670","virus_comp_88_cycle_1_3",15
"671","edge_1468_16",15
"672","edge_16_12",15
"673","edge_1633_14",15
"674","edge_2194_15",15
"675","edge_2381_38",15
"676","edge_2461_21",15
"677","edge_2654_4",15
"678","edge_2654_5",15
"679","edge_284_12",15
"680","edge_295_56",15
"681","edge_303_6",15
"682","edge_303_7",15
"683","edge_3278_3",15
"684","edge_329_16",15
"685","edge_329_7",15
"686","edge_3739_14",15
"687","edge_3739_21",15
"688","edge_4_39",15
"689","edge_4_45",15
"690","edge_4_69",15
"691","edge_4_7",15
"692","edge_4_71",15
"693","edge_61_18",15
"694","edge_61_27",15
"695","edge_61_30",15
"696","edge_61_34",15
"697","edge_61_48",15
"698","edge_72_10",15
"699","edge_75_28",15
"700","virus_comp_10599_cycle_1_4",14
"701","virus_comp_1068_cycle_1_2",14
"702","virus_comp_1069_cycle_1_1",14
"703","virus_comp_1093_cycle_1_22",14
"704","virus_comp_12_cycle_1_4",14
"705","virus_comp_12586_cycle_1_1",14
"706","virus_comp_1260_cycle_2_14",14
"707","virus_comp_1260_cycle_2_21",14
"708","virus_comp_1364_cycle_1_5",14
"709","virus_comp_150_cycle_1_41",14
"710","virus_comp_150_cycle_1_43",14
"711","virus_comp_15234_cycle_1_1",14
"712","virus_comp_15364_cycle_1_3",14
"713","virus_comp_155_cycle_1_11",14
"714","virus_comp_155_cycle_1_13",14
"715","virus_comp_155_cycle_1_2",14
"716","virus_comp_155_cycle_1_3",14
"717","virus_comp_155_cycle_1_48",14
"718","virus_comp_155_cycle_1_5",14
"719","virus_comp_155_cycle_1_6",14
"720","virus_comp_155_cycle_1_7",14
"721","virus_comp_155_cycle_2_1",14
"722","virus_comp_155_cycle_2_10",14
"723","virus_comp_155_cycle_2_11",14
"724","virus_comp_155_cycle_2_13",14
"725","virus_comp_155_cycle_2_190",14
"726","virus_comp_155_cycle_2_2",14
"727","virus_comp_155_cycle_2_24",14
"728","virus_comp_155_cycle_2_28",14
"729","virus_comp_155_cycle_2_29",14
"730","virus_comp_155_cycle_2_3",14
"731","virus_comp_155_cycle_2_5",14
"732","virus_comp_155_cycle_2_6",14
"733","virus_comp_155_cycle_2_7",14
"734","virus_comp_155_cycle_2_71",14
"735","virus_comp_155_cycle_2_8",14
"736","virus_comp_156_cycle_1_1",14
"737","virus_comp_156_cycle_1_2",14
"738","virus_comp_16339_cycle_1_2",14
"739","virus_comp_16524_cycle_1_2",14
"740","virus_comp_16662_cycle_1_3",14
"741","virus_comp_169_cycle_1_1",14
"742","virus_comp_169_cycle_1_2",14
"743","virus_comp_17787_cycle_1_3",14
"744","virus_comp_17832_cycle_1_2",14
"745","virus_comp_17845_cycle_1_5",14
"746","virus_comp_17910_cycle_1_45",14
"747","virus_comp_17920_cycle_1_1",14
"748","virus_comp_18095_cycle_1_2",14
"749","virus_comp_18120_cycle_1_3",14
"750","virus_comp_18162_cycle_1_7",14
"751","virus_comp_18162_cycle_1_9",14
"752","virus_comp_18196_cycle_1_3",14
"753","virus_comp_18206_cycle_1_7",14
"754","virus_comp_18206_cycle_1_8",14
"755","virus_comp_18364_cycle_1_7",14
"756","virus_comp_1898_cycle_1_11",14
"757","virus_comp_1898_cycle_1_16",14
"758","virus_comp_1898_cycle_1_2",14
"759","virus_comp_2171_cycle_1_9",14
"760","virus_comp_2194_cycle_1_8",14
"761","virus_comp_2216_cycle_1_9",14
"762","virus_comp_2265_cycle_1_9",14
"763","virus_comp_2283_cycle_1_2",14
"764","virus_comp_229_cycle_1_72",14
"765","virus_comp_230_cycle_1_120",14
"766","virus_comp_230_cycle_1_132",14
"767","virus_comp_230_cycle_1_135",14
"768","virus_comp_230_cycle_1_160",14
"769","virus_comp_230_cycle_1_19",14
"770","virus_comp_230_cycle_1_20",14
"771","virus_comp_230_cycle_1_22",14
"772","virus_comp_230_cycle_1_36",14
"773","virus_comp_230_cycle_1_37",14
"774","virus_comp_230_cycle_1_39",14
"775","virus_comp_230_cycle_1_46",14
"776","virus_comp_230_cycle_1_48",14
"777","virus_comp_230_cycle_1_5",14
"778","virus_comp_230_cycle_1_51",14
"779","virus_comp_230_cycle_1_54",14
"780","virus_comp_230_cycle_1_57",14
"781","virus_comp_230_cycle_1_64",14
"782","virus_comp_230_cycle_1_7",14
"783","virus_comp_230_cycle_1_78",14
"784","virus_comp_230_cycle_1_79",14
"785","virus_comp_230_cycle_1_88",14
"786","virus_comp_230_cycle_1_91",14
"787","virus_comp_230_cycle_1_93",14
"788","virus_comp_230_cycle_1_94",14
"789","virus_comp_2332_cycle_1_5",14
"790","virus_comp_2375_cycle_1_2",14
"791","virus_comp_2375_cycle_1_8",14
"792","virus_comp_2383_cycle_1_11",14
"793","virus_comp_2383_cycle_1_7",14
"794","virus_comp_2394_cycle_1_3",14
"795","virus_comp_2396_cycle_1_8",14
"796","virus_comp_2438_cycle_1_6",14
"797","virus_comp_2476_cycle_1_2",14
"798","virus_comp_250_cycle_1_124",14
"799","virus_comp_2506_cycle_1_6",14
"800","virus_comp_2590_cycle_1_4",14
"801","virus_comp_2590_cycle_1_8",14
"802","virus_comp_2640_cycle_1_4",14
"803","virus_comp_2849_cycle_1_4",14
"804","virus_comp_285_cycle_1_1",14
"805","virus_comp_2915_cycle_1_1",14
"806","virus_comp_301_cycle_1_23",14
"807","virus_comp_301_cycle_1_54",14
"808","virus_comp_3124_cycle_1_7",14
"809","virus_comp_34_cycle_1_4",14
"810","virus_comp_36_cycle_2_49",14
"811","virus_comp_3620_cycle_1_1",14
"812","virus_comp_400_cycle_3_5",14
"813","virus_comp_407_cycle_1_9",14
"814","virus_comp_4092_cycle_1_5",14
"815","virus_comp_4351_cycle_1_2",14
"816","virus_comp_4406_cycle_1_8",14
"817","virus_comp_490_cycle_1_7",14
"818","virus_comp_590_cycle_2_59",14
"819","virus_comp_6059_cycle_1_3",14
"820","virus_comp_62_cycle_1_26",14
"821","virus_comp_62_cycle_1_29",14
"822","virus_comp_62_cycle_1_51",14
"823","virus_comp_62_cycle_1_52",14
"824","virus_comp_62_cycle_1_54",14
"825","virus_comp_62_cycle_1_57",14
"826","virus_comp_67_cycle_1_1",14
"827","virus_comp_67_cycle_1_3",14
"828","virus_comp_720_cycle_1_5",14
"829","virus_comp_7248_cycle_1_1",14
"830","virus_comp_7248_cycle_1_2",14
"831","virus_comp_729_cycle_1_59",14
"832","virus_comp_73_cycle_1_11",14
"833","virus_comp_73_cycle_1_12",14
"834","virus_comp_73_cycle_1_7",14
"835","virus_comp_733_cycle_1_46",14
"836","virus_comp_808_cycle_4_12",14
"837","virus_comp_808_cycle_4_36",14
"838","virus_comp_808_cycle_4_49",14
"839","virus_comp_808_cycle_4_6",14
"840","virus_comp_808_cycle_4_7",14
"841","virus_comp_809_cycle_1_3",14
"842","virus_comp_8241_cycle_1_2",14
"843","virus_comp_8731_cycle_1_4",14
"844","virus_comp_88_cycle_1_5",14
"845","virus_comp_952_cycle_1_10",14
"846","edge_1468_44",14
"847","edge_1468_58",14
"848","edge_1468_71",14
"849","edge_1509_6",14
"850","edge_16_19",14
"851","edge_16_9",14
"852","edge_1627_22",14
"853","edge_1845_43",14
"854","edge_1847_1",14
"855","edge_1847_19",14
"856","edge_1847_43",14
"857","edge_1987_5",14
"858","edge_2044_10",14
"859","edge_2194_16",14
"860","edge_2254_1",14
"861","edge_2254_3",14
"862","edge_2254_6",14
"863","edge_2254_7",14
"864","edge_2486_41",14
"865","edge_284_14",14
"866","edge_295_54",14
"867","edge_311_16",14
"868","edge_311_17",14
"869","edge_311_9",14
"870","edge_329_14",14
"871","edge_329_20",14
"872","edge_329_8",14
"873","edge_330_45",14
"874","edge_3739_11",14
"875","edge_3739_7",14
"876","edge_4_11",14
"877","edge_4_12",14
"878","edge_4_28",14
"879","edge_4_38",14
"880","edge_4_42",14
"881","edge_4_66",14
"882","edge_48755_8",14
"883","edge_48806_5",14
"884","edge_61_12",14
"885","edge_61_13",14
"886","edge_61_23",14
"887","edge_61_3",14
"888","edge_61_35",14
"889","edge_72_18",14
"890","edge_72_23",14
"891","edge_72_8",14
"892","virus_comp_1035_cycle_1_1",13
"893","virus_comp_1103_cycle_1_4",13
"894","virus_comp_1133_cycle_1_10",13
"895","virus_comp_1135_cycle_1_2",13
"896","virus_comp_1173_cycle_1_11",13
"897","virus_comp_11746_cycle_1_2",13
"898","virus_comp_12_cycle_1_2",13
"899","virus_comp_12_cycle_1_9",13
"900","virus_comp_1260_cycle_2_20",13
"901","virus_comp_1260_cycle_2_4",13
"902","virus_comp_1342_cycle_1_18",13
"903","virus_comp_1342_cycle_1_22",13
"904","virus_comp_14463_cycle_1_2",13
"905","virus_comp_14963_cycle_1_2",13
"906","virus_comp_150_cycle_1_24",13
"907","virus_comp_150_cycle_1_47",13
"908","virus_comp_150_cycle_1_49",13
"909","virus_comp_152_cycle_1_9",13
"910","virus_comp_155_cycle_1_10",13
"911","virus_comp_155_cycle_1_103",13
"912","virus_comp_155_cycle_1_116",13
"913","virus_comp_155_cycle_1_168",13
"914","virus_comp_155_cycle_1_18",13
"915","virus_comp_155_cycle_1_201",13
"916","virus_comp_155_cycle_1_214",13
"917","virus_comp_155_cycle_1_22",13
"918","virus_comp_155_cycle_1_23",13
"919","virus_comp_155_cycle_1_24",13
"920","virus_comp_155_cycle_1_28",13
"921","virus_comp_155_cycle_1_29",13
"922","virus_comp_155_cycle_1_30",13
"923","virus_comp_155_cycle_1_31",13
"924","virus_comp_155_cycle_1_32",13
"925","virus_comp_155_cycle_1_33",13
"926","virus_comp_155_cycle_1_42",13
"927","virus_comp_155_cycle_1_69",13
"928","virus_comp_155_cycle_1_73",13
"929","virus_comp_155_cycle_1_78",13
"930","virus_comp_155_cycle_1_9",13
"931","virus_comp_155_cycle_1_99",13
"932","virus_comp_155_cycle_2_105",13
"933","virus_comp_155_cycle_2_111",13
"934","virus_comp_155_cycle_2_113",13
"935","virus_comp_155_cycle_2_114",13
"936","virus_comp_155_cycle_2_151",13
"937","virus_comp_155_cycle_2_154",13
"938","virus_comp_155_cycle_2_18",13
"939","virus_comp_155_cycle_2_19",13
"940","virus_comp_155_cycle_2_197",13
"941","virus_comp_155_cycle_2_22",13
"942","virus_comp_155_cycle_2_23",13
"943","virus_comp_155_cycle_2_30",13
"944","virus_comp_155_cycle_2_31",13
"945","virus_comp_155_cycle_2_32",13
"946","virus_comp_155_cycle_2_33",13
"947","virus_comp_155_cycle_2_38",13
"948","virus_comp_155_cycle_2_39",13
"949","virus_comp_155_cycle_2_42",13
"950","virus_comp_155_cycle_2_60",13
"951","virus_comp_155_cycle_2_68",13
"952","virus_comp_155_cycle_2_72",13
"953","virus_comp_155_cycle_2_77",13
"954","virus_comp_155_cycle_2_9",13
"955","virus_comp_155_cycle_2_98",13
"956","virus_comp_1562_cycle_1_8",13
"957","virus_comp_158_cycle_1_4",13
"958","virus_comp_159_cycle_1_4",13
"959","virus_comp_160_cycle_1_1",13
"960","virus_comp_16214_cycle_1_1",13
"961","virus_comp_164_cycle_1_5",13
"962","virus_comp_169_cycle_1_12",13
"963","virus_comp_169_cycle_1_9",13
"964","virus_comp_17772_cycle_1_1",13
"965","virus_comp_17772_cycle_1_2",13
"966","virus_comp_17772_cycle_1_4",13
"967","virus_comp_17777_cycle_1_1",13
"968","virus_comp_17785_cycle_1_2",13
"969","virus_comp_17787_cycle_1_1",13
"970","virus_comp_17787_cycle_1_5",13
"971","virus_comp_17808_cycle_1_4",13
"972","virus_comp_17832_cycle_1_5",13
"973","virus_comp_17846_cycle_1_8",13
"974","virus_comp_17849_cycle_1_10",13
"975","virus_comp_17849_cycle_1_13",13
"976","virus_comp_17860_cycle_1_59",13
"977","virus_comp_17955_cycle_1_2",13
"978","virus_comp_17992_cycle_1_12",13
"979","virus_comp_18052_cycle_1_1",13
"980","virus_comp_18120_cycle_1_4",13
"981","virus_comp_18166_cycle_1_7",13
"982","virus_comp_18196_cycle_1_7",13
"983","virus_comp_18196_cycle_1_8",13
"984","virus_comp_1888_cycle_1_1",13
"985","virus_comp_1898_cycle_1_1",13
"986","virus_comp_1898_cycle_1_12",13
"987","virus_comp_1933_cycle_1_4",13
"988","virus_comp_1968_cycle_1_1",13
"989","virus_comp_2103_cycle_1_7",13
"990","virus_comp_2176_cycle_1_11",13
"991","virus_comp_2188_cycle_1_8",13
"992","virus_comp_2204_cycle_1_6",13
"993","virus_comp_2239_cycle_1_5",13
"994","virus_comp_2269_cycle_1_9",13
"995","virus_comp_2273_cycle_1_9",13
"996","virus_comp_2283_cycle_1_1",13
"997","virus_comp_2285_cycle_1_2",13
"998","virus_comp_230_cycle_1_106",13
"999","virus_comp_230_cycle_1_109",13
"1000","virus_comp_230_cycle_1_115",13
"1001","virus_comp_230_cycle_1_122",13
"1002","virus_comp_230_cycle_1_123",13
"1003","virus_comp_230_cycle_1_129",13
"1004","virus_comp_230_cycle_1_131",13
"1005","virus_comp_230_cycle_1_136",13
"1006","virus_comp_230_cycle_1_141",13
"1007","virus_comp_230_cycle_1_146",13
"1008","virus_comp_230_cycle_1_148",13
"1009","virus_comp_230_cycle_1_154",13
"1010","virus_comp_230_cycle_1_159",13
"1011","virus_comp_230_cycle_1_16",13
"1012","virus_comp_230_cycle_1_161",13
"1013","virus_comp_230_cycle_1_21",13
"1014","virus_comp_230_cycle_1_30",13
"1015","virus_comp_230_cycle_1_35",13
"1016","virus_comp_230_cycle_1_40",13
"1017","virus_comp_230_cycle_1_45",13
"1018","virus_comp_230_cycle_1_47",13
"1019","virus_comp_230_cycle_1_49",13
"1020","virus_comp_230_cycle_1_52",13
"1021","virus_comp_230_cycle_1_53",13
"1022","virus_comp_230_cycle_1_55",13
"1023","virus_comp_230_cycle_1_59",13
"1024","virus_comp_230_cycle_1_61",13
"1025","virus_comp_230_cycle_1_73",13
"1026","virus_comp_230_cycle_1_76",13
"1027","virus_comp_230_cycle_1_80",13
"1028","virus_comp_230_cycle_1_82",13
"1029","virus_comp_230_cycle_1_84",13
"1030","virus_comp_230_cycle_1_9",13
"1031","virus_comp_230_cycle_1_99",13
"1032","virus_comp_2310_cycle_1_6",13
"1033","virus_comp_2339_cycle_1_4",13
"1034","virus_comp_2343_cycle_1_4",13
"1035","virus_comp_2375_cycle_1_1",13
"1036","virus_comp_2375_cycle_1_6",13
"1037","virus_comp_2394_cycle_1_2",13
"1038","virus_comp_2438_cycle_1_15",13
"1039","virus_comp_2475_cycle_5_4",13
"1040","virus_comp_2489_cycle_1_4",13
"1041","virus_comp_250_cycle_1_149",13
"1042","virus_comp_250_cycle_1_257",13
"1043","virus_comp_2554_cycle_1_2",13
"1044","virus_comp_2591_cycle_1_3",13
"1045","virus_comp_2591_cycle_1_4",13
"1046","virus_comp_2650_cycle_1_4",13
"1047","virus_comp_2915_cycle_1_2",13
"1048","virus_comp_2915_cycle_1_4",13
"1049","virus_comp_2915_cycle_1_8",13
"1050","virus_comp_2945_cycle_1_3",13
"1051","virus_comp_2968_cycle_1_2",13
"1052","virus_comp_3_cycle_1_6",13
"1053","virus_comp_301_cycle_1_1",13
"1054","virus_comp_301_cycle_1_109",13
"1055","virus_comp_3109_cycle_1_6",13
"1056","virus_comp_3124_cycle_1_6",13
"1057","virus_comp_3157_cycle_1_3",13
"1058","virus_comp_330_cycle_1_36",13
"1059","virus_comp_34_cycle_1_10",13
"1060","virus_comp_34_cycle_1_6",13
"1061","virus_comp_347_cycle_1_6",13
"1062","virus_comp_3571_cycle_1_2",13
"1063","virus_comp_358_cycle_1_7",13
"1064","virus_comp_36_cycle_2_42",13
"1065","virus_comp_36_cycle_2_47",13
"1066","virus_comp_37_cycle_1_2",13
"1067","virus_comp_3732_cycle_1_5",13
"1068","virus_comp_3930_cycle_1_11",13
"1069","virus_comp_3976_cycle_1_1",13
"1070","virus_comp_4046_cycle_1_2",13
"1071","virus_comp_407_cycle_1_13",13
"1072","virus_comp_4351_cycle_1_1",13
"1073","virus_comp_4442_cycle_1_4",13
"1074","virus_comp_4502_cycle_1_5",13
"1075","virus_comp_491_cycle_1_2",13
"1076","virus_comp_505_cycle_1_12",13
"1077","virus_comp_5225_cycle_1_2",13
"1078","virus_comp_564_cycle_1_17",13
"1079","virus_comp_586_cycle_1_2",13
"1080","virus_comp_62_cycle_1_19",13
"1081","virus_comp_62_cycle_1_2",13
"1082","virus_comp_62_cycle_1_30",13
"1083","virus_comp_62_cycle_1_58",13
"1084","virus_comp_648_cycle_1_7",13
"1085","virus_comp_6559_cycle_1_2",13
"1086","virus_comp_6916_cycle_1_4",13
"1087","virus_comp_708_cycle_1_5",13
"1088","virus_comp_722_cycle_1_54",13
"1089","virus_comp_722_cycle_1_59",13
"1090","virus_comp_722_cycle_1_62",13
"1091","virus_comp_729_cycle_1_15",13
"1092","virus_comp_729_cycle_1_51",13
"1093","virus_comp_729_cycle_1_54",13
"1094","virus_comp_733_cycle_1_21",13
"1095","virus_comp_733_cycle_1_40",13
"1096","virus_comp_733_cycle_1_8",13
"1097","virus_comp_808_cycle_4_16",13
"1098","virus_comp_808_cycle_4_18",13
"1099","virus_comp_808_cycle_4_4",13
"1100","virus_comp_808_cycle_4_9",13
"1101","virus_comp_809_cycle_1_1",13
"1102","virus_comp_810_cycle_1_1",13
"1103","virus_comp_85_cycle_1_4",13
"1104","virus_comp_888_cycle_1_4",13
"1105","virus_comp_9227_cycle_1_2",13
"1106","virus_comp_952_cycle_1_7",13
"1107","virus_comp_9681_cycle_1_1",13
"1108","virus_comp_975_cycle_1_1",13
"1109","edge_1468_14",13
"1110","edge_1468_55",13
"1111","edge_1468_57",13
"1112","edge_1468_72",13
"1113","edge_1468_73",13
"1114","edge_1633_25",13
"1115","edge_1847_2",13
"1116","edge_1847_32",13
"1117","edge_1847_33",13
"1118","edge_1847_41",13
"1119","edge_1847_42",13
"1120","edge_1990_2",13
"1121","edge_1990_4",13
"1122","edge_2104_3",13
"1123","edge_2194_1",13
"1124","edge_2254_2",13
"1125","edge_2381_42",13
"1126","edge_2454_9",13
"1127","edge_2461_18",13
"1128","edge_2484_14",13
"1129","edge_2486_24",13
"1130","edge_2486_38",13
"1131","edge_2486_44",13
"1132","edge_284_1",13
"1133","edge_284_13",13
"1134","edge_284_7",13
"1135","edge_294_37",13
"1136","edge_305_1",13
"1137","edge_311_13",13
"1138","edge_311_18",13
"1139","edge_329_13",13
"1140","edge_3739_25",13
"1141","edge_4_13",13
"1142","edge_4_15",13
"1143","edge_4_16",13
"1144","edge_4_29",13
"1145","edge_4_30",13
"1146","edge_4_44",13
"1147","edge_4_5",13
"1148","edge_4_70",13
"1149","edge_48662_20",13
"1150","edge_48666_2",13
"1151","edge_48806_12",13
"1152","edge_61_11",13
"1153","edge_61_15",13
"1154","edge_61_16",13
"1155","edge_61_39",13
"1156","edge_72_13",13
"1157","edge_959_24",13
"1158","edge_965_7",13
"1159","virus_comp_1045_cycle_1_1",12
"1160","virus_comp_1045_cycle_1_6",12
"1161","virus_comp_10841_cycle_1_2",12
"1162","virus_comp_11_cycle_1_9",12
"1163","virus_comp_1131_cycle_2_28",12
"1164","virus_comp_1135_cycle_1_3",12
"1165","virus_comp_1173_cycle_1_8",12
"1166","virus_comp_11746_cycle_1_1",12
"1167","virus_comp_1260_cycle_2_10",12
"1168","virus_comp_1260_cycle_2_9",12
"1169","virus_comp_13_cycle_1_1",12
"1170","virus_comp_13172_cycle_1_5",12
"1171","virus_comp_135_cycle_1_2",12
"1172","virus_comp_1420_cycle_1_1",12
"1173","virus_comp_1470_cycle_1_2",12
"1174","virus_comp_148_cycle_1_3",12
"1175","virus_comp_150_cycle_1_151",12
"1176","virus_comp_150_cycle_1_42",12
"1177","virus_comp_150_cycle_1_73",12
"1178","virus_comp_15056_cycle_1_1",12
"1179","virus_comp_15100_cycle_1_1",12
"1180","virus_comp_1517_cycle_1_7",12
"1181","virus_comp_15198_cycle_1_2",12
"1182","virus_comp_155_cycle_1_113",12
"1183","virus_comp_155_cycle_1_12",12
"1184","virus_comp_155_cycle_1_154",12
"1185","virus_comp_155_cycle_1_19",12
"1186","virus_comp_155_cycle_1_196",12
"1187","virus_comp_155_cycle_1_200",12
"1188","virus_comp_155_cycle_1_206",12
"1189","virus_comp_155_cycle_1_211",12
"1190","virus_comp_155_cycle_1_34",12
"1191","virus_comp_155_cycle_1_36",12
"1192","virus_comp_155_cycle_1_37",12
"1193","virus_comp_155_cycle_1_4",12
"1194","virus_comp_155_cycle_1_41",12
"1195","virus_comp_155_cycle_1_61",12
"1196","virus_comp_155_cycle_1_8",12
"1197","virus_comp_155_cycle_2_108",12
"1198","virus_comp_155_cycle_2_112",12
"1199","virus_comp_155_cycle_2_117",12
"1200","virus_comp_155_cycle_2_118",12
"1201","virus_comp_155_cycle_2_12",12
"1202","virus_comp_155_cycle_2_122",12
"1203","virus_comp_155_cycle_2_149",12
"1204","virus_comp_155_cycle_2_150",12
"1205","virus_comp_155_cycle_2_156",12
"1206","virus_comp_155_cycle_2_158",12
"1207","virus_comp_155_cycle_2_191",12
"1208","virus_comp_155_cycle_2_193",12
"1209","virus_comp_155_cycle_2_196",12
"1210","virus_comp_155_cycle_2_27",12
"1211","virus_comp_155_cycle_2_35",12
"1212","virus_comp_155_cycle_2_37",12
"1213","virus_comp_155_cycle_2_4",12
"1214","virus_comp_155_cycle_2_41",12
"1215","virus_comp_155_cycle_2_46",12
"1216","virus_comp_155_cycle_2_67",12
"1217","virus_comp_155_cycle_2_69",12
"1218","virus_comp_155_cycle_2_97",12
"1219","virus_comp_158_cycle_1_5",12
"1220","virus_comp_159_cycle_1_3",12
"1221","virus_comp_159_cycle_1_9",12
"1222","virus_comp_1613_cycle_1_3",12
"1223","virus_comp_1613_cycle_1_4",12
"1224","virus_comp_163_cycle_1_23",12
"1225","virus_comp_164_cycle_1_23",12
"1226","virus_comp_164_cycle_1_4",12
"1227","virus_comp_1660_cycle_1_11",12
"1228","virus_comp_16658_cycle_1_1",12
"1229","virus_comp_16692_cycle_1_2",12
"1230","virus_comp_16955_cycle_1_1",12
"1231","virus_comp_17138_cycle_1_1",12
"1232","virus_comp_17296_cycle_1_1",12
"1233","virus_comp_17792_cycle_1_1",12
"1234","virus_comp_17794_cycle_1_5",12
"1235","virus_comp_17810_cycle_1_1",12
"1236","virus_comp_17837_cycle_1_11",12
"1237","virus_comp_17849_cycle_1_14",12
"1238","virus_comp_17874_cycle_1_6",12
"1239","virus_comp_17896_cycle_1_1",12
"1240","virus_comp_17896_cycle_1_3",12
"1241","virus_comp_17903_cycle_1_30",12
"1242","virus_comp_17935_cycle_1_21",12
"1243","virus_comp_18003_cycle_1_4",12
"1244","virus_comp_18003_cycle_1_8",12
"1245","virus_comp_18004_cycle_1_2",12
"1246","virus_comp_18054_cycle_1_13",12
"1247","virus_comp_18131_cycle_1_3",12
"1248","virus_comp_18139_cycle_1_3",12
"1249","virus_comp_18153_cycle_1_10",12
"1250","virus_comp_18153_cycle_1_5",12
"1251","virus_comp_18162_cycle_1_6",12
"1252","virus_comp_18166_cycle_1_8",12
"1253","virus_comp_18191_cycle_1_1",12
"1254","virus_comp_18196_cycle_1_1",12
"1255","virus_comp_18196_cycle_1_12",12
"1256","virus_comp_18196_cycle_1_5",12
"1257","virus_comp_18259_cycle_1_7",12
"1258","virus_comp_18289_cycle_1_2",12
"1259","virus_comp_1898_cycle_1_5",12
"1260","virus_comp_1935_cycle_1_3",12
"1261","virus_comp_2028_cycle_1_7",12
"1262","virus_comp_2080_cycle_1_7",12
"1263","virus_comp_2080_cycle_1_8",12
"1264","virus_comp_2103_cycle_1_8",12
"1265","virus_comp_2103_cycle_1_9",12
"1266","virus_comp_2106_cycle_1_2",12
"1267","virus_comp_2109_cycle_1_9",12
"1268","virus_comp_2139_cycle_1_3",12
"1269","virus_comp_2146_cycle_1_2",12
"1270","virus_comp_2204_cycle_1_2",12
"1271","virus_comp_2216_cycle_1_4",12
"1272","virus_comp_2263_cycle_1_8",12
"1273","virus_comp_2269_cycle_1_2",12
"1274","virus_comp_2273_cycle_1_2",12
"1275","virus_comp_230_cycle_1_100",12
"1276","virus_comp_230_cycle_1_104",12
"1277","virus_comp_230_cycle_1_108",12
"1278","virus_comp_230_cycle_1_110",12
"1279","virus_comp_230_cycle_1_117",12
"1280","virus_comp_230_cycle_1_121",12
"1281","virus_comp_230_cycle_1_125",12
"1282","virus_comp_230_cycle_1_128",12
"1283","virus_comp_230_cycle_1_130",12
"1284","virus_comp_230_cycle_1_147",12
"1285","virus_comp_230_cycle_1_150",12
"1286","virus_comp_230_cycle_1_151",12
"1287","virus_comp_230_cycle_1_156",12
"1288","virus_comp_230_cycle_1_157",12
"1289","virus_comp_230_cycle_1_158",12
"1290","virus_comp_230_cycle_1_163",12
"1291","virus_comp_230_cycle_1_167",12
"1292","virus_comp_230_cycle_1_168",12
"1293","virus_comp_230_cycle_1_17",12
"1294","virus_comp_230_cycle_1_24",12
"1295","virus_comp_230_cycle_1_27",12
"1296","virus_comp_230_cycle_1_28",12
"1297","virus_comp_230_cycle_1_29",12
"1298","virus_comp_230_cycle_1_31",12
"1299","virus_comp_230_cycle_1_32",12
"1300","virus_comp_230_cycle_1_41",12
"1301","virus_comp_230_cycle_1_42",12
"1302","virus_comp_230_cycle_1_50",12
"1303","virus_comp_230_cycle_1_60",12
"1304","virus_comp_230_cycle_1_62",12
"1305","virus_comp_230_cycle_1_63",12
"1306","virus_comp_230_cycle_1_66",12
"1307","virus_comp_230_cycle_1_67",12
"1308","virus_comp_230_cycle_1_68",12
"1309","virus_comp_230_cycle_1_74",12
"1310","virus_comp_230_cycle_1_75",12
"1311","virus_comp_230_cycle_1_77",12
"1312","virus_comp_230_cycle_1_85",12
"1313","virus_comp_230_cycle_1_92",12
"1314","virus_comp_230_cycle_1_95",12
"1315","virus_comp_230_cycle_1_97",12
"1316","virus_comp_230_cycle_1_98",12
"1317","virus_comp_2311_cycle_1_12",12
"1318","virus_comp_2332_cycle_1_9",12
"1319","virus_comp_2334_cycle_1_1",12
"1320","virus_comp_2343_cycle_1_7",12
"1321","virus_comp_2391_cycle_1_6",12
"1322","virus_comp_2393_cycle_1_4",12
"1323","virus_comp_2396_cycle_1_6",12
"1324","virus_comp_2396_cycle_1_7",12
"1325","virus_comp_2396_cycle_1_9",12
"1326","virus_comp_2399_cycle_1_9",12
"1327","virus_comp_2431_cycle_1_4",12
"1328","virus_comp_2438_cycle_1_14",12
"1329","virus_comp_250_cycle_1_148",12
"1330","virus_comp_250_cycle_1_150",12
"1331","virus_comp_250_cycle_1_163",12
"1332","virus_comp_2527_cycle_1_3",12
"1333","virus_comp_2640_cycle_1_1",12
"1334","virus_comp_2640_cycle_1_2",12
"1335","virus_comp_2641_cycle_1_5",12
"1336","virus_comp_2650_cycle_1_5",12
"1337","virus_comp_2725_cycle_1_6",12
"1338","virus_comp_2742_cycle_1_14",12
"1339","virus_comp_29_cycle_1_1",12
"1340","virus_comp_2915_cycle_1_3",12
"1341","virus_comp_2915_cycle_1_7",12
"1342","virus_comp_297_cycle_1_1",12
"1343","virus_comp_3_cycle_1_7",12
"1344","virus_comp_301_cycle_1_117",12
"1345","virus_comp_301_cycle_1_127",12
"1346","virus_comp_301_cycle_1_128",12
"1347","virus_comp_301_cycle_1_130",12
"1348","virus_comp_301_cycle_1_25",12
"1349","virus_comp_301_cycle_1_4",12
"1350","virus_comp_301_cycle_1_57",12
"1351","virus_comp_301_cycle_1_79",12
"1352","virus_comp_301_cycle_1_81",12
"1353","virus_comp_317_cycle_1_4",12
"1354","virus_comp_3236_cycle_1_5",12
"1355","virus_comp_3264_cycle_1_7",12
"1356","virus_comp_34_cycle_1_12",12
"1357","virus_comp_34_cycle_1_7",12
"1358","virus_comp_347_cycle_1_3",12
"1359","virus_comp_347_cycle_1_4",12
"1360","virus_comp_347_cycle_1_5",12
"1361","virus_comp_358_cycle_1_16",12
"1362","virus_comp_358_cycle_1_17",12
"1363","virus_comp_358_cycle_1_6",12
"1364","virus_comp_36_cycle_2_44",12
"1365","virus_comp_36_cycle_2_60",12
"1366","virus_comp_3621_cycle_1_1",12
"1367","virus_comp_3621_cycle_1_3",12
"1368","virus_comp_3629_cycle_1_1",12
"1369","virus_comp_3744_cycle_1_4",12
"1370","virus_comp_384_cycle_1_5",12
"1371","virus_comp_407_cycle_1_8",12
"1372","virus_comp_4092_cycle_1_4",12
"1373","virus_comp_4442_cycle_1_5",12
"1374","virus_comp_4511_cycle_1_5",12
"1375","virus_comp_454_cycle_1_3",12
"1376","virus_comp_475_cycle_1_7",12
"1377","virus_comp_4826_cycle_1_1",12
"1378","virus_comp_536_cycle_1_8",12
"1379","virus_comp_5583_cycle_1_3",12
"1380","virus_comp_561_cycle_1_1",12
"1381","virus_comp_5629_cycle_1_1",12
"1382","virus_comp_564_cycle_1_16",12
"1383","virus_comp_586_cycle_1_1",12
"1384","virus_comp_589_cycle_1_63",12
"1385","virus_comp_590_cycle_2_33",12
"1386","virus_comp_590_cycle_2_58",12
"1387","virus_comp_593_cycle_1_69",12
"1388","virus_comp_5946_cycle_1_4",12
"1389","virus_comp_613_cycle_1_22",12
"1390","virus_comp_62_cycle_1_17",12
"1391","virus_comp_62_cycle_1_48",12
"1392","virus_comp_62_cycle_1_50",12
"1393","virus_comp_62_cycle_1_8",12
"1394","virus_comp_64_cycle_1_2",12
"1395","virus_comp_6559_cycle_1_1",12
"1396","virus_comp_67_cycle_1_12",12
"1397","virus_comp_67_cycle_1_16",12
"1398","virus_comp_67_cycle_1_41",12
"1399","virus_comp_722_cycle_1_39",12
"1400","virus_comp_722_cycle_1_50",12
"1401","virus_comp_722_cycle_1_56",12
"1402","virus_comp_722_cycle_1_60",12
"1403","virus_comp_722_cycle_1_8",12
"1404","virus_comp_7271_cycle_1_1",12
"1405","virus_comp_729_cycle_1_44",12
"1406","virus_comp_729_cycle_1_49",12
"1407","virus_comp_729_cycle_1_50",12
"1408","virus_comp_729_cycle_1_52",12
"1409","virus_comp_73_cycle_1_14",12
"1410","virus_comp_73_cycle_1_18",12
"1411","virus_comp_73_cycle_1_5",12
"1412","virus_comp_733_cycle_1_19",12
"1413","virus_comp_733_cycle_1_49",12
"1414","virus_comp_7974_cycle_1_2",12
"1415","virus_comp_8065_cycle_1_3",12
"1416","virus_comp_808_cycle_4_1",12
"1417","virus_comp_808_cycle_4_48",12
"1418","virus_comp_809_cycle_1_4",12
"1419","virus_comp_8506_cycle_1_4",12
"1420","virus_comp_876_cycle_1_11",12
"1421","virus_comp_88_cycle_1_2",12
"1422","virus_comp_9132_cycle_1_3",12
"1423","virus_comp_9222_cycle_1_4",12
"1424","edge_1468_40",12
"1425","edge_1468_41",12
"1426","edge_1468_43",12
"1427","edge_1468_49",12
"1428","edge_1468_50",12
"1429","edge_1468_54",12
"1430","edge_1631_4",12
"1431","edge_1633_13",12
"1432","edge_1709_37",12
"1433","edge_1732_37",12
"1434","edge_1782_18",12
"1435","edge_1782_36",12
"1436","edge_1847_31",12
"1437","edge_1847_37",12
"1438","edge_1847_38",12
"1439","edge_1847_39",12
"1440","edge_1847_40",12
"1441","edge_1986_3",12
"1442","edge_1987_4",12
"1443","edge_1989_50",12
"1444","edge_2194_11",12
"1445","edge_2194_17",12
"1446","edge_2199_1",12
"1447","edge_2199_3",12
"1448","edge_2381_17",12
"1449","edge_2381_19",12
"1450","edge_2381_20",12
"1451","edge_2381_29",12
"1452","edge_2454_12",12
"1453","edge_2454_8",12
"1454","edge_263_1",12
"1455","edge_284_10",12
"1456","edge_284_18",12
"1457","edge_284_6",12
"1458","edge_294_38",12
"1459","edge_295_57",12
"1460","edge_311_10",12
"1461","edge_311_12",12
"1462","edge_329_6",12
"1463","edge_3739_19",12
"1464","edge_4_10",12
"1465","edge_4_31",12
"1466","edge_4_6",12
"1467","edge_48666_1",12
"1468","edge_48666_3",12
"1469","edge_61_10",12
"1470","edge_61_20",12
"1471","edge_61_29",12
"1472","edge_61_4",12
"1473","edge_61_5",12
"1474","edge_61_7",12
"1475","edge_61_9",12
"1476","edge_72_6",12
"1477","edge_72_9",12
"1478","virus_comp_1019_cycle_1_2",11
"1479","virus_comp_1019_cycle_1_4",11
"1480","virus_comp_1019_cycle_1_5",11
"1481","virus_comp_10500_cycle_1_3",11
"1482","virus_comp_1069_cycle_1_3",11
"1483","virus_comp_1086_cycle_1_10",11
"1484","virus_comp_1093_cycle_1_24",11
"1485","virus_comp_11_cycle_1_6",11
"1486","virus_comp_11_cycle_1_8",11
"1487","virus_comp_1131_cycle_2_1",11
"1488","virus_comp_1133_cycle_1_6",11
"1489","virus_comp_1133_cycle_1_8",11
"1490","virus_comp_1173_cycle_1_6",11
"1491","virus_comp_11746_cycle_1_4",11
"1492","virus_comp_126_cycle_1_138",11
"1493","virus_comp_126_cycle_1_195",11
"1494","virus_comp_126_cycle_1_207",11
"1495","virus_comp_126_cycle_1_210",11
"1496","virus_comp_126_cycle_1_217",11
"1497","virus_comp_1260_cycle_2_13",11
"1498","virus_comp_1260_cycle_2_16",11
"1499","virus_comp_1260_cycle_2_2",11
"1500","virus_comp_1260_cycle_2_3",11
"1501","virus_comp_1310_cycle_1_3",11
"1502","virus_comp_1310_cycle_1_4",11
"1503","virus_comp_13387_cycle_1_3",11
"1504","virus_comp_1354_cycle_1_9",11
"1505","virus_comp_1390_cycle_1_19",11
"1506","virus_comp_1414_cycle_1_2",11
"1507","virus_comp_14703_cycle_1_2",11
"1508","virus_comp_14703_cycle_1_3",11
"1509","virus_comp_150_cycle_1_122",11
"1510","virus_comp_150_cycle_1_143",11
"1511","virus_comp_150_cycle_1_147",11
"1512","virus_comp_150_cycle_1_156",11
"1513","virus_comp_150_cycle_1_18",11
"1514","virus_comp_150_cycle_1_78",11
"1515","virus_comp_1505_cycle_1_5",11
"1516","virus_comp_15234_cycle_1_2",11
"1517","virus_comp_155_cycle_1_1",11
"1518","virus_comp_155_cycle_1_100",11
"1519","virus_comp_155_cycle_1_105",11
"1520","virus_comp_155_cycle_1_107",11
"1521","virus_comp_155_cycle_1_111",11
"1522","virus_comp_155_cycle_1_112",11
"1523","virus_comp_155_cycle_1_114",11
"1524","virus_comp_155_cycle_1_115",11
"1525","virus_comp_155_cycle_1_120",11
"1526","virus_comp_155_cycle_1_163",11
"1527","virus_comp_155_cycle_1_175",11
"1528","virus_comp_155_cycle_1_191",11
"1529","virus_comp_155_cycle_1_195",11
"1530","virus_comp_155_cycle_1_197",11
"1531","virus_comp_155_cycle_1_199",11
"1532","virus_comp_155_cycle_1_202",11
"1533","virus_comp_155_cycle_1_204",11
"1534","virus_comp_155_cycle_1_207",11
"1535","virus_comp_155_cycle_1_209",11
"1536","virus_comp_155_cycle_1_25",11
"1537","virus_comp_155_cycle_1_26",11
"1538","virus_comp_155_cycle_1_27",11
"1539","virus_comp_155_cycle_1_35",11
"1540","virus_comp_155_cycle_1_38",11
"1541","virus_comp_155_cycle_1_43",11
"1542","virus_comp_155_cycle_1_47",11
"1543","virus_comp_155_cycle_1_52",11
"1544","virus_comp_155_cycle_1_57",11
"1545","virus_comp_155_cycle_1_64",11
"1546","virus_comp_155_cycle_1_68",11
"1547","virus_comp_155_cycle_1_70",11
"1548","virus_comp_155_cycle_1_77",11
"1549","virus_comp_155_cycle_1_83",11
"1550","virus_comp_155_cycle_1_92",11
"1551","virus_comp_155_cycle_2_103",11
"1552","virus_comp_155_cycle_2_107",11
"1553","virus_comp_155_cycle_2_110",11
"1554","virus_comp_155_cycle_2_126",11
"1555","virus_comp_155_cycle_2_128",11
"1556","virus_comp_155_cycle_2_145",11
"1557","virus_comp_155_cycle_2_147",11
"1558","virus_comp_155_cycle_2_152",11
"1559","virus_comp_155_cycle_2_161",11
"1560","virus_comp_155_cycle_2_164",11
"1561","virus_comp_155_cycle_2_165",11
"1562","virus_comp_155_cycle_2_192",11
"1563","virus_comp_155_cycle_2_25",11
"1564","virus_comp_155_cycle_2_26",11
"1565","virus_comp_155_cycle_2_36",11
"1566","virus_comp_155_cycle_2_43",11
"1567","virus_comp_155_cycle_2_47",11
"1568","virus_comp_155_cycle_2_50",11
"1569","virus_comp_155_cycle_2_56",11
"1570","virus_comp_155_cycle_2_73",11
"1571","virus_comp_155_cycle_2_74",11
"1572","virus_comp_155_cycle_2_87",11
"1573","virus_comp_155_cycle_2_90",11
"1574","virus_comp_1562_cycle_1_7",11
"1575","virus_comp_1562_cycle_1_9",11
"1576","virus_comp_159_cycle_1_10",11
"1577","virus_comp_163_cycle_1_25",11
"1578","virus_comp_163_cycle_1_27",11
"1579","virus_comp_164_cycle_1_1",11
"1580","virus_comp_164_cycle_1_11",11
"1581","virus_comp_164_cycle_1_3",11
"1582","virus_comp_164_cycle_1_6",11
"1583","virus_comp_164_cycle_1_8",11
"1584","virus_comp_16495_cycle_1_2",11
"1585","virus_comp_16692_cycle_1_3",11
"1586","virus_comp_16893_cycle_1_2",11
"1587","virus_comp_169_cycle_1_10",11
"1588","virus_comp_1706_cycle_1_1",11
"1589","virus_comp_1740_cycle_1_10",11
"1590","virus_comp_1740_cycle_1_5",11
"1591","virus_comp_17787_cycle_1_2",11
"1592","virus_comp_17787_cycle_1_4",11
"1593","virus_comp_17789_cycle_1_11",11
"1594","virus_comp_17789_cycle_1_6",11
"1595","virus_comp_17789_cycle_1_8",11
"1596","virus_comp_17794_cycle_1_3",11
"1597","virus_comp_17794_cycle_1_4",11
"1598","virus_comp_17808_cycle_1_1",11
"1599","virus_comp_17808_cycle_1_2",11
"1600","virus_comp_17808_cycle_1_3",11
"1601","virus_comp_17813_cycle_1_1",11
"1602","virus_comp_17840_cycle_1_74",11
"1603","virus_comp_17846_cycle_1_9",11
"1604","virus_comp_17849_cycle_1_5",11
"1605","virus_comp_17849_cycle_1_6",11
"1606","virus_comp_17870_cycle_1_1",11
"1607","virus_comp_17889_cycle_1_15",11
"1608","virus_comp_17889_cycle_1_34",11
"1609","virus_comp_17889_cycle_1_35",11
"1610","virus_comp_17896_cycle_1_5",11
"1611","virus_comp_17906_cycle_1_63",11
"1612","virus_comp_17910_cycle_1_27",11
"1613","virus_comp_17910_cycle_1_44",11
"1614","virus_comp_17910_cycle_1_46",11
"1615","virus_comp_17910_cycle_1_47",11
"1616","virus_comp_17918_cycle_1_3",11
"1617","virus_comp_17935_cycle_1_3",11
"1618","virus_comp_17937_cycle_1_3",11
"1619","virus_comp_1796_cycle_1_3",11
"1620","virus_comp_17971_cycle_1_3",11
"1621","virus_comp_18054_cycle_1_21",11
"1622","virus_comp_18095_cycle_1_3",11
"1623","virus_comp_18116_cycle_1_1",11
"1624","virus_comp_18120_cycle_1_1",11
"1625","virus_comp_18131_cycle_1_2",11
"1626","virus_comp_18131_cycle_1_5",11
"1627","virus_comp_18132_cycle_1_2",11
"1628","virus_comp_18139_cycle_1_2",11
"1629","virus_comp_18139_cycle_1_4",11
"1630","virus_comp_18139_cycle_1_5",11
"1631","virus_comp_18139_cycle_1_7",11
"1632","virus_comp_18162_cycle_1_3",11
"1633","virus_comp_18166_cycle_1_9",11
"1634","virus_comp_18178_cycle_1_10",11
"1635","virus_comp_18196_cycle_1_4",11
"1636","virus_comp_18205_cycle_1_9",11
"1637","virus_comp_18206_cycle_1_6",11
"1638","virus_comp_18230_cycle_1_3",11
"1639","virus_comp_18294_cycle_1_1",11
"1640","virus_comp_18364_cycle_1_2",11
"1641","virus_comp_1898_cycle_1_15",11
"1642","virus_comp_193_cycle_1_141",11
"1643","virus_comp_1933_cycle_1_3",11
"1644","virus_comp_1935_cycle_1_1",11
"1645","virus_comp_2033_cycle_1_1",11
"1646","virus_comp_2088_cycle_1_2",11
"1647","virus_comp_2109_cycle_1_2",11
"1648","virus_comp_2109_cycle_1_3",11
"1649","virus_comp_2109_cycle_1_5",11
"1650","virus_comp_2136_cycle_1_1",11
"1651","virus_comp_2136_cycle_1_10",11
"1652","virus_comp_2136_cycle_1_11",11
"1653","virus_comp_2136_cycle_1_2",11
"1654","virus_comp_2136_cycle_1_3",11
"1655","virus_comp_2136_cycle_1_8",11
"1656","virus_comp_2136_cycle_1_9",11
"1657","virus_comp_2166_cycle_1_7",11
"1658","virus_comp_2188_cycle_1_5",11
"1659","virus_comp_2195_cycle_1_1",11
"1660","virus_comp_2216_cycle_1_3",11
"1661","virus_comp_2223_cycle_1_2",11
"1662","virus_comp_2239_cycle_1_9",11
"1663","virus_comp_2265_cycle_1_6",11
"1664","virus_comp_2273_cycle_1_7",11
"1665","virus_comp_229_cycle_1_40",11
"1666","virus_comp_230_cycle_1_101",11
"1667","virus_comp_230_cycle_1_112",11
"1668","virus_comp_230_cycle_1_113",11
"1669","virus_comp_230_cycle_1_116",11
"1670","virus_comp_230_cycle_1_140",11
"1671","virus_comp_230_cycle_1_15",11
"1672","virus_comp_230_cycle_1_177",11
"1673","virus_comp_230_cycle_1_18",11
"1674","virus_comp_230_cycle_1_23",11
"1675","virus_comp_230_cycle_1_25",11
"1676","virus_comp_230_cycle_1_65",11
"1677","virus_comp_230_cycle_1_69",11
"1678","virus_comp_230_cycle_1_70",11
"1679","virus_comp_230_cycle_1_71",11
"1680","virus_comp_230_cycle_1_72",11
"1681","virus_comp_230_cycle_1_8",11
"1682","virus_comp_230_cycle_1_86",11
"1683","virus_comp_230_cycle_1_87",11
"1684","virus_comp_230_cycle_1_96",11
"1685","virus_comp_2310_cycle_1_5",11
"1686","virus_comp_2310_cycle_1_9",11
"1687","virus_comp_2311_cycle_1_11",11
"1688","virus_comp_2383_cycle_1_10",11
"1689","virus_comp_2393_cycle_1_1",11
"1690","virus_comp_2393_cycle_1_2",11
"1691","virus_comp_2393_cycle_1_5",11
"1692","virus_comp_2394_cycle_1_1",11
"1693","virus_comp_2394_cycle_1_9",11
"1694","virus_comp_2438_cycle_1_1",11
"1695","virus_comp_2438_cycle_1_3",11
"1696","virus_comp_2473_cycle_1_6",11
"1697","virus_comp_2475_cycle_5_3",11
"1698","virus_comp_2475_cycle_5_9",11
"1699","virus_comp_2476_cycle_1_1",11
"1700","virus_comp_250_cycle_1_1",11
"1701","virus_comp_250_cycle_1_139",11
"1702","virus_comp_250_cycle_1_140",11
"1703","virus_comp_250_cycle_1_32",11
"1704","virus_comp_2535_cycle_1_4",11
"1705","virus_comp_2559_cycle_1_3",11
"1706","virus_comp_2589_cycle_1_5",11
"1707","virus_comp_2589_cycle_1_6",11
"1708","virus_comp_2597_cycle_1_3",11
"1709","virus_comp_2739_cycle_1_4",11
"1710","virus_comp_280_cycle_1_2",11
"1711","virus_comp_280_cycle_1_4",11
"1712","virus_comp_2807_cycle_1_7",11
"1713","virus_comp_289_cycle_1_1",11
"1714","virus_comp_2904_cycle_1_4",11
"1715","virus_comp_2915_cycle_1_6",11
"1716","virus_comp_2931_cycle_1_2",11
"1717","virus_comp_2945_cycle_1_13",11
"1718","virus_comp_2957_cycle_1_1",11
"1719","virus_comp_2977_cycle_1_7",11
"1720","virus_comp_301_cycle_1_101",11
"1721","virus_comp_301_cycle_1_108",11
"1722","virus_comp_301_cycle_1_110",11
"1723","virus_comp_301_cycle_1_112",11
"1724","virus_comp_301_cycle_1_125",11
"1725","virus_comp_301_cycle_1_129",11
"1726","virus_comp_301_cycle_1_18",11
"1727","virus_comp_301_cycle_1_2",11
"1728","virus_comp_301_cycle_1_53",11
"1729","virus_comp_301_cycle_1_56",11
"1730","virus_comp_301_cycle_1_68",11
"1731","virus_comp_301_cycle_1_69",11
"1732","virus_comp_301_cycle_1_71",11
"1733","virus_comp_301_cycle_1_84",11
"1734","virus_comp_301_cycle_1_93",11
"1735","virus_comp_3127_cycle_1_2",11
"1736","virus_comp_3136_cycle_1_4",11
"1737","virus_comp_330_cycle_1_31",11
"1738","virus_comp_330_cycle_1_54",11
"1739","virus_comp_34_cycle_1_11",11
"1740","virus_comp_347_cycle_1_7",11
"1741","virus_comp_3522_cycle_1_3",11
"1742","virus_comp_36_cycle_2_1",11
"1743","virus_comp_36_cycle_2_46",11
"1744","virus_comp_36_cycle_2_57",11
"1745","virus_comp_36_cycle_2_59",11
"1746","virus_comp_3629_cycle_1_4",11
"1747","virus_comp_3629_cycle_1_5",11
"1748","virus_comp_3808_cycle_1_3",11
"1749","virus_comp_3811_cycle_1_8",11
"1750","virus_comp_384_cycle_1_1",11
"1751","virus_comp_384_cycle_1_3",11
"1752","virus_comp_384_cycle_1_4",11
"1753","virus_comp_400_cycle_3_4",11
"1754","virus_comp_407_cycle_1_12",11
"1755","virus_comp_407_cycle_1_14",11
"1756","virus_comp_4092_cycle_1_6",11
"1757","virus_comp_4094_cycle_1_2",11
"1758","virus_comp_4247_cycle_1_4",11
"1759","virus_comp_4351_cycle_1_3",11
"1760","virus_comp_4360_cycle_1_4",11
"1761","virus_comp_4442_cycle_1_6",11
"1762","virus_comp_448_cycle_1_73",11
"1763","virus_comp_4501_cycle_1_1",11
"1764","virus_comp_4763_cycle_1_2",11
"1765","virus_comp_4933_cycle_1_4",11
"1766","virus_comp_505_cycle_1_10",11
"1767","virus_comp_562_cycle_1_10",11
"1768","virus_comp_562_cycle_1_11",11
"1769","virus_comp_562_cycle_1_9",11
"1770","virus_comp_584_cycle_1_1",11
"1771","virus_comp_590_cycle_2_32",11
"1772","virus_comp_590_cycle_2_34",11
"1773","virus_comp_590_cycle_2_57",11
"1774","virus_comp_597_cycle_1_5",11
"1775","virus_comp_613_cycle_1_16",11
"1776","virus_comp_62_cycle_1_12",11
"1777","virus_comp_62_cycle_1_16",11
"1778","virus_comp_62_cycle_1_32",11
"1779","virus_comp_62_cycle_1_37",11
"1780","virus_comp_62_cycle_1_49",11
"1781","virus_comp_6380_cycle_1_5",11
"1782","virus_comp_6408_cycle_1_3",11
"1783","virus_comp_67_cycle_1_15",11
"1784","virus_comp_67_cycle_1_2",11
"1785","virus_comp_6955_cycle_1_3",11
"1786","virus_comp_7056_cycle_1_2",11
"1787","virus_comp_708_cycle_1_12",11
"1788","virus_comp_7111_cycle_1_3",11
"1789","virus_comp_7146_cycle_1_1",11
"1790","virus_comp_722_cycle_1_2",11
"1791","virus_comp_7271_cycle_1_3",11
"1792","virus_comp_729_cycle_1_41",11
"1793","virus_comp_729_cycle_1_47",11
"1794","virus_comp_729_cycle_1_55",11
"1795","virus_comp_729_cycle_1_61",11
"1796","virus_comp_729_cycle_1_65",11
"1797","virus_comp_73_cycle_1_1",11
"1798","virus_comp_73_cycle_1_15",11
"1799","virus_comp_73_cycle_1_2",11
"1800","virus_comp_73_cycle_1_3",11
"1801","virus_comp_733_cycle_1_20",11
"1802","virus_comp_733_cycle_1_24",11
"1803","virus_comp_733_cycle_1_39",11
"1804","virus_comp_733_cycle_1_5",11
"1805","virus_comp_733_cycle_1_9",11
"1806","virus_comp_7609_cycle_1_2",11
"1807","virus_comp_8201_cycle_1_1",11
"1808","virus_comp_8201_cycle_1_2",11
"1809","virus_comp_821_cycle_5_26",11
"1810","virus_comp_839_cycle_1_43",11
"1811","virus_comp_8430_cycle_1_3",11
"1812","virus_comp_8506_cycle_1_3",11
"1813","virus_comp_86_cycle_1_5",11
"1814","virus_comp_873_cycle_1_6",11
"1815","virus_comp_88_cycle_1_4",11
"1816","virus_comp_8822_cycle_1_4",11
"1817","virus_comp_8882_cycle_1_3",11
"1818","virus_comp_8889_cycle_1_1",11
"1819","virus_comp_8889_cycle_1_2",11
"1820","virus_comp_8957_cycle_1_4",11
"1821","virus_comp_921_cycle_1_10",11
"1822","virus_comp_952_cycle_1_11",11
"1823","virus_comp_952_cycle_1_14",11
"1824","virus_comp_952_cycle_1_6",11
"1825","virus_comp_9646_cycle_1_2",11
"1826","virus_comp_9712_cycle_1_1",11
"1827","virus_comp_9749_cycle_1_2",11
"1828","virus_comp_9827_cycle_1_4",11
"1829","virus_comp_984_cycle_1_37",11
"1830","virus_comp_998_cycle_1_1",11
"1831","edge_1468_62",11
"1832","edge_1468_68",11
"1833","edge_1468_77",11
"1834","edge_1512_14",11
"1835","edge_16_14",11
"1836","edge_16_5",11
"1837","edge_1627_29",11
"1838","edge_1632_1",11
"1839","edge_1632_2",11
"1840","edge_1633_26",11
"1841","edge_1709_34",11
"1842","edge_1709_54",11
"1843","edge_1732_18",11
"1844","edge_1782_34",11
"1845","edge_1845_21",11
"1846","edge_1847_10",11
"1847","edge_1847_11",11
"1848","edge_1847_4",11
"1849","edge_1847_8",11
"1850","edge_1980_1",11
"1851","edge_1986_4",11
"1852","edge_1989_42",11
"1853","edge_2044_2",11
"1854","edge_2044_33",11
"1855","edge_209_1",11
"1856","edge_2104_5",11
"1857","edge_2381_16",11
"1858","edge_2381_26",11
"1859","edge_2381_28",11
"1860","edge_2381_40",11
"1861","edge_2455_1",11
"1862","edge_2461_22",11
"1863","edge_2461_23",11
"1864","edge_2486_42",11
"1865","edge_263_25",11
"1866","edge_263_27",11
"1867","edge_263_34",11
"1868","edge_284_16",11
"1869","edge_284_4",11
"1870","edge_294_12",11
"1871","edge_294_13",11
"1872","edge_294_16",11
"1873","edge_294_19",11
"1874","edge_294_36",11
"1875","edge_294_39",11
"1876","edge_303_9",11
"1877","edge_311_1",11
"1878","edge_311_14",11
"1879","edge_311_19",11
"1880","edge_311_20",11
"1881","edge_311_8",11
"1882","edge_3176_7",11
"1883","edge_3278_4",11
"1884","edge_3739_4",11
"1885","edge_3739_5",11
"1886","edge_4_68",11
"1887","edge_48662_21",11
"1888","edge_48732_29",11
"1889","edge_61_21",11
"1890","edge_61_24",11
"1891","edge_61_25",11
"1892","edge_61_26",11
"1893","edge_61_46",11
"1894","edge_61_47",11
"1895","edge_72_15",11
"1896","edge_72_17",11
"1897","edge_957_5",11
"1898","edge_959_21",11
"1899","virus_comp_10080_cycle_1_1",10
"1900","virus_comp_10304_cycle_1_3",10
"1901","virus_comp_11_cycle_1_11",10
"1902","virus_comp_1102_cycle_1_7",10
"1903","virus_comp_1131_cycle_2_29",10
"1904","virus_comp_1133_cycle_1_9",10
"1905","virus_comp_1142_cycle_1_3",10
"1906","virus_comp_1144_cycle_1_2",10
"1907","virus_comp_1171_cycle_1_7",10
"1908","virus_comp_12_cycle_1_1",10
"1909","virus_comp_12579_cycle_1_1",10
"1910","virus_comp_126_cycle_1_209",10
"1911","virus_comp_1260_cycle_2_19",10
"1912","virus_comp_1299_cycle_2_1",10
"1913","virus_comp_13_cycle_1_2",10
"1914","virus_comp_13388_cycle_1_2",10
"1915","virus_comp_1342_cycle_1_10",10
"1916","virus_comp_1342_cycle_1_11",10
"1917","virus_comp_1342_cycle_1_20",10
"1918","virus_comp_13460_cycle_1_3",10
"1919","virus_comp_135_cycle_1_6",10
"1920","virus_comp_13500_cycle_1_1",10
"1921","virus_comp_13909_cycle_1_1",10
"1922","virus_comp_1430_cycle_1_20",10
"1923","virus_comp_150_cycle_1_155",10
"1924","virus_comp_150_cycle_1_19",10
"1925","virus_comp_150_cycle_1_196",10
"1926","virus_comp_150_cycle_1_36",10
"1927","virus_comp_150_cycle_1_44",10
"1928","virus_comp_150_cycle_1_45",10
"1929","virus_comp_150_cycle_1_65",10
"1930","virus_comp_150_cycle_1_81",10
"1931","virus_comp_1517_cycle_1_10",10
"1932","virus_comp_1518_cycle_1_21",10
"1933","virus_comp_155_cycle_1_101",10
"1934","virus_comp_155_cycle_1_102",10
"1935","virus_comp_155_cycle_1_104",10
"1936","virus_comp_155_cycle_1_106",10
"1937","virus_comp_155_cycle_1_109",10
"1938","virus_comp_155_cycle_1_110",10
"1939","virus_comp_155_cycle_1_121",10
"1940","virus_comp_155_cycle_1_124",10
"1941","virus_comp_155_cycle_1_125",10
"1942","virus_comp_155_cycle_1_131",10
"1943","virus_comp_155_cycle_1_132",10
"1944","virus_comp_155_cycle_1_135",10
"1945","virus_comp_155_cycle_1_14",10
"1946","virus_comp_155_cycle_1_140",10
"1947","virus_comp_155_cycle_1_151",10
"1948","virus_comp_155_cycle_1_152",10
"1949","virus_comp_155_cycle_1_153",10
"1950","virus_comp_155_cycle_1_155",10
"1951","virus_comp_155_cycle_1_156",10
"1952","virus_comp_155_cycle_1_157",10
"1953","virus_comp_155_cycle_1_158",10
"1954","virus_comp_155_cycle_1_162",10
"1955","virus_comp_155_cycle_1_165",10
"1956","virus_comp_155_cycle_1_169",10
"1957","virus_comp_155_cycle_1_171",10
"1958","virus_comp_155_cycle_1_173",10
"1959","virus_comp_155_cycle_1_174",10
"1960","virus_comp_155_cycle_1_176",10
"1961","virus_comp_155_cycle_1_177",10
"1962","virus_comp_155_cycle_1_179",10
"1963","virus_comp_155_cycle_1_185",10
"1964","virus_comp_155_cycle_1_186",10
"1965","virus_comp_155_cycle_1_189",10
"1966","virus_comp_155_cycle_1_190",10
"1967","virus_comp_155_cycle_1_192",10
"1968","virus_comp_155_cycle_1_193",10
"1969","virus_comp_155_cycle_1_194",10
"1970","virus_comp_155_cycle_1_198",10
"1971","virus_comp_155_cycle_1_20",10
"1972","virus_comp_155_cycle_1_203",10
"1973","virus_comp_155_cycle_1_208",10
"1974","virus_comp_155_cycle_1_21",10
"1975","virus_comp_155_cycle_1_212",10
"1976","virus_comp_155_cycle_1_213",10
"1977","virus_comp_155_cycle_1_45",10
"1978","virus_comp_155_cycle_1_49",10
"1979","virus_comp_155_cycle_1_54",10
"1980","virus_comp_155_cycle_1_58",10
"1981","virus_comp_155_cycle_1_59",10
"1982","virus_comp_155_cycle_1_60",10
"1983","virus_comp_155_cycle_1_62",10
"1984","virus_comp_155_cycle_1_63",10
"1985","virus_comp_155_cycle_1_65",10
"1986","virus_comp_155_cycle_1_67",10
"1987","virus_comp_155_cycle_1_71",10
"1988","virus_comp_155_cycle_1_76",10
"1989","virus_comp_155_cycle_1_79",10
"1990","virus_comp_155_cycle_1_81",10
"1991","virus_comp_155_cycle_1_82",10
"1992","virus_comp_155_cycle_1_84",10
"1993","virus_comp_155_cycle_1_89",10
"1994","virus_comp_155_cycle_1_90",10
"1995","virus_comp_155_cycle_1_97",10
"1996","virus_comp_155_cycle_1_98",10
"1997","virus_comp_155_cycle_2_104",10
"1998","virus_comp_155_cycle_2_115",10
"1999","virus_comp_155_cycle_2_14",10
"2000","virus_comp_155_cycle_2_155",10
"2001","virus_comp_155_cycle_2_17",10
"2002","virus_comp_155_cycle_2_176",10
"2003","virus_comp_155_cycle_2_194",10
"2004","virus_comp_155_cycle_2_20",10
"2005","virus_comp_155_cycle_2_21",10
"2006","virus_comp_155_cycle_2_34",10
"2007","virus_comp_155_cycle_2_95",10
"2008","virus_comp_1559_cycle_1_14",10
"2009","virus_comp_1559_cycle_1_16",10
"2010","virus_comp_1562_cycle_1_10",10
"2011","virus_comp_1589_cycle_1_10",10
"2012","virus_comp_159_cycle_1_1",10
"2013","virus_comp_159_cycle_1_2",10
"2014","virus_comp_159_cycle_1_5",10
"2015","virus_comp_159_cycle_1_8",10
"2016","virus_comp_1597_cycle_1_1",10
"2017","virus_comp_1611_cycle_1_13",10
"2018","virus_comp_1611_cycle_1_14",10
"2019","virus_comp_1611_cycle_1_18",10
"2020","virus_comp_164_cycle_1_10",10
"2021","virus_comp_164_cycle_1_12",10
"2022","virus_comp_164_cycle_1_13",10
"2023","virus_comp_164_cycle_1_14",10
"2024","virus_comp_164_cycle_1_15",10
"2025","virus_comp_164_cycle_1_18",10
"2026","virus_comp_164_cycle_1_19",10
"2027","virus_comp_164_cycle_1_2",10
"2028","virus_comp_164_cycle_1_26",10
"2029","virus_comp_164_cycle_1_7",10
"2030","virus_comp_164_cycle_1_9",10
"2031","virus_comp_1660_cycle_1_12",10
"2032","virus_comp_16692_cycle_1_1",10
"2033","virus_comp_167_cycle_1_7",10
"2034","virus_comp_17289_cycle_1_2",10
"2035","virus_comp_17772_cycle_1_11",10
"2036","virus_comp_17772_cycle_1_3",10
"2037","virus_comp_17789_cycle_1_10",10
"2038","virus_comp_17789_cycle_1_20",10
"2039","virus_comp_17789_cycle_1_9",10
"2040","virus_comp_17837_cycle_1_9",10
"2041","virus_comp_17840_cycle_1_44",10
"2042","virus_comp_17846_cycle_1_10",10
"2043","virus_comp_17848_cycle_1_4",10
"2044","virus_comp_17849_cycle_1_3",10
"2045","virus_comp_17870_cycle_1_6",10
"2046","virus_comp_17896_cycle_1_2",10
"2047","virus_comp_17896_cycle_1_4",10
"2048","virus_comp_17896_cycle_1_7",10
"2049","virus_comp_17903_cycle_1_3",10
"2050","virus_comp_17917_cycle_1_5",10
"2051","virus_comp_17920_cycle_1_2",10
"2052","virus_comp_17932_cycle_1_1",10
"2053","virus_comp_17932_cycle_1_2",10
"2054","virus_comp_17932_cycle_1_3",10
"2055","virus_comp_17934_cycle_1_1",10
"2056","virus_comp_17935_cycle_1_14",10
"2057","virus_comp_17935_cycle_1_22",10
"2058","virus_comp_17959_cycle_1_10",10
"2059","virus_comp_17959_cycle_1_12",10
"2060","virus_comp_17971_cycle_1_4",10
"2061","virus_comp_17992_cycle_1_11",10
"2062","virus_comp_18019_cycle_1_1",10
"2063","virus_comp_18020_cycle_1_16",10
"2064","virus_comp_18040_cycle_1_10",10
"2065","virus_comp_18042_cycle_1_11",10
"2066","virus_comp_18052_cycle_1_17",10
"2067","virus_comp_18054_cycle_1_15",10
"2068","virus_comp_18118_cycle_1_13",10
"2069","virus_comp_18126_cycle_1_3",10
"2070","virus_comp_18130_cycle_1_5",10
"2071","virus_comp_18131_cycle_1_6",10
"2072","virus_comp_18139_cycle_1_1",10
"2073","virus_comp_18139_cycle_1_6",10
"2074","virus_comp_18153_cycle_1_6",10
"2075","virus_comp_18166_cycle_1_1",10
"2076","virus_comp_18166_cycle_1_4",10
"2077","virus_comp_18166_cycle_1_5",10
"2078","virus_comp_18200_cycle_1_1",10
"2079","virus_comp_18230_cycle_1_8",10
"2080","virus_comp_18294_cycle_1_2",10
"2081","virus_comp_18294_cycle_1_3",10
"2082","virus_comp_18364_cycle_1_8",10
"2083","virus_comp_18495_cycle_1_3",10
"2084","virus_comp_1898_cycle_1_6",10
"2085","virus_comp_1898_cycle_1_7",10
"2086","virus_comp_193_cycle_1_159",10
"2087","virus_comp_1933_cycle_1_1",10
"2088","virus_comp_197_cycle_1_84",10
"2089","virus_comp_2008_cycle_1_5",10
"2090","virus_comp_2033_cycle_1_9",10
"2091","virus_comp_2050_cycle_1_1",10
"2092","virus_comp_2050_cycle_1_9",10
"2093","virus_comp_2089_cycle_1_12",10
"2094","virus_comp_2089_cycle_1_3",10
"2095","virus_comp_2089_cycle_1_4",10
"2096","virus_comp_2089_cycle_1_5",10
"2097","virus_comp_2089_cycle_1_7",10
"2098","virus_comp_2106_cycle_1_5",10
"2099","virus_comp_2133_cycle_1_13",10
"2100","virus_comp_2133_cycle_1_4",10
"2101","virus_comp_2136_cycle_1_5",10
"2102","virus_comp_2139_cycle_1_6",10
"2103","virus_comp_2166_cycle_1_6",10
"2104","virus_comp_2169_cycle_1_3",10
"2105","virus_comp_2171_cycle_1_2",10
"2106","virus_comp_2171_cycle_1_7",10
"2107","virus_comp_2171_cycle_1_8",10
"2108","virus_comp_2184_cycle_1_2",10
"2109","virus_comp_2188_cycle_1_7",10
"2110","virus_comp_2194_cycle_1_9",10
"2111","virus_comp_2204_cycle_1_7",10
"2112","virus_comp_2215_cycle_1_2",10
"2113","virus_comp_2215_cycle_1_3",10
"2114","virus_comp_2223_cycle_1_9",10
"2115","virus_comp_2239_cycle_1_10",10
"2116","virus_comp_2251_cycle_1_4",10
"2117","virus_comp_2254_cycle_1_9",10
"2118","virus_comp_2263_cycle_1_7",10
"2119","virus_comp_229_cycle_1_35",10
"2120","virus_comp_229_cycle_1_64",10
"2121","virus_comp_229_cycle_1_67",10
"2122","virus_comp_230_cycle_1_102",10
"2123","virus_comp_230_cycle_1_105",10
"2124","virus_comp_230_cycle_1_107",10
"2125","virus_comp_230_cycle_1_11",10
"2126","virus_comp_230_cycle_1_114",10
"2127","virus_comp_230_cycle_1_14",10
"2128","virus_comp_230_cycle_1_166",10
"2129","virus_comp_230_cycle_1_170",10
"2130","virus_comp_230_cycle_1_171",10
"2131","virus_comp_230_cycle_1_2",10
"2132","virus_comp_230_cycle_1_26",10
"2133","virus_comp_230_cycle_1_83",10
"2134","virus_comp_230_cycle_1_89",10
"2135","virus_comp_2311_cycle_1_13",10
"2136","virus_comp_2332_cycle_1_3",10
"2137","virus_comp_2340_cycle_1_1",10
"2138","virus_comp_2383_cycle_1_1",10
"2139","virus_comp_2383_cycle_1_3",10
"2140","virus_comp_2383_cycle_1_6",10
"2141","virus_comp_2385_cycle_1_3",10
"2142","virus_comp_2391_cycle_1_9",10
"2143","virus_comp_2393_cycle_1_3",10
"2144","virus_comp_2394_cycle_1_5",10
"2145","virus_comp_2394_cycle_1_7",10
"2146","virus_comp_2431_cycle_1_9",10
"2147","virus_comp_2440_cycle_1_4",10
"2148","virus_comp_2477_cycle_1_4",10
"2149","virus_comp_2484_cycle_1_3",10
"2150","virus_comp_2496_cycle_1_7",10
"2151","virus_comp_250_cycle_1_127",10
"2152","virus_comp_250_cycle_1_145",10
"2153","virus_comp_250_cycle_1_158",10
"2154","virus_comp_250_cycle_1_159",10
"2155","virus_comp_250_cycle_1_165",10
"2156","virus_comp_250_cycle_1_172",10
"2157","virus_comp_250_cycle_1_190",10
"2158","virus_comp_250_cycle_1_199",10
"2159","virus_comp_250_cycle_1_2",10
"2160","virus_comp_250_cycle_1_3",10
"2161","virus_comp_250_cycle_1_38",10
"2162","virus_comp_250_cycle_1_6",10
"2163","virus_comp_2506_cycle_1_3",10
"2164","virus_comp_2513_cycle_1_7",10
"2165","virus_comp_2530_cycle_1_9",10
"2166","virus_comp_2535_cycle_1_3",10
"2167","virus_comp_254_cycle_1_5",10
"2168","virus_comp_2572_cycle_1_4",10
"2169","virus_comp_2589_cycle_1_3",10
"2170","virus_comp_2589_cycle_1_7",10
"2171","virus_comp_2709_cycle_1_2",10
"2172","virus_comp_2803_cycle_1_4",10
"2173","virus_comp_29_cycle_1_78",10
"2174","virus_comp_2904_cycle_1_3",10
"2175","virus_comp_2923_cycle_1_1",10
"2176","virus_comp_2945_cycle_1_5",10
"2177","virus_comp_301_cycle_1_100",10
"2178","virus_comp_301_cycle_1_115",10
"2179","virus_comp_301_cycle_1_118",10
"2180","virus_comp_301_cycle_1_119",10
"2181","virus_comp_301_cycle_1_120",10
"2182","virus_comp_301_cycle_1_124",10
"2183","virus_comp_301_cycle_1_126",10
"2184","virus_comp_301_cycle_1_19",10
"2185","virus_comp_301_cycle_1_22",10
"2186","virus_comp_301_cycle_1_26",10
"2187","virus_comp_301_cycle_1_37",10
"2188","virus_comp_301_cycle_1_38",10
"2189","virus_comp_301_cycle_1_39",10
"2190","virus_comp_301_cycle_1_5",10
"2191","virus_comp_301_cycle_1_51",10
"2192","virus_comp_301_cycle_1_52",10
"2193","virus_comp_301_cycle_1_55",10
"2194","virus_comp_301_cycle_1_58",10
"2195","virus_comp_301_cycle_1_59",10
"2196","virus_comp_301_cycle_1_62",10
"2197","virus_comp_301_cycle_1_63",10
"2198","virus_comp_301_cycle_1_64",10
"2199","virus_comp_301_cycle_1_67",10
"2200","virus_comp_301_cycle_1_78",10
"2201","virus_comp_301_cycle_1_85",10
"2202","virus_comp_301_cycle_1_87",10
"2203","virus_comp_301_cycle_1_98",10
"2204","virus_comp_3067_cycle_1_1",10
"2205","virus_comp_3136_cycle_1_2",10
"2206","virus_comp_3167_cycle_1_2",10
"2207","virus_comp_330_cycle_1_38",10
"2208","virus_comp_330_cycle_1_39",10
"2209","virus_comp_330_cycle_1_48",10
"2210","virus_comp_332_cycle_1_6",10
"2211","virus_comp_34_cycle_1_1",10
"2212","virus_comp_34_cycle_1_13",10
"2213","virus_comp_3528_cycle_1_3",10
"2214","virus_comp_36_cycle_2_28",10
"2215","virus_comp_3621_cycle_1_4",10
"2216","virus_comp_3629_cycle_1_6",10
"2217","virus_comp_3732_cycle_1_4",10
"2218","virus_comp_3744_cycle_1_5",10
"2219","virus_comp_3755_cycle_1_3",10
"2220","virus_comp_384_cycle_1_2",10
"2221","virus_comp_392_cycle_1_1",10
"2222","virus_comp_4_cycle_1_2",10
"2223","virus_comp_400_cycle_3_10",10
"2224","virus_comp_407_cycle_1_10",10
"2225","virus_comp_4094_cycle_1_3",10
"2226","virus_comp_4337_cycle_1_1",10
"2227","virus_comp_4337_cycle_1_2",10
"2228","virus_comp_436_cycle_1_6",10
"2229","virus_comp_4442_cycle_1_1",10
"2230","virus_comp_454_cycle_1_11",10
"2231","virus_comp_457_cycle_1_2",10
"2232","virus_comp_4591_cycle_1_5",10
"2233","virus_comp_462_cycle_1_6",10
"2234","virus_comp_463_cycle_1_1",10
"2235","virus_comp_4768_cycle_1_6",10
"2236","virus_comp_505_cycle_1_21",10
"2237","virus_comp_505_cycle_1_9",10
"2238","virus_comp_5098_cycle_1_3",10
"2239","virus_comp_5321_cycle_1_3",10
"2240","virus_comp_5633_cycle_1_1",10
"2241","virus_comp_5922_cycle_1_3",10
"2242","virus_comp_593_cycle_1_23",10
"2243","virus_comp_593_cycle_1_28",10
"2244","virus_comp_593_cycle_1_63",10
"2245","virus_comp_593_cycle_1_91",10
"2246","virus_comp_593_cycle_1_95",10
"2247","virus_comp_593_cycle_1_96",10
"2248","virus_comp_595_cycle_1_1",10
"2249","virus_comp_597_cycle_1_4",10
"2250","virus_comp_60_cycle_1_23",10
"2251","virus_comp_608_cycle_1_6",10
"2252","virus_comp_613_cycle_1_18",10
"2253","virus_comp_62_cycle_1_14",10
"2254","virus_comp_62_cycle_1_15",10
"2255","virus_comp_62_cycle_1_20",10
"2256","virus_comp_62_cycle_1_22",10
"2257","virus_comp_62_cycle_1_33",10
"2258","virus_comp_62_cycle_1_36",10
"2259","virus_comp_62_cycle_1_38",10
"2260","virus_comp_62_cycle_1_47",10
"2261","virus_comp_62_cycle_1_56",10
"2262","virus_comp_62_cycle_1_6",10
"2263","virus_comp_6322_cycle_1_4",10
"2264","virus_comp_634_cycle_1_71",10
"2265","virus_comp_6380_cycle_1_4",10
"2266","virus_comp_6408_cycle_1_2",10
"2267","virus_comp_645_cycle_1_8",10
"2268","virus_comp_6645_cycle_1_1",10
"2269","virus_comp_67_cycle_1_11",10
"2270","virus_comp_67_cycle_1_30",10
"2271","virus_comp_67_cycle_1_5",10
"2272","virus_comp_69_cycle_1_4",10
"2273","virus_comp_6916_cycle_1_1",10
"2274","virus_comp_6999_cycle_1_2",10
"2275","virus_comp_713_cycle_1_2",10
"2276","virus_comp_7191_cycle_1_1",10
"2277","virus_comp_722_cycle_1_1",10
"2278","virus_comp_722_cycle_1_3",10
"2279","virus_comp_722_cycle_1_40",10
"2280","virus_comp_722_cycle_1_51",10
"2281","virus_comp_722_cycle_1_58",10
"2282","virus_comp_729_cycle_1_13",10
"2283","virus_comp_733_cycle_1_12",10
"2284","virus_comp_733_cycle_1_17",10
"2285","virus_comp_733_cycle_1_37",10
"2286","virus_comp_733_cycle_1_44",10
"2287","virus_comp_752_cycle_1_10",10
"2288","virus_comp_7718_cycle_1_2",10
"2289","virus_comp_7870_cycle_1_4",10
"2290","virus_comp_7900_cycle_1_1",10
"2291","virus_comp_81_cycle_1_2",10
"2292","virus_comp_811_cycle_1_1",10
"2293","virus_comp_811_cycle_1_3",10
"2294","virus_comp_8201_cycle_1_3",10
"2295","virus_comp_821_cycle_5_21",10
"2296","virus_comp_821_cycle_5_30",10
"2297","virus_comp_85_cycle_1_3",10
"2298","virus_comp_852_cycle_1_1",10
"2299","virus_comp_858_cycle_1_17",10
"2300","virus_comp_8731_cycle_1_5",10
"2301","virus_comp_875_cycle_1_5",10
"2302","virus_comp_88_cycle_1_6",10
"2303","virus_comp_9132_cycle_1_4",10
"2304","virus_comp_949_cycle_1_6",10
"2305","virus_comp_952_cycle_1_12",10
"2306","virus_comp_9681_cycle_1_3",10
"2307","virus_comp_971_cycle_1_9",10
"2308","virus_comp_9749_cycle_1_1",10
"2309","virus_comp_9749_cycle_1_3",10
"2310","virus_comp_9749_cycle_1_4",10
"2311","virus_comp_984_cycle_1_21",10
"2312","virus_comp_984_cycle_1_36",10
"2313","edge_1468_12",10
"2314","edge_1468_61",10
"2315","edge_1476_19",10
"2316","edge_1476_8",10
"2317","edge_1501_16",10
"2318","edge_1512_4",10
"2319","edge_1515_2",10
"2320","edge_16_18",10
"2321","edge_16_3",10
"2322","edge_1627_28",10
"2323","edge_1627_34",10
"2324","edge_1631_28",10
"2325","edge_1633_38",10
"2326","edge_1709_35",10
"2327","edge_1709_36",10
"2328","edge_1709_38",10
"2329","edge_1709_50",10
"2330","edge_1709_51",10
"2331","edge_1732_19",10
"2332","edge_1732_29",10
"2333","edge_1732_31",10
"2334","edge_1732_32",10
"2335","edge_1732_34",10
"2336","edge_1732_35",10
"2337","edge_1732_39",10
"2338","edge_1732_40",10
"2339","edge_1732_41",10
"2340","edge_1732_42",10
"2341","edge_1732_53",10
"2342","edge_1732_59",10
"2343","edge_1732_7",10
"2344","edge_1732_78",10
"2345","edge_1732_9",10
"2346","edge_1847_13",10
"2347","edge_1847_18",10
"2348","edge_1847_23",10
"2349","edge_1847_3",10
"2350","edge_1847_30",10
"2351","edge_1847_34",10
"2352","edge_1847_35",10
"2353","edge_1847_44",10
"2354","edge_1989_54",10
"2355","edge_2044_12",10
"2356","edge_2044_38",10
"2357","edge_2104_4",10
"2358","edge_2194_12",10
"2359","edge_2381_22",10
"2360","edge_2381_23",10
"2361","edge_2381_24",10
"2362","edge_2381_25",10
"2363","edge_2381_32",10
"2364","edge_2381_36",10
"2365","edge_2381_7",10
"2366","edge_2461_2",10
"2367","edge_2461_24",10
"2368","edge_2461_25",10
"2369","edge_2484_15",10
"2370","edge_2484_39",10
"2371","edge_2484_43",10
"2372","edge_2486_25",10
"2373","edge_2486_36",10
"2374","edge_2486_4",10
"2375","edge_263_32",10
"2376","edge_263_33",10
"2377","edge_2654_2",10
"2378","edge_284_8",10
"2379","edge_294_18",10
"2380","edge_294_35",10
"2381","edge_295_50",10
"2382","edge_295_58",10
"2383","edge_303_4",10
"2384","edge_303_8",10
"2385","edge_305_3",10
"2386","edge_306_2",10
"2387","edge_329_2",10
"2388","edge_330_23",10
"2389","edge_330_30",10
"2390","edge_3513_16",10
"2391","edge_3739_20",10
"2392","edge_4_1",10
"2393","edge_4_25",10
"2394","edge_4_43",10
"2395","edge_4_67",10
"2396","edge_48662_19",10
"2397","edge_48732_25",10
"2398","edge_48732_27",10
"2399","edge_48732_28",10
"2400","edge_48879_1",10
"2401","edge_48879_2",10
"2402","edge_61_1",10
"2403","edge_61_17",10
"2404","edge_61_19",10
"2405","edge_61_28",10
"2406","edge_61_32",10
"2407","edge_61_36",10
"2408","edge_61_37",10
"2409","edge_61_38",10
"2410","edge_72_12",10
"2411","edge_72_2",10
"2412","edge_72_4",10
"2413","edge_957_27",10
"2414","edge_959_20",10
"2415","edge_959_22",10
"2416","edge_959_46",10
"2417","edge_959_52",10
"2418","edge_959_6",10
"2419","edge_959_7",10
"2420","virus_comp_10080_cycle_1_4",9
"2421","virus_comp_1020_cycle_1_6",9
"2422","virus_comp_1020_cycle_1_7",9
"2423","virus_comp_1035_cycle_1_4",9
"2424","virus_comp_1036_cycle_1_3",9
"2425","virus_comp_105_cycle_1_1",9
"2426","virus_comp_10500_cycle_1_2",9
"2427","virus_comp_1058_cycle_1_14",9
"2428","virus_comp_10609_cycle_1_2",9
"2429","virus_comp_1069_cycle_1_4",9
"2430","virus_comp_1073_cycle_1_1",9
"2431","virus_comp_1073_cycle_1_4",9
"2432","virus_comp_10749_cycle_1_2",9
"2433","virus_comp_10784_cycle_1_1",9
"2434","virus_comp_10784_cycle_1_2",9
"2435","virus_comp_1086_cycle_1_22",9
"2436","virus_comp_1086_cycle_1_7",9
"2437","virus_comp_11_cycle_1_1",9
"2438","virus_comp_1102_cycle_1_8",9
"2439","virus_comp_1131_cycle_2_17",9
"2440","virus_comp_1131_cycle_2_2",9
"2441","virus_comp_1135_cycle_1_1",9
"2442","virus_comp_11443_cycle_1_1",9
"2443","virus_comp_1146_cycle_3_18",9
"2444","virus_comp_11683_cycle_1_1",9
"2445","virus_comp_1171_cycle_1_8",9
"2446","virus_comp_1173_cycle_1_14",9
"2447","virus_comp_1173_cycle_1_18",9
"2448","virus_comp_12269_cycle_1_1",9
"2449","virus_comp_12390_cycle_1_2",9
"2450","virus_comp_12586_cycle_1_2",9
"2451","virus_comp_126_cycle_1_193",9
"2452","virus_comp_126_cycle_1_208",9
"2453","virus_comp_126_cycle_1_211",9
"2454","virus_comp_1260_cycle_2_18",9
"2455","virus_comp_12725_cycle_1_2",9
"2456","virus_comp_1299_cycle_2_10",9
"2457","virus_comp_1299_cycle_2_9",9
"2458","virus_comp_13158_cycle_1_2",9
"2459","virus_comp_13350_cycle_1_3",9
"2460","virus_comp_1340_cycle_1_2",9
"2461","virus_comp_1342_cycle_1_19",9
"2462","virus_comp_1342_cycle_1_9",9
"2463","virus_comp_135_cycle_1_7",9
"2464","virus_comp_1364_cycle_1_9",9
"2465","virus_comp_14703_cycle_1_1",9
"2466","virus_comp_14858_cycle_1_1",9
"2467","virus_comp_14858_cycle_1_2",9
"2468","virus_comp_150_cycle_1_131",9
"2469","virus_comp_150_cycle_1_149",9
"2470","virus_comp_150_cycle_1_152",9
"2471","virus_comp_150_cycle_1_157",9
"2472","virus_comp_150_cycle_1_198",9
"2473","virus_comp_150_cycle_1_203",9
"2474","virus_comp_150_cycle_1_30",9
"2475","virus_comp_150_cycle_1_33",9
"2476","virus_comp_150_cycle_1_35",9
"2477","virus_comp_150_cycle_1_72",9
"2478","virus_comp_1517_cycle_1_24",9
"2479","virus_comp_152_cycle_1_1",9
"2480","virus_comp_152_cycle_1_3",9
"2481","virus_comp_15364_cycle_1_2",9
"2482","virus_comp_155_cycle_1_126",9
"2483","virus_comp_155_cycle_1_136",9
"2484","virus_comp_155_cycle_1_137",9
"2485","virus_comp_155_cycle_1_138",9
"2486","virus_comp_155_cycle_1_139",9
"2487","virus_comp_155_cycle_1_142",9
"2488","virus_comp_155_cycle_1_17",9
"2489","virus_comp_155_cycle_1_205",9
"2490","virus_comp_155_cycle_1_210",9
"2491","virus_comp_155_cycle_1_39",9
"2492","virus_comp_155_cycle_1_44",9
"2493","virus_comp_155_cycle_1_53",9
"2494","virus_comp_155_cycle_2_101",9
"2495","virus_comp_155_cycle_2_120",9
"2496","virus_comp_155_cycle_2_134",9
"2497","virus_comp_155_cycle_2_143",9
"2498","virus_comp_155_cycle_2_144",9
"2499","virus_comp_155_cycle_2_157",9
"2500","virus_comp_155_cycle_2_160",9
"2501","virus_comp_155_cycle_2_178",9
"2502","virus_comp_155_cycle_2_40",9
"2503","virus_comp_155_cycle_2_48",9
"2504","virus_comp_155_cycle_2_70",9
"2505","virus_comp_155_cycle_2_82",9
"2506","virus_comp_155_cycle_2_84",9
"2507","virus_comp_155_cycle_2_85",9
"2508","virus_comp_155_cycle_2_86",9
"2509","virus_comp_155_cycle_2_89",9
"2510","virus_comp_155_cycle_2_93",9
"2511","virus_comp_155_cycle_2_94",9
"2512","virus_comp_155_cycle_2_96",9
"2513","virus_comp_1562_cycle_1_11",9
"2514","virus_comp_1613_cycle_1_2",9
"2515","virus_comp_1613_cycle_1_5",9
"2516","virus_comp_16215_cycle_1_1",9
"2517","virus_comp_163_cycle_1_28",9
"2518","virus_comp_163_cycle_1_9",9
"2519","virus_comp_16335_cycle_1_2",9
"2520","virus_comp_16363_cycle_1_2",9
"2521","virus_comp_16393_cycle_1_1",9
"2522","virus_comp_164_cycle_1_28",9
"2523","virus_comp_1660_cycle_1_13",9
"2524","virus_comp_16658_cycle_1_2",9
"2525","virus_comp_16682_cycle_1_1",9
"2526","virus_comp_167_cycle_1_6",9
"2527","virus_comp_16893_cycle_1_1",9
"2528","virus_comp_17302_cycle_1_1",9
"2529","virus_comp_17302_cycle_1_2",9
"2530","virus_comp_1740_cycle_1_2",9
"2531","virus_comp_17772_cycle_1_10",9
"2532","virus_comp_17772_cycle_1_7",9
"2533","virus_comp_17778_cycle_1_5",9
"2534","virus_comp_17787_cycle_1_6",9
"2535","virus_comp_17797_cycle_1_3",9
"2536","virus_comp_17817_cycle_1_54",9
"2537","virus_comp_17822_cycle_1_19",9
"2538","virus_comp_17832_cycle_1_3",9
"2539","virus_comp_17837_cycle_1_10",9
"2540","virus_comp_17837_cycle_1_7",9
"2541","virus_comp_17846_cycle_1_6",9
"2542","virus_comp_17848_cycle_1_1",9
"2543","virus_comp_17860_cycle_1_55",9
"2544","virus_comp_17861_cycle_1_51",9
"2545","virus_comp_17861_cycle_1_52",9
"2546","virus_comp_17862_cycle_1_7",9
"2547","virus_comp_17862_cycle_1_9",9
"2548","virus_comp_17870_cycle_1_2",9
"2549","virus_comp_17870_cycle_1_4",9
"2550","virus_comp_17874_cycle_1_2",9
"2551","virus_comp_17889_cycle_1_25",9
"2552","virus_comp_17889_cycle_1_31",9
"2553","virus_comp_17889_cycle_1_36",9
"2554","virus_comp_17889_cycle_1_37",9
"2555","virus_comp_17889_cycle_1_63",9
"2556","virus_comp_17889_cycle_1_67",9
"2557","virus_comp_17896_cycle_1_8",9
"2558","virus_comp_17896_cycle_1_9",9
"2559","virus_comp_17898_cycle_1_4",9
"2560","virus_comp_17899_cycle_1_2",9
"2561","virus_comp_17903_cycle_1_14",9
"2562","virus_comp_17903_cycle_1_27",9
"2563","virus_comp_17903_cycle_1_31",9
"2564","virus_comp_17903_cycle_1_33",9
"2565","virus_comp_17903_cycle_1_41",9
"2566","virus_comp_17903_cycle_1_5",9
"2567","virus_comp_17907_cycle_1_28",9
"2568","virus_comp_17910_cycle_1_33",9
"2569","virus_comp_17910_cycle_1_41",9
"2570","virus_comp_17914_cycle_1_5",9
"2571","virus_comp_17920_cycle_1_22",9
"2572","virus_comp_17920_cycle_1_3",9
"2573","virus_comp_17932_cycle_1_4",9
"2574","virus_comp_17934_cycle_1_6",9
"2575","virus_comp_17935_cycle_1_11",9
"2576","virus_comp_17945_cycle_1_11",9
"2577","virus_comp_1795_cycle_1_5",9
"2578","virus_comp_17959_cycle_1_1",9
"2579","virus_comp_17959_cycle_1_11",9
"2580","virus_comp_17959_cycle_1_13",9
"2581","virus_comp_17959_cycle_1_3",9
"2582","virus_comp_17959_cycle_1_4",9
"2583","virus_comp_17959_cycle_1_5",9
"2584","virus_comp_17959_cycle_1_6",9
"2585","virus_comp_17963_cycle_1_6",9
"2586","virus_comp_17971_cycle_1_12",9
"2587","virus_comp_17971_cycle_1_13",9
"2588","virus_comp_17980_cycle_1_7",9
"2589","virus_comp_17980_cycle_1_9",9
"2590","virus_comp_17992_cycle_1_2",9
"2591","virus_comp_18003_cycle_1_2",9
"2592","virus_comp_18004_cycle_1_5",9
"2593","virus_comp_18020_cycle_1_4",9
"2594","virus_comp_18028_cycle_1_1",9
"2595","virus_comp_18033_cycle_1_1",9
"2596","virus_comp_18040_cycle_1_14",9
"2597","virus_comp_18053_cycle_1_10",9
"2598","virus_comp_18118_cycle_1_10",9
"2599","virus_comp_18118_cycle_1_5",9
"2600","virus_comp_18118_cycle_1_8",9
"2601","virus_comp_18120_cycle_1_5",9
"2602","virus_comp_18123_cycle_1_5",9
"2603","virus_comp_18128_cycle_1_9",9
"2604","virus_comp_18132_cycle_1_4",9
"2605","virus_comp_18142_cycle_1_3",9
"2606","virus_comp_18153_cycle_1_7",9
"2607","virus_comp_18162_cycle_1_5",9
"2608","virus_comp_18166_cycle_1_3",9
"2609","virus_comp_18170_cycle_1_3",9
"2610","virus_comp_18186_cycle_1_1",9
"2611","virus_comp_18186_cycle_1_9",9
"2612","virus_comp_18200_cycle_1_10",9
"2613","virus_comp_18200_cycle_1_2",9
"2614","virus_comp_18206_cycle_1_5",9
"2615","virus_comp_18206_cycle_1_9",9
"2616","virus_comp_18230_cycle_1_10",9
"2617","virus_comp_18240_cycle_1_10",9
"2618","virus_comp_18240_cycle_1_8",9
"2619","virus_comp_18243_cycle_1_4",9
"2620","virus_comp_18289_cycle_1_6",9
"2621","virus_comp_18294_cycle_1_4",9
"2622","virus_comp_18362_cycle_1_4",9
"2623","virus_comp_18383_cycle_1_6",9
"2624","virus_comp_18441_cycle_1_2",9
"2625","virus_comp_18547_cycle_1_1",9
"2626","virus_comp_195_cycle_1_15",9
"2627","virus_comp_195_cycle_1_21",9
"2628","virus_comp_195_cycle_1_28",9
"2629","virus_comp_195_cycle_1_29",9
"2630","virus_comp_195_cycle_1_4",9
"2631","virus_comp_195_cycle_1_51",9
"2632","virus_comp_195_cycle_1_6",9
"2633","virus_comp_195_cycle_1_96",9
"2634","virus_comp_1968_cycle_1_7",9
"2635","virus_comp_197_cycle_1_103",9
"2636","virus_comp_197_cycle_1_60",9
"2637","virus_comp_197_cycle_1_65",9
"2638","virus_comp_197_cycle_1_83",9
"2639","virus_comp_197_cycle_1_90",9
"2640","virus_comp_201_cycle_1_2",9
"2641","virus_comp_2024_cycle_1_9",9
"2642","virus_comp_2028_cycle_1_8",9
"2643","virus_comp_2033_cycle_1_6",9
"2644","virus_comp_2050_cycle_1_3",9
"2645","virus_comp_2088_cycle_1_3",9
"2646","virus_comp_2088_cycle_1_4",9
"2647","virus_comp_2088_cycle_1_7",9
"2648","virus_comp_2106_cycle_1_4",9
"2649","virus_comp_2119_cycle_1_3",9
"2650","virus_comp_2133_cycle_1_5",9
"2651","virus_comp_2136_cycle_1_4",9
"2652","virus_comp_2136_cycle_1_6",9
"2653","virus_comp_2146_cycle_1_3",9
"2654","virus_comp_2169_cycle_1_12",9
"2655","virus_comp_2170_cycle_1_8",9
"2656","virus_comp_219_cycle_1_6",9
"2657","virus_comp_2195_cycle_1_4",9
"2658","virus_comp_2204_cycle_1_1",9
"2659","virus_comp_2216_cycle_1_11",9
"2660","virus_comp_2216_cycle_1_5",9
"2661","virus_comp_2223_cycle_1_13",9
"2662","virus_comp_2223_cycle_1_3",9
"2663","virus_comp_2254_cycle_1_6",9
"2664","virus_comp_2263_cycle_1_1",9
"2665","virus_comp_2263_cycle_1_4",9
"2666","virus_comp_2266_cycle_1_7",9
"2667","virus_comp_2273_cycle_1_4",9
"2668","virus_comp_229_cycle_1_37",9
"2669","virus_comp_230_cycle_1_111",9
"2670","virus_comp_230_cycle_1_143",9
"2671","virus_comp_230_cycle_1_176",9
"2672","virus_comp_230_cycle_1_3",9
"2673","virus_comp_230_cycle_1_38",9
"2674","virus_comp_2311_cycle_1_14",9
"2675","virus_comp_2332_cycle_1_10",9
"2676","virus_comp_2343_cycle_1_5",9
"2677","virus_comp_2343_cycle_1_6",9
"2678","virus_comp_2383_cycle_1_8",9
"2679","virus_comp_2384_cycle_1_8",9
"2680","virus_comp_2393_cycle_1_6",9
"2681","virus_comp_2394_cycle_1_8",9
"2682","virus_comp_2396_cycle_1_4",9
"2683","virus_comp_2431_cycle_1_1",9
"2684","virus_comp_2432_cycle_1_8",9
"2685","virus_comp_2440_cycle_1_3",9
"2686","virus_comp_247_cycle_1_4",9
"2687","virus_comp_2496_cycle_1_6",9
"2688","virus_comp_250_cycle_1_101",9
"2689","virus_comp_250_cycle_1_104",9
"2690","virus_comp_250_cycle_1_106",9
"2691","virus_comp_250_cycle_1_138",9
"2692","virus_comp_250_cycle_1_144",9
"2693","virus_comp_250_cycle_1_151",9
"2694","virus_comp_250_cycle_1_156",9
"2695","virus_comp_250_cycle_1_162",9
"2696","virus_comp_250_cycle_1_177",9
"2697","virus_comp_250_cycle_1_189",9
"2698","virus_comp_250_cycle_1_198",9
"2699","virus_comp_250_cycle_1_225",9
"2700","virus_comp_250_cycle_1_230",9
"2701","virus_comp_250_cycle_1_231",9
"2702","virus_comp_250_cycle_1_232",9
"2703","virus_comp_250_cycle_1_237",9
"2704","virus_comp_250_cycle_1_246",9
"2705","virus_comp_250_cycle_1_247",9
"2706","virus_comp_250_cycle_1_248",9
"2707","virus_comp_250_cycle_1_260",9
"2708","virus_comp_250_cycle_1_262",9
"2709","virus_comp_250_cycle_1_263",9
"2710","virus_comp_250_cycle_1_29",9
"2711","virus_comp_250_cycle_1_45",9
"2712","virus_comp_250_cycle_1_47",9
"2713","virus_comp_250_cycle_1_5",9
"2714","virus_comp_250_cycle_1_57",9
"2715","virus_comp_250_cycle_1_58",9
"2716","virus_comp_250_cycle_1_65",9
"2717","virus_comp_250_cycle_1_66",9
"2718","virus_comp_250_cycle_1_68",9
"2719","virus_comp_250_cycle_1_69",9
"2720","virus_comp_250_cycle_1_72",9
"2721","virus_comp_250_cycle_1_81",9
"2722","virus_comp_250_cycle_1_82",9
"2723","virus_comp_2530_cycle_1_7",9
"2724","virus_comp_2535_cycle_1_6",9
"2725","virus_comp_2552_cycle_1_4",9
"2726","virus_comp_2554_cycle_1_3",9
"2727","virus_comp_2589_cycle_1_4",9
"2728","virus_comp_2638_cycle_1_7",9
"2729","virus_comp_2709_cycle_1_4",9
"2730","virus_comp_2739_cycle_1_3",9
"2731","virus_comp_277_cycle_1_2",9
"2732","virus_comp_2838_cycle_1_6",9
"2733","virus_comp_2864_cycle_1_2",9
"2734","virus_comp_2923_cycle_1_2",9
"2735","virus_comp_2923_cycle_1_8",9
"2736","virus_comp_2928_cycle_1_7",9
"2737","virus_comp_2945_cycle_1_6",9
"2738","virus_comp_2945_cycle_1_8",9
"2739","virus_comp_296_cycle_1_6",9
"2740","virus_comp_2968_cycle_1_7",9
"2741","virus_comp_3_cycle_1_4",9
"2742","virus_comp_3003_cycle_1_3",9
"2743","virus_comp_301_cycle_1_103",9
"2744","virus_comp_301_cycle_1_107",9
"2745","virus_comp_301_cycle_1_11",9
"2746","virus_comp_301_cycle_1_113",9
"2747","virus_comp_301_cycle_1_121",9
"2748","virus_comp_301_cycle_1_20",9
"2749","virus_comp_301_cycle_1_29",9
"2750","virus_comp_301_cycle_1_3",9
"2751","virus_comp_301_cycle_1_41",9
"2752","virus_comp_301_cycle_1_50",9
"2753","virus_comp_301_cycle_1_61",9
"2754","virus_comp_301_cycle_1_65",9
"2755","virus_comp_301_cycle_1_77",9
"2756","virus_comp_301_cycle_1_80",9
"2757","virus_comp_301_cycle_1_82",9
"2758","virus_comp_301_cycle_1_83",9
"2759","virus_comp_301_cycle_1_86",9
"2760","virus_comp_301_cycle_1_94",9
"2761","virus_comp_3067_cycle_1_10",9
"2762","virus_comp_3124_cycle_1_5",9
"2763","virus_comp_3136_cycle_1_6",9
"2764","virus_comp_3157_cycle_1_7",9
"2765","virus_comp_3167_cycle_1_3",9
"2766","virus_comp_3216_cycle_1_8",9
"2767","virus_comp_3236_cycle_1_11",9
"2768","virus_comp_3236_cycle_1_2",9
"2769","virus_comp_3264_cycle_1_9",9
"2770","virus_comp_3464_cycle_1_1",9
"2771","virus_comp_358_cycle_1_13",9
"2772","virus_comp_358_cycle_1_18",9
"2773","virus_comp_358_cycle_1_2",9
"2774","virus_comp_36_cycle_2_102",9
"2775","virus_comp_36_cycle_2_24",9
"2776","virus_comp_36_cycle_2_30",9
"2777","virus_comp_36_cycle_2_73",9
"2778","virus_comp_3616_cycle_1_4",9
"2779","virus_comp_3663_cycle_1_2",9
"2780","virus_comp_3720_cycle_1_7",9
"2781","virus_comp_3775_cycle_1_4",9
"2782","virus_comp_3797_cycle_1_2",9
"2783","virus_comp_3808_cycle_1_2",9
"2784","virus_comp_3850_cycle_1_1",9
"2785","virus_comp_3877_cycle_1_2",9
"2786","virus_comp_391_cycle_1_1",9
"2787","virus_comp_391_cycle_1_22",9
"2788","virus_comp_3946_cycle_1_2",9
"2789","virus_comp_3961_cycle_1_3",9
"2790","virus_comp_3961_cycle_1_4",9
"2791","virus_comp_400_cycle_3_3",9
"2792","virus_comp_400_cycle_3_36",9
"2793","virus_comp_407_cycle_1_20",9
"2794","virus_comp_4251_cycle_1_1",9
"2795","virus_comp_4270_cycle_1_1",9
"2796","virus_comp_4270_cycle_1_4",9
"2797","virus_comp_4341_cycle_1_3",9
"2798","virus_comp_4360_cycle_1_5",9
"2799","virus_comp_439_cycle_1_31",9
"2800","virus_comp_4503_cycle_1_3",9
"2801","virus_comp_457_cycle_1_3",9
"2802","virus_comp_462_cycle_1_9",9
"2803","virus_comp_465_cycle_1_2",9
"2804","virus_comp_465_cycle_1_20",9
"2805","virus_comp_465_cycle_1_3",9
"2806","virus_comp_491_cycle_1_1",9
"2807","virus_comp_4933_cycle_1_2",9
"2808","virus_comp_4933_cycle_1_7",9
"2809","virus_comp_501_cycle_1_8",9
"2810","virus_comp_505_cycle_1_11",9
"2811","virus_comp_505_cycle_1_19",9
"2812","virus_comp_505_cycle_1_2",9
"2813","virus_comp_505_cycle_1_4",9
"2814","virus_comp_506_cycle_1_2",9
"2815","virus_comp_506_cycle_1_4",9
"2816","virus_comp_5084_cycle_1_6",9
"2817","virus_comp_527_cycle_1_1",9
"2818","virus_comp_527_cycle_1_10",9
"2819","virus_comp_529_cycle_1_5",9
"2820","virus_comp_5304_cycle_1_2",9
"2821","virus_comp_5339_cycle_1_4",9
"2822","virus_comp_536_cycle_1_3",9
"2823","virus_comp_561_cycle_1_3",9
"2824","virus_comp_562_cycle_1_12",9
"2825","virus_comp_562_cycle_1_14",9
"2826","virus_comp_562_cycle_1_16",9
"2827","virus_comp_562_cycle_1_19",9
"2828","virus_comp_5634_cycle_1_1",9
"2829","virus_comp_564_cycle_1_14",9
"2830","virus_comp_564_cycle_1_15",9
"2831","virus_comp_564_cycle_1_9",9
"2832","virus_comp_587_cycle_1_18",9
"2833","virus_comp_587_cycle_1_31",9
"2834","virus_comp_589_cycle_1_2",9
"2835","virus_comp_589_cycle_1_53",9
"2836","virus_comp_590_cycle_2_10",9
"2837","virus_comp_590_cycle_2_35",9
"2838","virus_comp_593_cycle_1_111",9
"2839","virus_comp_593_cycle_1_118",9
"2840","virus_comp_5946_cycle_1_3",9
"2841","virus_comp_595_cycle_1_5",9
"2842","virus_comp_60_cycle_1_27",9
"2843","virus_comp_608_cycle_1_5",9
"2844","virus_comp_6129_cycle_1_3",9
"2845","virus_comp_613_cycle_1_1",9
"2846","virus_comp_613_cycle_1_14",9
"2847","virus_comp_613_cycle_1_15",9
"2848","virus_comp_613_cycle_1_17",9
"2849","virus_comp_613_cycle_1_23",9
"2850","virus_comp_613_cycle_1_24",9
"2851","virus_comp_6161_cycle_1_1",9
"2852","virus_comp_6161_cycle_1_2",9
"2853","virus_comp_62_cycle_1_13",9
"2854","virus_comp_62_cycle_1_18",9
"2855","virus_comp_62_cycle_1_3",9
"2856","virus_comp_62_cycle_1_35",9
"2857","virus_comp_62_cycle_1_41",9
"2858","virus_comp_62_cycle_1_44",9
"2859","virus_comp_62_cycle_1_46",9
"2860","virus_comp_62_cycle_1_5",9
"2861","virus_comp_6315_cycle_1_6",9
"2862","virus_comp_645_cycle_1_7",9
"2863","virus_comp_67_cycle_1_6",9
"2864","virus_comp_69_cycle_1_23",9
"2865","virus_comp_6955_cycle_1_4",9
"2866","virus_comp_708_cycle_1_10",9
"2867","virus_comp_720_cycle_1_33",9
"2868","virus_comp_722_cycle_1_53",9
"2869","virus_comp_722_cycle_1_55",9
"2870","virus_comp_722_cycle_1_61",9
"2871","virus_comp_724_cycle_1_2",9
"2872","virus_comp_729_cycle_1_14",9
"2873","virus_comp_729_cycle_1_16",9
"2874","virus_comp_729_cycle_1_46",9
"2875","virus_comp_729_cycle_1_5",9
"2876","virus_comp_729_cycle_1_58",9
"2877","virus_comp_729_cycle_1_6",9
"2878","virus_comp_732_cycle_1_5",9
"2879","virus_comp_733_cycle_1_35",9
"2880","virus_comp_733_cycle_1_36",9
"2881","virus_comp_733_cycle_1_47",9
"2882","virus_comp_7350_cycle_1_4",9
"2883","virus_comp_7391_cycle_1_5",9
"2884","virus_comp_7998_cycle_1_3",9
"2885","virus_comp_7998_cycle_1_6",9
"2886","virus_comp_808_cycle_4_19",9
"2887","virus_comp_8146_cycle_1_2",9
"2888","virus_comp_821_cycle_5_14",9
"2889","virus_comp_821_cycle_5_15",9
"2890","virus_comp_821_cycle_5_16",9
"2891","virus_comp_821_cycle_5_2",9
"2892","virus_comp_821_cycle_5_20",9
"2893","virus_comp_821_cycle_5_25",9
"2894","virus_comp_821_cycle_5_27",9
"2895","virus_comp_821_cycle_5_3",9
"2896","virus_comp_821_cycle_5_49",9
"2897","virus_comp_8241_cycle_1_3",9
"2898","virus_comp_8499_cycle_1_4",9
"2899","virus_comp_853_cycle_1_25",9
"2900","virus_comp_853_cycle_1_43",9
"2901","virus_comp_853_cycle_1_61",9
"2902","virus_comp_858_cycle_1_18",9
"2903","virus_comp_858_cycle_1_31",9
"2904","virus_comp_858_cycle_1_33",9
"2905","virus_comp_858_cycle_1_40",9
"2906","virus_comp_8593_cycle_1_1",9
"2907","virus_comp_86_cycle_1_2",9
"2908","virus_comp_86_cycle_1_4",9
"2909","virus_comp_861_cycle_1_9",9
"2910","virus_comp_862_cycle_1_12",9
"2911","virus_comp_8622_cycle_1_2",9
"2912","virus_comp_8686_cycle_1_1",9
"2913","virus_comp_872_cycle_1_10",9
"2914","virus_comp_873_cycle_1_4",9
"2915","virus_comp_873_cycle_1_5",9
"2916","virus_comp_8731_cycle_1_2",9
"2917","virus_comp_8731_cycle_1_3",9
"2918","virus_comp_8731_cycle_1_6",9
"2919","virus_comp_877_cycle_1_10",9
"2920","virus_comp_877_cycle_1_9",9
"2921","virus_comp_88_cycle_1_7",9
"2922","virus_comp_887_cycle_1_27",9
"2923","virus_comp_887_cycle_1_29",9
"2924","virus_comp_906_cycle_1_1",9
"2925","virus_comp_911_cycle_1_1",9
"2926","virus_comp_921_cycle_1_8",9
"2927","virus_comp_932_cycle_1_7",9
"2928","virus_comp_936_cycle_1_2",9
"2929","virus_comp_952_cycle_1_13",9
"2930","virus_comp_952_cycle_1_9",9
"2931","virus_comp_962_cycle_1_9",9
"2932","virus_comp_9646_cycle_1_1",9
"2933","virus_comp_971_cycle_1_5",9
"2934","virus_comp_971_cycle_1_8",9
"2935","virus_comp_984_cycle_1_45",9
"2936","edge_1291_133",9
"2937","edge_1468_13",9
"2938","edge_1468_32",9
"2939","edge_1468_42",9
"2940","edge_1468_45",9
"2941","edge_1468_60",9
"2942","edge_1468_66",9
"2943","edge_1468_74",9
"2944","edge_1468_83",9
"2945","edge_1476_4",9
"2946","edge_1496_1",9
"2947","edge_1496_14",9
"2948","edge_1501_9",9
"2949","edge_1509_5",9
"2950","edge_1512_1",9
"2951","edge_1512_3",9
"2952","edge_1512_32",9
"2953","edge_1512_72",9
"2954","edge_16_1",9
"2955","edge_16_11",9
"2956","edge_16_13",9
"2957","edge_16_16",9
"2958","edge_16_17",9
"2959","edge_16_8",9
"2960","edge_1627_13",9
"2961","edge_1631_14",9
"2962","edge_1631_2",9
"2963","edge_1631_43",9
"2964","edge_1631_46",9
"2965","edge_1631_6",9
"2966","edge_1633_5",9
"2967","edge_1633_50",9
"2968","edge_1709_40",9
"2969","edge_1732_11",9
"2970","edge_1732_14",9
"2971","edge_1732_17",9
"2972","edge_1732_30",9
"2973","edge_1732_33",9
"2974","edge_1732_36",9
"2975","edge_1732_38",9
"2976","edge_1732_47",9
"2977","edge_1732_48",9
"2978","edge_1732_49",9
"2979","edge_1732_58",9
"2980","edge_1732_65",9
"2981","edge_1732_67",9
"2982","edge_1732_74",9
"2983","edge_1732_76",9
"2984","edge_1732_8",9
"2985","edge_1847_12",9
"2986","edge_1847_14",9
"2987","edge_1847_36",9
"2988","edge_1896_42",9
"2989","edge_1896_46",9
"2990","edge_192_22",9
"2991","edge_1989_49",9
"2992","edge_1990_1",9
"2993","edge_2044_24",9
"2994","edge_2044_27",9
"2995","edge_2044_5",9
"2996","edge_2044_8",9
"2997","edge_2194_10",9
"2998","edge_2381_21",9
"2999","edge_2381_27",9
"3000","edge_2381_3",9
"3001","edge_2381_30",9
"3002","edge_2381_43",9
"3003","edge_2381_9",9
"3004","edge_2454_21",9
"3005","edge_2483_2",9
"3006","edge_2486_15",9
"3007","edge_2486_40",9
"3008","edge_2486_43",9
"3009","edge_263_21",9
"3010","edge_263_4",9
"3011","edge_2636_1",9
"3012","edge_2658_7",9
"3013","edge_284_15",9
"3014","edge_284_2",9
"3015","edge_284_23",9
"3016","edge_284_5",9
"3017","edge_294_15",9
"3018","edge_294_17",9
"3019","edge_294_34",9
"3020","edge_295_59",9
"3021","edge_300_2",9
"3022","edge_305_2",9
"3023","edge_306_3",9
"3024","edge_311_5",9
"3025","edge_3176_15",9
"3026","edge_3176_2",9
"3027","edge_3176_3",9
"3028","edge_3176_4",9
"3029","edge_3176_5",9
"3030","edge_3176_6",9
"3031","edge_3176_8",9
"3032","edge_329_11",9
"3033","edge_329_3",9
"3034","edge_329_4",9
"3035","edge_329_5",9
"3036","edge_330_26",9
"3037","edge_330_48",9
"3038","edge_330_5",9
"3039","edge_3739_15",9
"3040","edge_3739_16",9
"3041","edge_3739_17",9
"3042","edge_3739_2",9
"3043","edge_4_2",9
"3044","edge_4_21",9
"3045","edge_4_22",9
"3046","edge_4_26",9
"3047","edge_4_3",9
"3048","edge_4_4",9
"3049","edge_48662_23",9
"3050","edge_48732_19",9
"3051","edge_48732_21",9
"3052","edge_48732_24",9
"3053","edge_48754_8",9
"3054","edge_48755_5",9
"3055","edge_48755_9",9
"3056","edge_61_14",9
"3057","edge_61_2",9
"3058","edge_61_22",9
"3059","edge_61_31",9
"3060","edge_61_41",9
"3061","edge_61_8",9
"3062","edge_72_5",9
"3063","edge_957_1",9
"3064","edge_957_28",9
"3065","edge_957_43",9
"3066","edge_959_17",9
"3067","edge_959_19",9
"3068","edge_959_33",9
"3069","edge_959_35",9
"3070","edge_959_36",9
"3071","edge_959_37",9
"3072","edge_959_43",9
"3073","edge_959_51",9
"3074","edge_959_53",9
"3075","edge_959_54",9
"3076","edge_959_64",9
"3077","edge_959_95",9
"3078","virus_comp_10080_cycle_1_2",8
"3079","virus_comp_1019_cycle_1_10",8
"3080","virus_comp_1019_cycle_1_11",8
"3081","virus_comp_1019_cycle_1_6",8
"3082","virus_comp_10536_cycle_1_2",8
"3083","virus_comp_1058_cycle_1_10",8
"3084","virus_comp_10613_cycle_1_1",8
"3085","virus_comp_10644_cycle_1_2",8
"3086","virus_comp_1073_cycle_1_5",8
"3087","virus_comp_1073_cycle_1_6",8
"3088","virus_comp_1073_cycle_1_9",8
"3089","virus_comp_10775_cycle_1_4",8
"3090","virus_comp_10824_cycle_1_3",8
"3091","virus_comp_1086_cycle_1_20",8
"3092","virus_comp_1086_cycle_1_3",8
"3093","virus_comp_1098_cycle_1_7",8
"3094","virus_comp_11048_cycle_1_2",8
"3095","virus_comp_11090_cycle_1_2",8
"3096","virus_comp_1111_cycle_2_12",8
"3097","virus_comp_1111_cycle_2_13",8
"3098","virus_comp_1111_cycle_2_19",8
"3099","virus_comp_1121_cycle_1_12",8
"3100","virus_comp_1121_cycle_1_3",8
"3101","virus_comp_1121_cycle_1_4",8
"3102","virus_comp_1121_cycle_1_5",8
"3103","virus_comp_1121_cycle_2_2",8
"3104","virus_comp_1121_cycle_2_3",8
"3105","virus_comp_1121_cycle_2_4",8
"3106","virus_comp_1131_cycle_2_3",8
"3107","virus_comp_1131_cycle_2_8",8
"3108","virus_comp_1146_cycle_3_1",8
"3109","virus_comp_1146_cycle_3_11",8
"3110","virus_comp_1146_cycle_3_12",8
"3111","virus_comp_1146_cycle_3_13",8
"3112","virus_comp_1146_cycle_3_17",8
"3113","virus_comp_1146_cycle_3_19",8
"3114","virus_comp_1146_cycle_3_8",8
"3115","virus_comp_11522_cycle_1_1",8
"3116","virus_comp_11535_cycle_1_2",8
"3117","virus_comp_1171_cycle_1_1",8
"3118","virus_comp_1171_cycle_1_16",8
"3119","virus_comp_1171_cycle_1_5",8
"3120","virus_comp_1171_cycle_1_9",8
"3121","virus_comp_1176_cycle_1_3",8
"3122","virus_comp_1177_cycle_1_8",8
"3123","virus_comp_12_cycle_1_5",8
"3124","virus_comp_12029_cycle_1_3",8
"3125","virus_comp_1206_cycle_1_3",8
"3126","virus_comp_1207_cycle_1_4",8
"3127","virus_comp_12451_cycle_1_1",8
"3128","virus_comp_126_cycle_1_182",8
"3129","virus_comp_126_cycle_1_192",8
"3130","virus_comp_126_cycle_1_194",8
"3131","virus_comp_126_cycle_1_196",8
"3132","virus_comp_126_cycle_1_218",8
"3133","virus_comp_126_cycle_1_36",8
"3134","virus_comp_1260_cycle_2_5",8
"3135","virus_comp_1286_cycle_1_7",8
"3136","virus_comp_1298_cycle_1_7",8
"3137","virus_comp_12981_cycle_1_1",8
"3138","virus_comp_1314_cycle_1_8",8
"3139","virus_comp_13158_cycle_1_3",8
"3140","virus_comp_1317_cycle_1_1",8
"3141","virus_comp_13172_cycle_1_2",8
"3142","virus_comp_13172_cycle_1_3",8
"3143","virus_comp_135_cycle_1_8",8
"3144","virus_comp_13844_cycle_1_3",8
"3145","virus_comp_1392_cycle_1_1",8
"3146","virus_comp_1420_cycle_1_4",8
"3147","virus_comp_14288_cycle_1_2",8
"3148","virus_comp_14288_cycle_1_3",8
"3149","virus_comp_1430_cycle_1_14",8
"3150","virus_comp_1430_cycle_1_21",8
"3151","virus_comp_148_cycle_1_10",8
"3152","virus_comp_14977_cycle_1_2",8
"3153","virus_comp_150_cycle_1_117",8
"3154","virus_comp_150_cycle_1_14",8
"3155","virus_comp_150_cycle_1_148",8
"3156","virus_comp_150_cycle_1_150",8
"3157","virus_comp_150_cycle_1_197",8
"3158","virus_comp_150_cycle_1_20",8
"3159","virus_comp_150_cycle_1_34",8
"3160","virus_comp_150_cycle_1_4",8
"3161","virus_comp_150_cycle_1_51",8
"3162","virus_comp_150_cycle_1_82",8
"3163","virus_comp_1505_cycle_1_6",8
"3164","virus_comp_1517_cycle_1_12",8
"3165","virus_comp_1518_cycle_1_22",8
"3166","virus_comp_1533_cycle_1_4",8
"3167","virus_comp_1542_cycle_1_5",8
"3168","virus_comp_155_cycle_2_102",8
"3169","virus_comp_155_cycle_2_121",8
"3170","virus_comp_155_cycle_2_131",8
"3171","virus_comp_155_cycle_2_138",8
"3172","virus_comp_155_cycle_2_175",8
"3173","virus_comp_155_cycle_2_183",8
"3174","virus_comp_155_cycle_2_44",8
"3175","virus_comp_155_cycle_2_75",8
"3176","virus_comp_155_cycle_2_88",8
"3177","virus_comp_1559_cycle_1_17",8
"3178","virus_comp_1562_cycle_1_6",8
"3179","virus_comp_15690_cycle_1_2",8
"3180","virus_comp_15716_cycle_1_1",8
"3181","virus_comp_158_cycle_1_10",8
"3182","virus_comp_1589_cycle_1_1",8
"3183","virus_comp_16029_cycle_1_3",8
"3184","virus_comp_16189_cycle_1_1",8
"3185","virus_comp_1625_cycle_1_8",8
"3186","virus_comp_163_cycle_1_10",8
"3187","virus_comp_163_cycle_1_12",8
"3188","virus_comp_163_cycle_1_13",8
"3189","virus_comp_163_cycle_1_14",8
"3190","virus_comp_163_cycle_1_19",8
"3191","virus_comp_164_cycle_1_16",8
"3192","virus_comp_16452_cycle_1_2",8
"3193","virus_comp_16468_cycle_1_1",8
"3194","virus_comp_16597_cycle_1_2",8
"3195","virus_comp_1660_cycle_1_10",8
"3196","virus_comp_16826_cycle_1_1",8
"3197","virus_comp_16826_cycle_1_2",8
"3198","virus_comp_1706_cycle_1_5",8
"3199","virus_comp_1739_cycle_1_9",8
"3200","virus_comp_1740_cycle_1_6",8
"3201","virus_comp_17664_cycle_1_1",8
"3202","virus_comp_17772_cycle_1_6",8
"3203","virus_comp_17787_cycle_1_7",8
"3204","virus_comp_17787_cycle_1_8",8
"3205","virus_comp_17789_cycle_1_16",8
"3206","virus_comp_17789_cycle_1_17",8
"3207","virus_comp_17789_cycle_1_5",8
"3208","virus_comp_17792_cycle_1_4",8
"3209","virus_comp_17796_cycle_1_11",8
"3210","virus_comp_17796_cycle_1_3",8
"3211","virus_comp_17797_cycle_1_1",8
"3212","virus_comp_17797_cycle_1_18",8
"3213","virus_comp_17797_cycle_1_9",8
"3214","virus_comp_17799_cycle_1_8",8
"3215","virus_comp_17802_cycle_1_5",8
"3216","virus_comp_17807_cycle_1_6",8
"3217","virus_comp_17807_cycle_1_7",8
"3218","virus_comp_17809_cycle_1_1",8
"3219","virus_comp_17810_cycle_1_2",8
"3220","virus_comp_17810_cycle_1_3",8
"3221","virus_comp_17817_cycle_1_6",8
"3222","virus_comp_17819_cycle_1_1",8
"3223","virus_comp_17822_cycle_1_1",8
"3224","virus_comp_17822_cycle_1_3",8
"3225","virus_comp_17832_cycle_1_1",8
"3226","virus_comp_17837_cycle_1_2",8
"3227","virus_comp_17837_cycle_1_4",8
"3228","virus_comp_17837_cycle_1_6",8
"3229","virus_comp_17840_cycle_1_33",8
"3230","virus_comp_17840_cycle_1_69",8
"3231","virus_comp_17840_cycle_1_8",8
"3232","virus_comp_17843_cycle_1_16",8
"3233","virus_comp_17843_cycle_1_41",8
"3234","virus_comp_17846_cycle_1_7",8
"3235","virus_comp_17849_cycle_1_1",8
"3236","virus_comp_17849_cycle_1_2",8
"3237","virus_comp_17860_cycle_1_54",8
"3238","virus_comp_17861_cycle_1_55",8
"3239","virus_comp_17862_cycle_1_12",8
"3240","virus_comp_17866_cycle_1_59",8
"3241","virus_comp_17871_cycle_1_4",8
"3242","virus_comp_17877_cycle_1_36",8
"3243","virus_comp_17877_cycle_1_47",8
"3244","virus_comp_17889_cycle_1_14",8
"3245","virus_comp_17889_cycle_1_16",8
"3246","virus_comp_17889_cycle_1_50",8
"3247","virus_comp_17889_cycle_1_62",8
"3248","virus_comp_17889_cycle_1_66",8
"3249","virus_comp_17899_cycle_1_1",8
"3250","virus_comp_17899_cycle_1_5",8
"3251","virus_comp_17900_cycle_1_9",8
"3252","virus_comp_17901_cycle_1_3",8
"3253","virus_comp_17903_cycle_1_17",8
"3254","virus_comp_17903_cycle_1_28",8
"3255","virus_comp_17903_cycle_1_37",8
"3256","virus_comp_17903_cycle_1_4",8
"3257","virus_comp_17903_cycle_1_40",8
"3258","virus_comp_17903_cycle_1_43",8
"3259","virus_comp_17903_cycle_1_44",8
"3260","virus_comp_17903_cycle_1_46",8
"3261","virus_comp_17903_cycle_1_8",8
"3262","virus_comp_17906_cycle_1_1",8
"3263","virus_comp_17906_cycle_1_61",8
"3264","virus_comp_17907_cycle_1_29",8
"3265","virus_comp_17910_cycle_1_39",8
"3266","virus_comp_17913_cycle_1_3",8
"3267","virus_comp_17914_cycle_1_6",8
"3268","virus_comp_17917_cycle_1_8",8
"3269","virus_comp_17918_cycle_1_2",8
"3270","virus_comp_17935_cycle_1_16",8
"3271","virus_comp_17935_cycle_1_32",8
"3272","virus_comp_17945_cycle_1_10",8
"3273","virus_comp_17948_cycle_1_7",8
"3274","virus_comp_1795_cycle_1_4",8
"3275","virus_comp_17955_cycle_1_16",8
"3276","virus_comp_17959_cycle_1_15",8
"3277","virus_comp_17963_cycle_1_5",8
"3278","virus_comp_17971_cycle_1_1",8
"3279","virus_comp_17971_cycle_1_14",8
"3280","virus_comp_17971_cycle_1_15",8
"3281","virus_comp_17971_cycle_1_17",8
"3282","virus_comp_17971_cycle_1_19",8
"3283","virus_comp_17971_cycle_1_2",8
"3284","virus_comp_17980_cycle_1_16",8
"3285","virus_comp_17980_cycle_1_6",8
"3286","virus_comp_17985_cycle_1_13",8
"3287","virus_comp_17985_cycle_1_5",8
"3288","virus_comp_17991_cycle_1_13",8
"3289","virus_comp_17992_cycle_1_13",8
"3290","virus_comp_17992_cycle_1_14",8
"3291","virus_comp_17992_cycle_1_4",8
"3292","virus_comp_18020_cycle_1_11",8
"3293","virus_comp_18020_cycle_1_14",8
"3294","virus_comp_18020_cycle_1_18",8
"3295","virus_comp_18020_cycle_1_9",8
"3296","virus_comp_18026_cycle_1_7",8
"3297","virus_comp_18037_cycle_1_16",8
"3298","virus_comp_18037_cycle_1_5",8
"3299","virus_comp_18042_cycle_1_12",8
"3300","virus_comp_18042_cycle_1_9",8
"3301","virus_comp_18044_cycle_1_5",8
"3302","virus_comp_18052_cycle_1_11",8
"3303","virus_comp_18052_cycle_1_2",8
"3304","virus_comp_18052_cycle_1_23",8
"3305","virus_comp_18052_cycle_1_4",8
"3306","virus_comp_18053_cycle_1_13",8
"3307","virus_comp_18054_cycle_1_10",8
"3308","virus_comp_18054_cycle_1_11",8
"3309","virus_comp_18054_cycle_1_17",8
"3310","virus_comp_18055_cycle_1_12",8
"3311","virus_comp_18067_cycle_1_17",8
"3312","virus_comp_18072_cycle_1_1",8
"3313","virus_comp_18118_cycle_1_3",8
"3314","virus_comp_18120_cycle_1_2",8
"3315","virus_comp_18121_cycle_1_3",8
"3316","virus_comp_18126_cycle_1_4",8
"3317","virus_comp_18127_cycle_1_7",8
"3318","virus_comp_18132_cycle_1_3",8
"3319","virus_comp_18132_cycle_1_5",8
"3320","virus_comp_18132_cycle_1_7",8
"3321","virus_comp_18174_cycle_1_5",8
"3322","virus_comp_18176_cycle_1_6",8
"3323","virus_comp_18182_cycle_1_3",8
"3324","virus_comp_18182_cycle_1_4",8
"3325","virus_comp_18182_cycle_1_5",8
"3326","virus_comp_18191_cycle_1_5",8
"3327","virus_comp_18200_cycle_1_3",8
"3328","virus_comp_18200_cycle_1_4",8
"3329","virus_comp_18200_cycle_1_6",8
"3330","virus_comp_18230_cycle_1_11",8
"3331","virus_comp_18230_cycle_1_2",8
"3332","virus_comp_18230_cycle_1_4",8
"3333","virus_comp_18230_cycle_1_6",8
"3334","virus_comp_18230_cycle_1_7",8
"3335","virus_comp_18259_cycle_1_1",8
"3336","virus_comp_18259_cycle_1_6",8
"3337","virus_comp_18259_cycle_1_8",8
"3338","virus_comp_18299_cycle_1_10",8
"3339","virus_comp_18299_cycle_1_7",8
"3340","virus_comp_18390_cycle_1_5",8
"3341","virus_comp_18422_cycle_1_2",8
"3342","virus_comp_192_cycle_1_3",8
"3343","virus_comp_192_cycle_1_4",8
"3344","virus_comp_1925_cycle_1_6",8
"3345","virus_comp_1927_cycle_1_6",8
"3346","virus_comp_1945_cycle_1_1",8
"3347","virus_comp_195_cycle_1_100",8
"3348","virus_comp_195_cycle_1_114",8
"3349","virus_comp_195_cycle_1_162",8
"3350","virus_comp_195_cycle_1_172",8
"3351","virus_comp_195_cycle_1_180",8
"3352","virus_comp_195_cycle_1_183",8
"3353","virus_comp_195_cycle_1_2",8
"3354","virus_comp_195_cycle_1_27",8
"3355","virus_comp_195_cycle_1_40",8
"3356","virus_comp_195_cycle_1_49",8
"3357","virus_comp_195_cycle_1_5",8
"3358","virus_comp_195_cycle_1_50",8
"3359","virus_comp_195_cycle_1_58",8
"3360","virus_comp_195_cycle_1_59",8
"3361","virus_comp_195_cycle_1_60",8
"3362","virus_comp_195_cycle_1_61",8
"3363","virus_comp_195_cycle_1_69",8
"3364","virus_comp_195_cycle_1_7",8
"3365","virus_comp_195_cycle_1_84",8
"3366","virus_comp_1965_cycle_1_3",8
"3367","virus_comp_1965_cycle_1_7",8
"3368","virus_comp_1966_cycle_1_9",8
"3369","virus_comp_1968_cycle_1_2",8
"3370","virus_comp_1968_cycle_1_3",8
"3371","virus_comp_1968_cycle_1_4",8
"3372","virus_comp_1968_cycle_1_5",8
"3373","virus_comp_1968_cycle_1_6",8
"3374","virus_comp_197_cycle_1_102",8
"3375","virus_comp_197_cycle_1_127",8
"3376","virus_comp_197_cycle_1_21",8
"3377","virus_comp_197_cycle_1_27",8
"3378","virus_comp_197_cycle_1_56",8
"3379","virus_comp_197_cycle_1_58",8
"3380","virus_comp_197_cycle_1_62",8
"3381","virus_comp_197_cycle_1_63",8
"3382","virus_comp_197_cycle_1_64",8
"3383","virus_comp_197_cycle_1_7",8
"3384","virus_comp_197_cycle_1_80",8
"3385","virus_comp_197_cycle_1_81",8
"3386","virus_comp_197_cycle_1_91",8
"3387","virus_comp_200_cycle_1_4",8
"3388","virus_comp_201_cycle_1_4",8
"3389","virus_comp_2033_cycle_1_2",8
"3390","virus_comp_2066_cycle_1_6",8
"3391","virus_comp_2071_cycle_1_7",8
"3392","virus_comp_2073_cycle_1_1",8
"3393","virus_comp_2075_cycle_1_8",8
"3394","virus_comp_2080_cycle_1_9",8
"3395","virus_comp_2088_cycle_1_5",8
"3396","virus_comp_2088_cycle_1_8",8
"3397","virus_comp_2103_cycle_1_1",8
"3398","virus_comp_2103_cycle_1_10",8
"3399","virus_comp_2103_cycle_1_3",8
"3400","virus_comp_2103_cycle_1_4",8
"3401","virus_comp_2103_cycle_1_5",8
"3402","virus_comp_2103_cycle_1_6",8
"3403","virus_comp_2106_cycle_1_9",8
"3404","virus_comp_2109_cycle_1_11",8
"3405","virus_comp_2119_cycle_1_4",8
"3406","virus_comp_2130_cycle_1_4",8
"3407","virus_comp_2133_cycle_1_14",8
"3408","virus_comp_2136_cycle_1_7",8
"3409","virus_comp_2139_cycle_1_10",8
"3410","virus_comp_2139_cycle_1_7",8
"3411","virus_comp_2139_cycle_1_8",8
"3412","virus_comp_2141_cycle_1_3",8
"3413","virus_comp_2152_cycle_1_7",8
"3414","virus_comp_2163_cycle_1_11",8
"3415","virus_comp_2188_cycle_1_3",8
"3416","virus_comp_219_cycle_1_5",8
"3417","virus_comp_2191_cycle_1_6",8
"3418","virus_comp_221_cycle_1_4",8
"3419","virus_comp_2215_cycle_1_8",8
"3420","virus_comp_2216_cycle_1_2",8
"3421","virus_comp_223_cycle_1_5",8
"3422","virus_comp_2233_cycle_1_4",8
"3423","virus_comp_2239_cycle_1_6",8
"3424","virus_comp_224_cycle_1_2",8
"3425","virus_comp_2248_cycle_1_14",8
"3426","virus_comp_2283_cycle_1_5",8
"3427","virus_comp_2285_cycle_1_1",8
"3428","virus_comp_229_cycle_1_65",8
"3429","virus_comp_229_cycle_1_96",8
"3430","virus_comp_229_cycle_1_97",8
"3431","virus_comp_230_cycle_1_103",8
"3432","virus_comp_230_cycle_1_145",8
"3433","virus_comp_230_cycle_1_169",8
"3434","virus_comp_230_cycle_1_175",8
"3435","virus_comp_230_cycle_1_4",8
"3436","virus_comp_2309_cycle_1_1",8
"3437","virus_comp_2310_cycle_1_1",8
"3438","virus_comp_2310_cycle_1_2",8
"3439","virus_comp_2310_cycle_1_3",8
"3440","virus_comp_2311_cycle_1_7",8
"3441","virus_comp_2332_cycle_1_6",8
"3442","virus_comp_2342_cycle_1_4",8
"3443","virus_comp_2344_cycle_1_4",8
"3444","virus_comp_2365_cycle_1_1",8
"3445","virus_comp_2365_cycle_1_5",8
"3446","virus_comp_2365_cycle_1_6",8
"3447","virus_comp_2365_cycle_1_7",8
"3448","virus_comp_2365_cycle_1_8",8
"3449","virus_comp_2375_cycle_1_5",8
"3450","virus_comp_2382_cycle_1_1",8
"3451","virus_comp_2382_cycle_1_2",8
"3452","virus_comp_2382_cycle_1_8",8
"3453","virus_comp_2383_cycle_1_2",8
"3454","virus_comp_2383_cycle_1_4",8
"3455","virus_comp_2384_cycle_1_9",8
"3456","virus_comp_2386_cycle_1_10",8
"3457","virus_comp_2386_cycle_1_11",8
"3458","virus_comp_2391_cycle_1_10",8
"3459","virus_comp_2391_cycle_1_11",8
"3460","virus_comp_2391_cycle_1_7",8
"3461","virus_comp_2393_cycle_1_11",8
"3462","virus_comp_2396_cycle_1_5",8
"3463","virus_comp_2397_cycle_1_7",8
"3464","virus_comp_2399_cycle_1_4",8
"3465","virus_comp_2413_cycle_1_4",8
"3466","virus_comp_2432_cycle_1_3",8
"3467","virus_comp_2432_cycle_1_6",8
"3468","virus_comp_2438_cycle_1_8",8
"3469","virus_comp_2455_cycle_1_3",8
"3470","virus_comp_2465_cycle_1_2",8
"3471","virus_comp_2489_cycle_1_2",8
"3472","virus_comp_2489_cycle_1_8",8
"3473","virus_comp_250_cycle_1_125",8
"3474","virus_comp_250_cycle_1_131",8
"3475","virus_comp_250_cycle_1_137",8
"3476","virus_comp_250_cycle_1_14",8
"3477","virus_comp_250_cycle_1_141",8
"3478","virus_comp_250_cycle_1_143",8
"3479","virus_comp_250_cycle_1_146",8
"3480","virus_comp_250_cycle_1_147",8
"3481","virus_comp_250_cycle_1_154",8
"3482","virus_comp_250_cycle_1_164",8
"3483","virus_comp_250_cycle_1_166",8
"3484","virus_comp_250_cycle_1_175",8
"3485","virus_comp_250_cycle_1_184",8
"3486","virus_comp_250_cycle_1_19",8
"3487","virus_comp_250_cycle_1_192",8
"3488","virus_comp_250_cycle_1_200",8
"3489","virus_comp_250_cycle_1_202",8
"3490","virus_comp_250_cycle_1_204",8
"3491","virus_comp_250_cycle_1_205",8
"3492","virus_comp_250_cycle_1_209",8
"3493","virus_comp_250_cycle_1_214",8
"3494","virus_comp_250_cycle_1_221",8
"3495","virus_comp_250_cycle_1_226",8
"3496","virus_comp_250_cycle_1_227",8
"3497","virus_comp_250_cycle_1_229",8
"3498","virus_comp_250_cycle_1_233",8
"3499","virus_comp_250_cycle_1_234",8
"3500","virus_comp_250_cycle_1_235",8
"3501","virus_comp_250_cycle_1_236",8
"3502","virus_comp_250_cycle_1_239",8
"3503","virus_comp_250_cycle_1_245",8
"3504","virus_comp_250_cycle_1_250",8
"3505","virus_comp_250_cycle_1_261",8
"3506","virus_comp_250_cycle_1_264",8
"3507","virus_comp_250_cycle_1_265",8
"3508","virus_comp_250_cycle_1_27",8
"3509","virus_comp_250_cycle_1_270",8
"3510","virus_comp_250_cycle_1_271",8
"3511","virus_comp_250_cycle_1_272",8
"3512","virus_comp_250_cycle_1_33",8
"3513","virus_comp_250_cycle_1_34",8
"3514","virus_comp_250_cycle_1_4",8
"3515","virus_comp_250_cycle_1_41",8
"3516","virus_comp_250_cycle_1_48",8
"3517","virus_comp_250_cycle_1_50",8
"3518","virus_comp_250_cycle_1_59",8
"3519","virus_comp_250_cycle_1_67",8
"3520","virus_comp_250_cycle_1_7",8
"3521","virus_comp_250_cycle_1_70",8
"3522","virus_comp_250_cycle_1_8",8
"3523","virus_comp_250_cycle_1_80",8
"3524","virus_comp_250_cycle_1_84",8
"3525","virus_comp_2513_cycle_1_11",8
"3526","virus_comp_2513_cycle_1_12",8
"3527","virus_comp_2527_cycle_1_10",8
"3528","virus_comp_2552_cycle_1_5",8
"3529","virus_comp_2638_cycle_1_9",8
"3530","virus_comp_2641_cycle_1_9",8
"3531","virus_comp_2649_cycle_1_9",8
"3532","virus_comp_2679_cycle_1_4",8
"3533","virus_comp_2686_cycle_1_1",8
"3534","virus_comp_2709_cycle_1_10",8
"3535","virus_comp_2709_cycle_1_6",8
"3536","virus_comp_2709_cycle_1_7",8
"3537","virus_comp_2721_cycle_1_2",8
"3538","virus_comp_2721_cycle_1_3",8
"3539","virus_comp_2725_cycle_1_9",8
"3540","virus_comp_2739_cycle_1_5",8
"3541","virus_comp_2742_cycle_1_13",8
"3542","virus_comp_2788_cycle_1_7",8
"3543","virus_comp_280_cycle_1_9",8
"3544","virus_comp_2801_cycle_1_7",8
"3545","virus_comp_2807_cycle_1_6",8
"3546","virus_comp_2807_cycle_1_8",8
"3547","virus_comp_288_cycle_1_1",8
"3548","virus_comp_289_cycle_1_2",8
"3549","virus_comp_289_cycle_1_3",8
"3550","virus_comp_2915_cycle_1_10",8
"3551","virus_comp_2931_cycle_1_4",8
"3552","virus_comp_2945_cycle_1_16",8
"3553","virus_comp_296_cycle_1_5",8
"3554","virus_comp_2968_cycle_1_9",8
"3555","virus_comp_297_cycle_1_3",8
"3556","virus_comp_3_cycle_1_2",8
"3557","virus_comp_3_cycle_1_3",8
"3558","virus_comp_301_cycle_1_104",8
"3559","virus_comp_301_cycle_1_114",8
"3560","virus_comp_301_cycle_1_13",8
"3561","virus_comp_301_cycle_1_14",8
"3562","virus_comp_301_cycle_1_17",8
"3563","virus_comp_301_cycle_1_21",8
"3564","virus_comp_301_cycle_1_27",8
"3565","virus_comp_301_cycle_1_30",8
"3566","virus_comp_301_cycle_1_31",8
"3567","virus_comp_301_cycle_1_33",8
"3568","virus_comp_301_cycle_1_40",8
"3569","virus_comp_301_cycle_1_42",8
"3570","virus_comp_301_cycle_1_43",8
"3571","virus_comp_301_cycle_1_45",8
"3572","virus_comp_301_cycle_1_47",8
"3573","virus_comp_301_cycle_1_48",8
"3574","virus_comp_301_cycle_1_49",8
"3575","virus_comp_301_cycle_1_60",8
"3576","virus_comp_301_cycle_1_66",8
"3577","virus_comp_301_cycle_1_70",8
"3578","virus_comp_301_cycle_1_72",8
"3579","virus_comp_301_cycle_1_75",8
"3580","virus_comp_301_cycle_1_8",8
"3581","virus_comp_301_cycle_1_91",8
"3582","virus_comp_301_cycle_1_92",8
"3583","virus_comp_301_cycle_1_99",8
"3584","virus_comp_3012_cycle_1_4",8
"3585","virus_comp_3029_cycle_1_1",8
"3586","virus_comp_303_cycle_1_2",8
"3587","virus_comp_3037_cycle_1_2",8
"3588","virus_comp_305_cycle_1_2",8
"3589","virus_comp_306_cycle_1_1",8
"3590","virus_comp_3063_cycle_1_10",8
"3591","virus_comp_3063_cycle_1_8",8
"3592","virus_comp_3104_cycle_1_3",8
"3593","virus_comp_3157_cycle_1_4",8
"3594","virus_comp_3157_cycle_1_8",8
"3595","virus_comp_316_cycle_1_1",8
"3596","virus_comp_330_cycle_1_117",8
"3597","virus_comp_330_cycle_1_35",8
"3598","virus_comp_330_cycle_1_37",8
"3599","virus_comp_330_cycle_1_53",8
"3600","virus_comp_330_cycle_1_89",8
"3601","virus_comp_330_cycle_1_91",8
"3602","virus_comp_330_cycle_1_93",8
"3603","virus_comp_3358_cycle_1_11",8
"3604","virus_comp_3368_cycle_1_5",8
"3605","virus_comp_3442_cycle_1_2",8
"3606","virus_comp_3442_cycle_1_5",8
"3607","virus_comp_3464_cycle_1_5",8
"3608","virus_comp_347_cycle_1_1",8
"3609","virus_comp_357_cycle_1_7",8
"3610","virus_comp_36_cycle_2_29",8
"3611","virus_comp_3621_cycle_1_2",8
"3612","virus_comp_3621_cycle_1_5",8
"3613","virus_comp_3621_cycle_1_7",8
"3614","virus_comp_3658_cycle_1_1",8
"3615","virus_comp_370_cycle_1_75",8
"3616","virus_comp_3720_cycle_1_4",8
"3617","virus_comp_3775_cycle_1_3",8
"3618","virus_comp_3775_cycle_1_8",8
"3619","virus_comp_3850_cycle_1_10",8
"3620","virus_comp_3850_cycle_1_4",8
"3621","virus_comp_389_cycle_1_1",8
"3622","virus_comp_389_cycle_1_5",8
"3623","virus_comp_391_cycle_1_23",8
"3624","virus_comp_391_cycle_1_35",8
"3625","virus_comp_391_cycle_1_79",8
"3626","virus_comp_391_cycle_1_9",8
"3627","virus_comp_3946_cycle_1_1",8
"3628","virus_comp_400_cycle_3_7",8
"3629","virus_comp_4028_cycle_1_3",8
"3630","virus_comp_4029_cycle_1_5",8
"3631","virus_comp_407_cycle_1_2",8
"3632","virus_comp_407_cycle_1_21",8
"3633","virus_comp_409_cycle_1_1",8
"3634","virus_comp_414_cycle_1_13",8
"3635","virus_comp_421_cycle_1_6",8
"3636","virus_comp_426_cycle_1_4",8
"3637","virus_comp_4271_cycle_1_3",8
"3638","virus_comp_4347_cycle_1_1",8
"3639","virus_comp_4351_cycle_1_4",8
"3640","virus_comp_439_cycle_1_43",8
"3641","virus_comp_439_cycle_1_48",8
"3642","virus_comp_446_cycle_1_2",8
"3643","virus_comp_448_cycle_1_32",8
"3644","virus_comp_448_cycle_1_44",8
"3645","virus_comp_4495_cycle_1_2",8
"3646","virus_comp_4503_cycle_1_1",8
"3647","virus_comp_454_cycle_1_6",8
"3648","virus_comp_464_cycle_1_59",8
"3649","virus_comp_4658_cycle_1_3",8
"3650","virus_comp_4659_cycle_1_2",8
"3651","virus_comp_4744_cycle_1_5",8
"3652","virus_comp_4826_cycle_1_3",8
"3653","virus_comp_4826_cycle_1_5",8
"3654","virus_comp_4830_cycle_1_5",8
"3655","virus_comp_4881_cycle_1_2",8
"3656","virus_comp_490_cycle_1_3",8
"3657","virus_comp_4933_cycle_1_1",8
"3658","virus_comp_505_cycle_1_13",8
"3659","virus_comp_505_cycle_1_14",8
"3660","virus_comp_505_cycle_1_16",8
"3661","virus_comp_505_cycle_1_6",8
"3662","virus_comp_521_cycle_1_2",8
"3663","virus_comp_5238_cycle_1_1",8
"3664","virus_comp_5238_cycle_1_2",8
"3665","virus_comp_524_cycle_1_3",8
"3666","virus_comp_527_cycle_1_2",8
"3667","virus_comp_527_cycle_1_9",8
"3668","virus_comp_5304_cycle_1_3",8
"3669","virus_comp_5304_cycle_1_6",8
"3670","virus_comp_5366_cycle_1_4",8
"3671","virus_comp_5366_cycle_1_5",8
"3672","virus_comp_5583_cycle_1_2",8
"3673","virus_comp_561_cycle_1_5",8
"3674","virus_comp_562_cycle_1_17",8
"3675","virus_comp_562_cycle_1_2",8
"3676","virus_comp_564_cycle_1_11",8
"3677","virus_comp_564_cycle_1_12",8
"3678","virus_comp_564_cycle_1_13",8
"3679","virus_comp_564_cycle_1_8",8
"3680","virus_comp_5762_cycle_1_2",8
"3681","virus_comp_584_cycle_1_2",8
"3682","virus_comp_587_cycle_1_84",8
"3683","virus_comp_587_cycle_1_86",8
"3684","virus_comp_589_cycle_1_17",8
"3685","virus_comp_589_cycle_1_71",8
"3686","virus_comp_589_cycle_1_77",8
"3687","virus_comp_590_cycle_2_28",8
"3688","virus_comp_590_cycle_2_52",8
"3689","virus_comp_590_cycle_2_55",8
"3690","virus_comp_590_cycle_2_9",8
"3691","virus_comp_593_cycle_1_27",8
"3692","virus_comp_593_cycle_1_47",8
"3693","virus_comp_593_cycle_1_48",8
"3694","virus_comp_593_cycle_1_49",8
"3695","virus_comp_593_cycle_1_51",8
"3696","virus_comp_593_cycle_1_59",8
"3697","virus_comp_593_cycle_1_60",8
"3698","virus_comp_593_cycle_1_61",8
"3699","virus_comp_5946_cycle_1_1",8
"3700","virus_comp_5946_cycle_1_2",8
"3701","virus_comp_595_cycle_1_6",8
"3702","virus_comp_597_cycle_1_2",8
"3703","virus_comp_60_cycle_1_22",8
"3704","virus_comp_6037_cycle_1_4",8
"3705","virus_comp_606_cycle_1_1",8
"3706","virus_comp_608_cycle_1_4",8
"3707","virus_comp_609_cycle_1_4",8
"3708","virus_comp_613_cycle_1_10",8
"3709","virus_comp_613_cycle_1_11",8
"3710","virus_comp_613_cycle_1_13",8
"3711","virus_comp_613_cycle_1_3",8
"3712","virus_comp_62_cycle_1_1",8
"3713","virus_comp_62_cycle_1_10",8
"3714","virus_comp_62_cycle_1_21",8
"3715","virus_comp_62_cycle_1_23",8
"3716","virus_comp_62_cycle_1_25",8
"3717","virus_comp_634_cycle_1_25",8
"3718","virus_comp_64_cycle_1_3",8
"3719","virus_comp_67_cycle_1_13",8
"3720","virus_comp_67_cycle_1_24",8
"3721","virus_comp_67_cycle_1_7",8
"3722","virus_comp_700_cycle_1_2",8
"3723","virus_comp_7041_cycle_1_2",8
"3724","virus_comp_7064_cycle_1_2",8
"3725","virus_comp_708_cycle_1_1",8
"3726","virus_comp_708_cycle_1_7",8
"3727","virus_comp_708_cycle_1_9",8
"3728","virus_comp_7146_cycle_1_2",8
"3729","virus_comp_7191_cycle_1_2",8
"3730","virus_comp_720_cycle_1_10",8
"3731","virus_comp_720_cycle_1_11",8
"3732","virus_comp_720_cycle_1_22",8
"3733","virus_comp_720_cycle_1_24",8
"3734","virus_comp_720_cycle_1_3",8
"3735","virus_comp_720_cycle_1_4",8
"3736","virus_comp_722_cycle_1_52",8
"3737","virus_comp_722_cycle_1_64",8
"3738","virus_comp_729_cycle_1_12",8
"3739","virus_comp_729_cycle_1_34",8
"3740","virus_comp_729_cycle_1_45",8
"3741","virus_comp_729_cycle_1_7",8
"3742","virus_comp_73_cycle_1_16",8
"3743","virus_comp_732_cycle_1_6",8
"3744","virus_comp_733_cycle_1_18",8
"3745","virus_comp_757_cycle_1_61",8
"3746","virus_comp_760_cycle_1_1",8
"3747","virus_comp_765_cycle_1_8",8
"3748","virus_comp_768_cycle_1_36",8
"3749","virus_comp_7718_cycle_1_1",8
"3750","virus_comp_7974_cycle_1_3",8
"3751","virus_comp_8010_cycle_1_1",8
"3752","virus_comp_81_cycle_1_4",8
"3753","virus_comp_810_cycle_1_2",8
"3754","virus_comp_810_cycle_1_3",8
"3755","virus_comp_821_cycle_5_17",8
"3756","virus_comp_821_cycle_5_18",8
"3757","virus_comp_821_cycle_5_48",8
"3758","virus_comp_821_cycle_5_6",8
"3759","virus_comp_821_cycle_5_7",8
"3760","virus_comp_821_cycle_5_9",8
"3761","virus_comp_8241_cycle_1_1",8
"3762","virus_comp_839_cycle_1_44",8
"3763","virus_comp_8507_cycle_1_3",8
"3764","virus_comp_853_cycle_1_14",8
"3765","virus_comp_858_cycle_1_11",8
"3766","virus_comp_858_cycle_1_15",8
"3767","virus_comp_858_cycle_1_34",8
"3768","virus_comp_858_cycle_1_35",8
"3769","virus_comp_858_cycle_1_41",8
"3770","virus_comp_86_cycle_1_1",8
"3771","virus_comp_863_cycle_1_20",8
"3772","virus_comp_872_cycle_1_1",8
"3773","virus_comp_873_cycle_1_8",8
"3774","virus_comp_8731_cycle_1_1",8
"3775","virus_comp_875_cycle_1_7",8
"3776","virus_comp_8751_cycle_1_3",8
"3777","virus_comp_876_cycle_1_10",8
"3778","virus_comp_876_cycle_1_12",8
"3779","virus_comp_876_cycle_1_7",8
"3780","virus_comp_877_cycle_1_7",8
"3781","virus_comp_8859_cycle_1_2",8
"3782","virus_comp_887_cycle_1_47",8
"3783","virus_comp_894_cycle_1_39",8
"3784","virus_comp_9078_cycle_1_1",8
"3785","virus_comp_9108_cycle_1_2",8
"3786","virus_comp_911_cycle_1_2",8
"3787","virus_comp_911_cycle_1_4",8
"3788","virus_comp_935_cycle_1_11",8
"3789","virus_comp_952_cycle_1_15",8
"3790","virus_comp_952_cycle_1_2",8
"3791","virus_comp_952_cycle_1_4",8
"3792","virus_comp_957_cycle_1_1",8
"3793","virus_comp_960_cycle_1_1",8
"3794","virus_comp_9646_cycle_1_3",8
"3795","virus_comp_9673_cycle_1_1",8
"3796","virus_comp_9681_cycle_1_4",8
"3797","virus_comp_9712_cycle_1_2",8
"3798","virus_comp_975_cycle_1_3",8
"3799","virus_comp_984_cycle_1_14",8
"3800","virus_comp_984_cycle_1_8",8
"3801","edge_1291_116",8
"3802","edge_1468_18",8
"3803","edge_1468_33",8
"3804","edge_1468_39",8
"3805","edge_1468_53",8
"3806","edge_1468_75",8
"3807","edge_1474_10",8
"3808","edge_1474_18",8
"3809","edge_1476_10",8
"3810","edge_1476_13",8
"3811","edge_1495_6",8
"3812","edge_1496_21",8
"3813","edge_1496_5",8
"3814","edge_1512_18",8
"3815","edge_1512_30",8
"3816","edge_1512_51",8
"3817","edge_1512_74",8
"3818","edge_1512_9",8
"3819","edge_1627_15",8
"3820","edge_1627_33",8
"3821","edge_1627_35",8
"3822","edge_1631_21",8
"3823","edge_1631_42",8
"3824","edge_1631_44",8
"3825","edge_1631_5",8
"3826","edge_1632_5",8
"3827","edge_1633_2",8
"3828","edge_1633_24",8
"3829","edge_1633_46",8
"3830","edge_1633_52",8
"3831","edge_1633_53",8
"3832","edge_1633_56",8
"3833","edge_1641_44",8
"3834","edge_1709_17",8
"3835","edge_1709_22",8
"3836","edge_1709_29",8
"3837","edge_1709_32",8
"3838","edge_1709_49",8
"3839","edge_1709_53",8
"3840","edge_1732_10",8
"3841","edge_1732_12",8
"3842","edge_1732_15",8
"3843","edge_1732_26",8
"3844","edge_1732_27",8
"3845","edge_1732_28",8
"3846","edge_1732_43",8
"3847","edge_1732_45",8
"3848","edge_1732_50",8
"3849","edge_1732_52",8
"3850","edge_1732_56",8
"3851","edge_1732_57",8
"3852","edge_1732_6",8
"3853","edge_1732_66",8
"3854","edge_1732_68",8
"3855","edge_1732_69",8
"3856","edge_1732_70",8
"3857","edge_1732_73",8
"3858","edge_1732_75",8
"3859","edge_1782_33",8
"3860","edge_1782_40",8
"3861","edge_1845_6",8
"3862","edge_1845_9",8
"3863","edge_1847_22",8
"3864","edge_1847_7",8
"3865","edge_1847_9",8
"3866","edge_1896_6",8
"3867","edge_1986_2",8
"3868","edge_1987_1",8
"3869","edge_1987_7",8
"3870","edge_1989_1",8
"3871","edge_1989_10",8
"3872","edge_1989_18",8
"3873","edge_1989_29",8
"3874","edge_1989_32",8
"3875","edge_1989_41",8
"3876","edge_1989_48",8
"3877","edge_2044_32",8
"3878","edge_2063_29",8
"3879","edge_2104_1",8
"3880","edge_2143_52",8
"3881","edge_2199_2",8
"3882","edge_2254_5",8
"3883","edge_2381_2",8
"3884","edge_2381_6",8
"3885","edge_2454_1",8
"3886","edge_2454_10",8
"3887","edge_2454_20",8
"3888","edge_2461_19",8
"3889","edge_2461_27",8
"3890","edge_2461_3",8
"3891","edge_2484_10",8
"3892","edge_2484_38",8
"3893","edge_2486_10",8
"3894","edge_2486_23",8
"3895","edge_2486_29",8
"3896","edge_2486_32",8
"3897","edge_2486_33",8
"3898","edge_263_17",8
"3899","edge_263_19",8
"3900","edge_263_20",8
"3901","edge_263_24",8
"3902","edge_263_29",8
"3903","edge_263_30",8
"3904","edge_263_36",8
"3905","edge_263_8",8
"3906","edge_263_9",8
"3907","edge_2636_2",8
"3908","edge_284_28",8
"3909","edge_284_9",8
"3910","edge_2859_14",8
"3911","edge_2859_2",8
"3912","edge_288_2",8
"3913","edge_294_10",8
"3914","edge_294_11",8
"3915","edge_294_14",8
"3916","edge_294_29",8
"3917","edge_294_33",8
"3918","edge_294_4",8
"3919","edge_294_40",8
"3920","edge_294_48",8
"3921","edge_294_6",8
"3922","edge_294_9",8
"3923","edge_295_31",8
"3924","edge_295_5",8
"3925","edge_295_60",8
"3926","edge_295_61",8
"3927","edge_300_3",8
"3928","edge_303_10",8
"3929","edge_303_12",8
"3930","edge_303_3",8
"3931","edge_311_7",8
"3932","edge_3176_12",8
"3933","edge_3176_14",8
"3934","edge_3176_16",8
"3935","edge_329_10",8
"3936","edge_330_22",8
"3937","edge_3513_15",8
"3938","edge_4_14",8
"3939","edge_4_20",8
"3940","edge_4_34",8
"3941","edge_4_9",8
"3942","edge_48622_11",8
"3943","edge_48662_18",8
"3944","edge_48662_22",8
"3945","edge_48732_22",8
"3946","edge_48806_9",8
"3947","edge_48897_1",8
"3948","edge_61_45",8
"3949","edge_61_49",8
"3950","edge_72_7",8
"3951","edge_75_25",8
"3952","edge_75_31",8
"3953","edge_957_21",8
"3954","edge_957_22",8
"3955","edge_957_24",8
"3956","edge_957_26",8
"3957","edge_957_33",8
"3958","edge_957_34",8
"3959","edge_957_39",8
"3960","edge_957_42",8
"3961","edge_957_46",8
"3962","edge_959_10",8
"3963","edge_959_102",8
"3964","edge_959_16",8
"3965","edge_959_18",8
"3966","edge_959_44",8
"3967","edge_959_47",8
"3968","edge_959_49",8
"3969","edge_959_50",8
"3970","edge_959_55",8
"3971","edge_959_56",8
"3972","edge_959_57",8
"3973","edge_959_59",8
"3974","edge_959_72",8
"3975","edge_959_80",8
"3976","edge_959_84",8
"3977","edge_959_85",8
"3978","edge_959_86",8
"3979","edge_965_23",8
"3980","edge_967_2",8
"3981","edge_967_6",8
"3982","edge_976_3",8
"3983","virus_comp_10080_cycle_1_3",7
"3984","virus_comp_1019_cycle_1_12",7
"3985","virus_comp_1019_cycle_1_15",7
"3986","virus_comp_1019_cycle_1_7",7
"3987","virus_comp_1019_cycle_1_9",7
"3988","virus_comp_1020_cycle_1_1",7
"3989","virus_comp_1020_cycle_1_5",7
"3990","virus_comp_10304_cycle_1_4",7
"3991","virus_comp_1035_cycle_1_5",7
"3992","virus_comp_1045_cycle_1_5",7
"3993","virus_comp_10526_cycle_1_4",7
"3994","virus_comp_10550_cycle_1_3",7
"3995","virus_comp_1058_cycle_1_3",7
"3996","virus_comp_1069_cycle_1_5",7
"3997","virus_comp_1073_cycle_1_13",7
"3998","virus_comp_1086_cycle_1_1",7
"3999","virus_comp_1086_cycle_1_11",7
"4000","virus_comp_1086_cycle_1_2",7
"4001","virus_comp_1086_cycle_1_21",7
"4002","virus_comp_1086_cycle_1_23",7
"4003","virus_comp_1086_cycle_1_9",7
"4004","virus_comp_10888_cycle_1_2",7
"4005","virus_comp_10904_cycle_1_2",7
"4006","virus_comp_1102_cycle_1_3",7
"4007","virus_comp_1103_cycle_1_5",7
"4008","virus_comp_1111_cycle_2_11",7
"4009","virus_comp_1111_cycle_2_16",7
"4010","virus_comp_1111_cycle_2_20",7
"4011","virus_comp_1111_cycle_2_5",7
"4012","virus_comp_1111_cycle_2_6",7
"4013","virus_comp_1111_cycle_2_8",7
"4014","virus_comp_11176_cycle_1_3",7
"4015","virus_comp_1121_cycle_1_2",7
"4016","virus_comp_1121_cycle_2_5",7
"4017","virus_comp_1125_cycle_1_5",7
"4018","virus_comp_11305_cycle_1_1",7
"4019","virus_comp_11305_cycle_1_2",7
"4020","virus_comp_1131_cycle_2_10",7
"4021","virus_comp_1131_cycle_2_18",7
"4022","virus_comp_1131_cycle_2_19",7
"4023","virus_comp_1131_cycle_2_26",7
"4024","virus_comp_1131_cycle_2_9",7
"4025","virus_comp_1135_cycle_1_4",7
"4026","virus_comp_1135_cycle_1_7",7
"4027","virus_comp_1146_cycle_3_10",7
"4028","virus_comp_1146_cycle_3_14",7
"4029","virus_comp_1146_cycle_3_3",7
"4030","virus_comp_1146_cycle_3_7",7
"4031","virus_comp_1146_cycle_3_9",7
"4032","virus_comp_1147_cycle_1_2",7
"4033","virus_comp_11535_cycle_1_1",7
"4034","virus_comp_11570_cycle_1_1",7
"4035","virus_comp_1158_cycle_2_18",7
"4036","virus_comp_1162_cycle_1_10",7
"4037","virus_comp_11649_cycle_1_1",7
"4038","virus_comp_11649_cycle_1_3",7
"4039","virus_comp_11677_cycle_1_1",7
"4040","virus_comp_11683_cycle_1_2",7
"4041","virus_comp_1171_cycle_1_10",7
"4042","virus_comp_1171_cycle_1_18",7
"4043","virus_comp_1171_cycle_1_3",7
"4044","virus_comp_1171_cycle_1_4",7
"4045","virus_comp_11721_cycle_1_2",7
"4046","virus_comp_1173_cycle_1_25",7
"4047","virus_comp_1173_cycle_1_4",7
"4048","virus_comp_1173_cycle_1_7",7
"4049","virus_comp_1176_cycle_1_2",7
"4050","virus_comp_1176_cycle_1_8",7
"4051","virus_comp_1177_cycle_1_4",7
"4052","virus_comp_1191_cycle_1_3",7
"4053","virus_comp_12029_cycle_1_2",7
"4054","virus_comp_12029_cycle_1_4",7
"4055","virus_comp_12146_cycle_1_2",7
"4056","virus_comp_12146_cycle_1_3",7
"4057","virus_comp_122_cycle_1_2",7
"4058","virus_comp_12474_cycle_1_2",7
"4059","virus_comp_1259_cycle_1_5",7
"4060","virus_comp_126_cycle_1_104",7
"4061","virus_comp_126_cycle_1_118",7
"4062","virus_comp_126_cycle_1_137",7
"4063","virus_comp_126_cycle_1_162",7
"4064","virus_comp_126_cycle_1_168",7
"4065","virus_comp_126_cycle_1_187",7
"4066","virus_comp_126_cycle_1_199",7
"4067","virus_comp_126_cycle_1_200",7
"4068","virus_comp_126_cycle_1_204",7
"4069","virus_comp_126_cycle_1_224",7
"4070","virus_comp_126_cycle_1_8",7
"4071","virus_comp_126_cycle_1_92",7
"4072","virus_comp_1260_cycle_2_1",7
"4073","virus_comp_1260_cycle_2_11",7
"4074","virus_comp_1260_cycle_2_12",7
"4075","virus_comp_12706_cycle_1_3",7
"4076","virus_comp_1278_cycle_1_6",7
"4077","virus_comp_1298_cycle_1_6",7
"4078","virus_comp_1299_cycle_2_2",7
"4079","virus_comp_1299_cycle_2_5",7
"4080","virus_comp_1307_cycle_1_3",7
"4081","virus_comp_1307_cycle_1_4",7
"4082","virus_comp_1307_cycle_1_8",7
"4083","virus_comp_1317_cycle_1_2",7
"4084","virus_comp_13172_cycle_1_1",7
"4085","virus_comp_13350_cycle_1_2",7
"4086","virus_comp_13388_cycle_1_3",7
"4087","virus_comp_13432_cycle_1_1",7
"4088","virus_comp_13432_cycle_1_2",7
"4089","virus_comp_1354_cycle_1_12",7
"4090","virus_comp_1354_cycle_1_7",7
"4091","virus_comp_1392_cycle_1_2",7
"4092","virus_comp_1420_cycle_1_11",7
"4093","virus_comp_1420_cycle_1_5",7
"4094","virus_comp_1423_cycle_1_2",7
"4095","virus_comp_14393_cycle_1_2",7
"4096","virus_comp_1448_cycle_1_5",7
"4097","virus_comp_1470_cycle_1_20",7
"4098","virus_comp_14768_cycle_1_2",7
"4099","virus_comp_149_cycle_1_5",7
"4100","virus_comp_149_cycle_1_6",7
"4101","virus_comp_149_cycle_1_9",7
"4102","virus_comp_14969_cycle_1_1",7
"4103","virus_comp_14969_cycle_1_2",7
"4104","virus_comp_14977_cycle_1_1",7
"4105","virus_comp_150_cycle_1_107",7
"4106","virus_comp_150_cycle_1_146",7
"4107","virus_comp_150_cycle_1_15",7
"4108","virus_comp_150_cycle_1_201",7
"4109","virus_comp_150_cycle_1_202",7
"4110","virus_comp_150_cycle_1_207",7
"4111","virus_comp_150_cycle_1_21",7
"4112","virus_comp_150_cycle_1_37",7
"4113","virus_comp_150_cycle_1_46",7
"4114","virus_comp_150_cycle_1_63",7
"4115","virus_comp_150_cycle_1_64",7
"4116","virus_comp_150_cycle_1_71",7
"4117","virus_comp_150_cycle_1_77",7
"4118","virus_comp_1518_cycle_1_1",7
"4119","virus_comp_1533_cycle_1_3",7
"4120","virus_comp_1544_cycle_1_14",7
"4121","virus_comp_155_cycle_1_119",7
"4122","virus_comp_155_cycle_1_182",7
"4123","virus_comp_155_cycle_1_50",7
"4124","virus_comp_155_cycle_2_109",7
"4125","virus_comp_155_cycle_2_142",7
"4126","virus_comp_155_cycle_2_148",7
"4127","virus_comp_155_cycle_2_153",7
"4128","virus_comp_155_cycle_2_169",7
"4129","virus_comp_155_cycle_2_179",7
"4130","virus_comp_155_cycle_2_186",7
"4131","virus_comp_155_cycle_2_195",7
"4132","virus_comp_155_cycle_2_63",7
"4133","virus_comp_155_cycle_2_91",7
"4134","virus_comp_15564_cycle_1_3",7
"4135","virus_comp_15644_cycle_1_3",7
"4136","virus_comp_158_cycle_1_1",7
"4137","virus_comp_158_cycle_1_3",7
"4138","virus_comp_1581_cycle_1_1",7
"4139","virus_comp_1589_cycle_1_11",7
"4140","virus_comp_1589_cycle_1_13",7
"4141","virus_comp_1589_cycle_1_14",7
"4142","virus_comp_1589_cycle_1_15",7
"4143","virus_comp_16029_cycle_1_1",7
"4144","virus_comp_16041_cycle_1_1",7
"4145","virus_comp_1613_cycle_1_1",7
"4146","virus_comp_1625_cycle_1_2",7
"4147","virus_comp_1625_cycle_1_5",7
"4148","virus_comp_1625_cycle_1_6",7
"4149","virus_comp_1625_cycle_1_7",7
"4150","virus_comp_16274_cycle_1_1",7
"4151","virus_comp_163_cycle_1_5",7
"4152","virus_comp_163_cycle_1_8",7
"4153","virus_comp_16335_cycle_1_1",7
"4154","virus_comp_16363_cycle_1_1",7
"4155","virus_comp_16393_cycle_1_2",7
"4156","virus_comp_16393_cycle_1_3",7
"4157","virus_comp_16452_cycle_1_1",7
"4158","virus_comp_16524_cycle_1_3",7
"4159","virus_comp_1660_cycle_1_1",7
"4160","virus_comp_1660_cycle_1_2",7
"4161","virus_comp_16756_cycle_1_2",7
"4162","virus_comp_1687_cycle_1_7",7
"4163","virus_comp_1706_cycle_1_9",7
"4164","virus_comp_1740_cycle_1_1",7
"4165","virus_comp_1740_cycle_1_16",7
"4166","virus_comp_1740_cycle_1_19",7
"4167","virus_comp_1749_cycle_1_11",7
"4168","virus_comp_1749_cycle_1_12",7
"4169","virus_comp_1749_cycle_1_8",7
"4170","virus_comp_1767_cycle_1_7",7
"4171","virus_comp_1772_cycle_1_11",7
"4172","virus_comp_17772_cycle_1_9",7
"4173","virus_comp_17778_cycle_1_7",7
"4174","virus_comp_17785_cycle_1_4",7
"4175","virus_comp_17787_cycle_1_13",7
"4176","virus_comp_17789_cycle_1_1",7
"4177","virus_comp_17789_cycle_1_12",7
"4178","virus_comp_17789_cycle_1_13",7
"4179","virus_comp_17789_cycle_1_15",7
"4180","virus_comp_17789_cycle_1_2",7
"4181","virus_comp_17789_cycle_1_3",7
"4182","virus_comp_17796_cycle_1_10",7
"4183","virus_comp_17796_cycle_1_4",7
"4184","virus_comp_17797_cycle_1_13",7
"4185","virus_comp_17797_cycle_1_2",7
"4186","virus_comp_17797_cycle_1_22",7
"4187","virus_comp_17797_cycle_1_24",7
"4188","virus_comp_17797_cycle_1_6",7
"4189","virus_comp_17797_cycle_1_7",7
"4190","virus_comp_17800_cycle_1_11",7
"4191","virus_comp_17800_cycle_1_34",7
"4192","virus_comp_17800_cycle_1_56",7
"4193","virus_comp_17802_cycle_1_4",7
"4194","virus_comp_17809_cycle_1_2",7
"4195","virus_comp_17809_cycle_1_3",7
"4196","virus_comp_17817_cycle_1_13",7
"4197","virus_comp_17817_cycle_1_18",7
"4198","virus_comp_17817_cycle_1_27",7
"4199","virus_comp_17817_cycle_1_42",7
"4200","virus_comp_17817_cycle_1_5",7
"4201","virus_comp_17817_cycle_1_55",7
"4202","virus_comp_17817_cycle_1_60",7
"4203","virus_comp_17817_cycle_1_61",7
"4204","virus_comp_17822_cycle_1_2",7
"4205","virus_comp_17837_cycle_1_8",7
"4206","virus_comp_17840_cycle_1_27",7
"4207","virus_comp_17840_cycle_1_73",7
"4208","virus_comp_17843_cycle_1_38",7
"4209","virus_comp_17849_cycle_1_11",7
"4210","virus_comp_17849_cycle_1_12",7
"4211","virus_comp_17849_cycle_1_7",7
"4212","virus_comp_17861_cycle_1_1",7
"4213","virus_comp_17861_cycle_1_64",7
"4214","virus_comp_17861_cycle_1_7",7
"4215","virus_comp_17866_cycle_1_56",7
"4216","virus_comp_17871_cycle_1_3",7
"4217","virus_comp_17874_cycle_1_1",7
"4218","virus_comp_17877_cycle_1_10",7
"4219","virus_comp_17877_cycle_1_16",7
"4220","virus_comp_17877_cycle_1_17",7
"4221","virus_comp_17877_cycle_1_21",7
"4222","virus_comp_17877_cycle_1_24",7
"4223","virus_comp_17877_cycle_1_34",7
"4224","virus_comp_17877_cycle_1_4",7
"4225","virus_comp_17877_cycle_1_45",7
"4226","virus_comp_17877_cycle_1_5",7
"4227","virus_comp_17877_cycle_1_50",7
"4228","virus_comp_17877_cycle_1_9",7
"4229","virus_comp_17881_cycle_1_60",7
"4230","virus_comp_17889_cycle_1_38",7
"4231","virus_comp_17889_cycle_1_5",7
"4232","virus_comp_17889_cycle_1_59",7
"4233","virus_comp_17889_cycle_1_60",7
"4234","virus_comp_17889_cycle_1_7",7
"4235","virus_comp_17895_cycle_1_23",7
"4236","virus_comp_17898_cycle_1_3",7
"4237","virus_comp_17900_cycle_1_4",7
"4238","virus_comp_17900_cycle_1_5",7
"4239","virus_comp_17900_cycle_1_8",7
"4240","virus_comp_17903_cycle_1_1",7
"4241","virus_comp_17903_cycle_1_11",7
"4242","virus_comp_17903_cycle_1_13",7
"4243","virus_comp_17903_cycle_1_2",7
"4244","virus_comp_17903_cycle_1_36",7
"4245","virus_comp_17903_cycle_1_39",7
"4246","virus_comp_17903_cycle_1_42",7
"4247","virus_comp_17906_cycle_1_17",7
"4248","virus_comp_17906_cycle_1_20",7
"4249","virus_comp_17906_cycle_1_26",7
"4250","virus_comp_17906_cycle_1_29",7
"4251","virus_comp_17906_cycle_1_36",7
"4252","virus_comp_17906_cycle_1_46",7
"4253","virus_comp_17907_cycle_1_19",7
"4254","virus_comp_17907_cycle_1_27",7
"4255","virus_comp_17907_cycle_1_30",7
"4256","virus_comp_17907_cycle_1_32",7
"4257","virus_comp_17910_cycle_1_12",7
"4258","virus_comp_17910_cycle_1_14",7
"4259","virus_comp_17910_cycle_1_28",7
"4260","virus_comp_17910_cycle_1_34",7
"4261","virus_comp_17910_cycle_1_38",7
"4262","virus_comp_17910_cycle_1_6",7
"4263","virus_comp_17917_cycle_1_6",7
"4264","virus_comp_17918_cycle_1_4",7
"4265","virus_comp_1792_cycle_1_1",7
"4266","virus_comp_17920_cycle_1_4",7
"4267","virus_comp_17920_cycle_1_5",7
"4268","virus_comp_17924_cycle_1_30",7
"4269","virus_comp_17924_cycle_1_34",7
"4270","virus_comp_17927_cycle_1_19",7
"4271","virus_comp_17932_cycle_1_10",7
"4272","virus_comp_17932_cycle_1_5",7
"4273","virus_comp_17932_cycle_1_6",7
"4274","virus_comp_17932_cycle_1_7",7
"4275","virus_comp_17934_cycle_1_2",7
"4276","virus_comp_17934_cycle_1_21",7
"4277","virus_comp_17934_cycle_1_4",7
"4278","virus_comp_17935_cycle_1_10",7
"4279","virus_comp_17935_cycle_1_20",7
"4280","virus_comp_17945_cycle_1_12",7
"4281","virus_comp_17945_cycle_1_2",7
"4282","virus_comp_17945_cycle_1_4",7
"4283","virus_comp_17945_cycle_1_6",7
"4284","virus_comp_17945_cycle_1_7",7
"4285","virus_comp_17945_cycle_1_8",7
"4286","virus_comp_17945_cycle_1_9",7
"4287","virus_comp_17951_cycle_1_26",7
"4288","virus_comp_17951_cycle_1_28",7
"4289","virus_comp_17955_cycle_1_13",7
"4290","virus_comp_17955_cycle_1_15",7
"4291","virus_comp_17955_cycle_1_3",7
"4292","virus_comp_17959_cycle_1_14",7
"4293","virus_comp_17959_cycle_1_2",7
"4294","virus_comp_17959_cycle_1_7",7
"4295","virus_comp_1796_cycle_1_2",7
"4296","virus_comp_1796_cycle_1_7",7
"4297","virus_comp_17963_cycle_1_7",7
"4298","virus_comp_17970_cycle_1_1",7
"4299","virus_comp_17970_cycle_1_2",7
"4300","virus_comp_17971_cycle_1_11",7
"4301","virus_comp_17971_cycle_1_18",7
"4302","virus_comp_17971_cycle_1_20",7
"4303","virus_comp_17971_cycle_1_21",7
"4304","virus_comp_17971_cycle_1_5",7
"4305","virus_comp_17971_cycle_1_7",7
"4306","virus_comp_17980_cycle_1_10",7
"4307","virus_comp_17980_cycle_1_11",7
"4308","virus_comp_17980_cycle_1_13",7
"4309","virus_comp_17980_cycle_1_15",7
"4310","virus_comp_17980_cycle_1_17",7
"4311","virus_comp_17980_cycle_1_8",7
"4312","virus_comp_17991_cycle_1_4",7
"4313","virus_comp_17992_cycle_1_15",7
"4314","virus_comp_180_cycle_1_4",7
"4315","virus_comp_180_cycle_1_5",7
"4316","virus_comp_180_cycle_1_8",7
"4317","virus_comp_18020_cycle_1_12",7
"4318","virus_comp_18020_cycle_1_19",7
"4319","virus_comp_18037_cycle_1_15",7
"4320","virus_comp_18037_cycle_1_19",7
"4321","virus_comp_18037_cycle_1_3",7
"4322","virus_comp_18040_cycle_1_11",7
"4323","virus_comp_18040_cycle_1_15",7
"4324","virus_comp_18040_cycle_1_3",7
"4325","virus_comp_18042_cycle_1_14",7
"4326","virus_comp_18042_cycle_1_5",7
"4327","virus_comp_18053_cycle_1_9",7
"4328","virus_comp_18054_cycle_1_14",7
"4329","virus_comp_18054_cycle_1_20",7
"4330","virus_comp_18054_cycle_1_7",7
"4331","virus_comp_18055_cycle_1_16",7
"4332","virus_comp_18064_cycle_1_11",7
"4333","virus_comp_18078_cycle_1_14",7
"4334","virus_comp_181_cycle_1_2",7
"4335","virus_comp_181_cycle_1_4",7
"4336","virus_comp_18118_cycle_1_4",7
"4337","virus_comp_18118_cycle_1_7",7
"4338","virus_comp_18121_cycle_1_6",7
"4339","virus_comp_18121_cycle_1_7",7
"4340","virus_comp_18121_cycle_1_8",7
"4341","virus_comp_18132_cycle_1_1",7
"4342","virus_comp_18132_cycle_1_6",7
"4343","virus_comp_18133_cycle_1_4",7
"4344","virus_comp_18153_cycle_1_3",7
"4345","virus_comp_18153_cycle_1_4",7
"4346","virus_comp_18158_cycle_1_1",7
"4347","virus_comp_1816_cycle_1_12",7
"4348","virus_comp_1816_cycle_1_6",7
"4349","virus_comp_18166_cycle_1_11",7
"4350","virus_comp_18174_cycle_1_7",7
"4351","virus_comp_18176_cycle_1_7",7
"4352","virus_comp_18182_cycle_1_1",7
"4353","virus_comp_18191_cycle_1_10",7
"4354","virus_comp_18191_cycle_1_11",7
"4355","virus_comp_18191_cycle_1_6",7
"4356","virus_comp_18200_cycle_1_5",7
"4357","virus_comp_18200_cycle_1_7",7
"4358","virus_comp_18230_cycle_1_1",7
"4359","virus_comp_18240_cycle_1_9",7
"4360","virus_comp_18253_cycle_1_1",7
"4361","virus_comp_18289_cycle_1_1",7
"4362","virus_comp_18289_cycle_1_4",7
"4363","virus_comp_18299_cycle_1_3",7
"4364","virus_comp_18299_cycle_1_5",7
"4365","virus_comp_18299_cycle_1_6",7
"4366","virus_comp_1830_cycle_1_7",7
"4367","virus_comp_18305_cycle_1_2",7
"4368","virus_comp_18356_cycle_1_3",7
"4369","virus_comp_18380_cycle_1_3",7
"4370","virus_comp_18390_cycle_1_2",7
"4371","virus_comp_18412_cycle_1_10",7
"4372","virus_comp_18422_cycle_1_1",7
"4373","virus_comp_18459_cycle_1_1",7
"4374","virus_comp_18480_cycle_1_4",7
"4375","virus_comp_18547_cycle_1_3",7
"4376","virus_comp_189_cycle_1_4",7
"4377","virus_comp_189_cycle_1_5",7
"4378","virus_comp_1898_cycle_1_8",7
"4379","virus_comp_193_cycle_1_145",7
"4380","virus_comp_193_cycle_1_148",7
"4381","virus_comp_195_cycle_1_10",7
"4382","virus_comp_195_cycle_1_112",7
"4383","virus_comp_195_cycle_1_113",7
"4384","virus_comp_195_cycle_1_119",7
"4385","virus_comp_195_cycle_1_173",7
"4386","virus_comp_195_cycle_1_177",7
"4387","virus_comp_195_cycle_1_179",7
"4388","virus_comp_195_cycle_1_182",7
"4389","virus_comp_195_cycle_1_184",7
"4390","virus_comp_195_cycle_1_19",7
"4391","virus_comp_195_cycle_1_20",7
"4392","virus_comp_195_cycle_1_30",7
"4393","virus_comp_195_cycle_1_48",7
"4394","virus_comp_195_cycle_1_55",7
"4395","virus_comp_195_cycle_1_56",7
"4396","virus_comp_195_cycle_1_57",7
"4397","virus_comp_195_cycle_1_80",7
"4398","virus_comp_195_cycle_1_88",7
"4399","virus_comp_195_cycle_1_9",7
"4400","virus_comp_195_cycle_1_91",7
"4401","virus_comp_195_cycle_1_92",7
"4402","virus_comp_195_cycle_1_95",7
"4403","virus_comp_195_cycle_1_98",7
"4404","virus_comp_1965_cycle_1_1",7
"4405","virus_comp_1965_cycle_1_2",7
"4406","virus_comp_1965_cycle_1_4",7
"4407","virus_comp_1965_cycle_1_5",7
"4408","virus_comp_1965_cycle_1_6",7
"4409","virus_comp_1965_cycle_1_8",7
"4410","virus_comp_1965_cycle_1_9",7
"4411","virus_comp_197_cycle_1_101",7
"4412","virus_comp_197_cycle_1_15",7
"4413","virus_comp_197_cycle_1_18",7
"4414","virus_comp_197_cycle_1_2",7
"4415","virus_comp_197_cycle_1_45",7
"4416","virus_comp_197_cycle_1_48",7
"4417","virus_comp_197_cycle_1_55",7
"4418","virus_comp_197_cycle_1_59",7
"4419","virus_comp_197_cycle_1_6",7
"4420","virus_comp_197_cycle_1_67",7
"4421","virus_comp_197_cycle_1_71",7
"4422","virus_comp_197_cycle_1_82",7
"4423","virus_comp_197_cycle_1_99",7
"4424","virus_comp_199_cycle_1_3",7
"4425","virus_comp_1990_cycle_1_7",7
"4426","virus_comp_1997_cycle_1_4",7
"4427","virus_comp_200_cycle_1_3",7
"4428","virus_comp_2008_cycle_1_4",7
"4429","virus_comp_2026_cycle_1_2",7
"4430","virus_comp_2033_cycle_1_4",7
"4431","virus_comp_2042_cycle_1_8",7
"4432","virus_comp_2050_cycle_1_2",7
"4433","virus_comp_2050_cycle_1_8",7
"4434","virus_comp_2057_cycle_1_5",7
"4435","virus_comp_206_cycle_1_52",7
"4436","virus_comp_206_cycle_1_53",7
"4437","virus_comp_2060_cycle_1_8",7
"4438","virus_comp_2063_cycle_1_1",7
"4439","virus_comp_2063_cycle_1_2",7
"4440","virus_comp_2063_cycle_1_3",7
"4441","virus_comp_2063_cycle_1_4",7
"4442","virus_comp_2063_cycle_1_6",7
"4443","virus_comp_2063_cycle_1_7",7
"4444","virus_comp_2063_cycle_1_8",7
"4445","virus_comp_2063_cycle_1_9",7
"4446","virus_comp_2073_cycle_1_2",7
"4447","virus_comp_2073_cycle_1_5",7
"4448","virus_comp_2073_cycle_1_8",7
"4449","virus_comp_2082_cycle_1_10",7
"4450","virus_comp_2089_cycle_1_11",7
"4451","virus_comp_2091_cycle_1_3",7
"4452","virus_comp_2093_cycle_1_7",7
"4453","virus_comp_2102_cycle_1_9",7
"4454","virus_comp_2106_cycle_1_1",7
"4455","virus_comp_2109_cycle_1_1",7
"4456","virus_comp_2109_cycle_1_6",7
"4457","virus_comp_2109_cycle_1_7",7
"4458","virus_comp_2119_cycle_1_1",7
"4459","virus_comp_2119_cycle_1_2",7
"4460","virus_comp_2133_cycle_1_2",7
"4461","virus_comp_2139_cycle_1_11",7
"4462","virus_comp_2165_cycle_1_6",7
"4463","virus_comp_2166_cycle_1_2",7
"4464","virus_comp_2169_cycle_1_9",7
"4465","virus_comp_2176_cycle_1_7",7
"4466","virus_comp_2179_cycle_1_4",7
"4467","virus_comp_2188_cycle_1_1",7
"4468","virus_comp_2188_cycle_1_2",7
"4469","virus_comp_2188_cycle_1_4",7
"4470","virus_comp_2188_cycle_1_6",7
"4471","virus_comp_2188_cycle_1_9",7
"4472","virus_comp_219_cycle_1_2",7
"4473","virus_comp_219_cycle_1_3",7
"4474","virus_comp_219_cycle_1_4",7
"4475","virus_comp_2195_cycle_1_7",7
"4476","virus_comp_221_cycle_1_3",7
"4477","virus_comp_2210_cycle_1_2",7
"4478","virus_comp_2211_cycle_1_4",7
"4479","virus_comp_2215_cycle_1_1",7
"4480","virus_comp_2216_cycle_1_1",7
"4481","virus_comp_2216_cycle_1_10",7
"4482","virus_comp_2216_cycle_1_7",7
"4483","virus_comp_2229_cycle_1_8",7
"4484","virus_comp_2233_cycle_1_3",7
"4485","virus_comp_2233_cycle_1_5",7
"4486","virus_comp_2239_cycle_1_11",7
"4487","virus_comp_2245_cycle_1_1",7
"4488","virus_comp_2248_cycle_1_12",7
"4489","virus_comp_2248_cycle_1_13",7
"4490","virus_comp_2251_cycle_1_3",7
"4491","virus_comp_2254_cycle_1_5",7
"4492","virus_comp_226_cycle_1_1",7
"4493","virus_comp_2261_cycle_1_1",7
"4494","virus_comp_2265_cycle_1_10",7
"4495","virus_comp_2269_cycle_1_7",7
"4496","virus_comp_2283_cycle_1_4",7
"4497","virus_comp_2283_cycle_1_6",7
"4498","virus_comp_229_cycle_1_77",7
"4499","virus_comp_229_cycle_1_78",7
"4500","virus_comp_2298_cycle_1_1",7
"4501","virus_comp_2298_cycle_1_2",7
"4502","virus_comp_2298_cycle_1_4",7
"4503","virus_comp_2298_cycle_1_5",7
"4504","virus_comp_2298_cycle_1_6",7
"4505","virus_comp_230_cycle_1_10",7
"4506","virus_comp_230_cycle_1_118",7
"4507","virus_comp_230_cycle_1_12",7
"4508","virus_comp_230_cycle_1_13",7
"4509","virus_comp_230_cycle_1_144",7
"4510","virus_comp_230_cycle_1_152",7
"4511","virus_comp_230_cycle_1_153",7
"4512","virus_comp_230_cycle_1_164",7
"4513","virus_comp_2305_cycle_1_1",7
"4514","virus_comp_2305_cycle_1_2",7
"4515","virus_comp_2308_cycle_1_4",7
"4516","virus_comp_2310_cycle_1_4",7
"4517","virus_comp_2338_cycle_1_6",7
"4518","virus_comp_2365_cycle_1_2",7
"4519","virus_comp_2365_cycle_1_3",7
"4520","virus_comp_2375_cycle_1_7",7
"4521","virus_comp_2378_cycle_1_10",7
"4522","virus_comp_2378_cycle_1_9",7
"4523","virus_comp_2382_cycle_1_6",7
"4524","virus_comp_2384_cycle_1_2",7
"4525","virus_comp_2384_cycle_1_7",7
"4526","virus_comp_2387_cycle_1_2",7
"4527","virus_comp_2391_cycle_1_1",7
"4528","virus_comp_2391_cycle_1_12",7
"4529","virus_comp_2391_cycle_1_2",7
"4530","virus_comp_2391_cycle_1_3",7
"4531","virus_comp_2391_cycle_1_4",7
"4532","virus_comp_2391_cycle_1_5",7
"4533","virus_comp_2391_cycle_1_8",7
"4534","virus_comp_2394_cycle_1_6",7
"4535","virus_comp_2399_cycle_1_2",7
"4536","virus_comp_2399_cycle_1_7",7
"4537","virus_comp_2413_cycle_1_3",7
"4538","virus_comp_2413_cycle_1_5",7
"4539","virus_comp_2431_cycle_1_3",7
"4540","virus_comp_2433_cycle_1_4",7
"4541","virus_comp_2438_cycle_1_9",7
"4542","virus_comp_2443_cycle_1_8",7
"4543","virus_comp_2445_cycle_1_6",7
"4544","virus_comp_2452_cycle_1_7",7
"4545","virus_comp_2465_cycle_1_4",7
"4546","virus_comp_2465_cycle_1_7",7
"4547","virus_comp_2471_cycle_1_6",7
"4548","virus_comp_2489_cycle_1_1",7
"4549","virus_comp_250_cycle_1_100",7
"4550","virus_comp_250_cycle_1_102",7
"4551","virus_comp_250_cycle_1_105",7
"4552","virus_comp_250_cycle_1_107",7
"4553","virus_comp_250_cycle_1_11",7
"4554","virus_comp_250_cycle_1_122",7
"4555","virus_comp_250_cycle_1_13",7
"4556","virus_comp_250_cycle_1_142",7
"4557","virus_comp_250_cycle_1_153",7
"4558","virus_comp_250_cycle_1_155",7
"4559","virus_comp_250_cycle_1_180",7
"4560","virus_comp_250_cycle_1_183",7
"4561","virus_comp_250_cycle_1_187",7
"4562","virus_comp_250_cycle_1_193",7
"4563","virus_comp_250_cycle_1_194",7
"4564","virus_comp_250_cycle_1_195",7
"4565","virus_comp_250_cycle_1_197",7
"4566","virus_comp_250_cycle_1_20",7
"4567","virus_comp_250_cycle_1_203",7
"4568","virus_comp_250_cycle_1_206",7
"4569","virus_comp_250_cycle_1_21",7
"4570","virus_comp_250_cycle_1_213",7
"4571","virus_comp_250_cycle_1_22",7
"4572","virus_comp_250_cycle_1_228",7
"4573","virus_comp_250_cycle_1_238",7
"4574","virus_comp_250_cycle_1_240",7
"4575","virus_comp_250_cycle_1_259",7
"4576","virus_comp_250_cycle_1_26",7
"4577","virus_comp_250_cycle_1_266",7
"4578","virus_comp_250_cycle_1_267",7
"4579","virus_comp_250_cycle_1_268",7
"4580","virus_comp_250_cycle_1_269",7
"4581","virus_comp_250_cycle_1_28",7
"4582","virus_comp_250_cycle_1_30",7
"4583","virus_comp_250_cycle_1_39",7
"4584","virus_comp_250_cycle_1_40",7
"4585","virus_comp_250_cycle_1_43",7
"4586","virus_comp_250_cycle_1_46",7
"4587","virus_comp_250_cycle_1_51",7
"4588","virus_comp_250_cycle_1_52",7
"4589","virus_comp_250_cycle_1_56",7
"4590","virus_comp_250_cycle_1_60",7
"4591","virus_comp_250_cycle_1_61",7
"4592","virus_comp_250_cycle_1_62",7
"4593","virus_comp_250_cycle_1_63",7
"4594","virus_comp_250_cycle_1_71",7
"4595","virus_comp_250_cycle_1_74",7
"4596","virus_comp_250_cycle_1_75",7
"4597","virus_comp_250_cycle_1_76",7
"4598","virus_comp_250_cycle_1_77",7
"4599","virus_comp_250_cycle_1_9",7
"4600","virus_comp_250_cycle_1_93",7
"4601","virus_comp_2500_cycle_1_3",7
"4602","virus_comp_2524_cycle_1_3",7
"4603","virus_comp_2527_cycle_1_9",7
"4604","virus_comp_2529_cycle_1_7",7
"4605","virus_comp_2529_cycle_1_9",7
"4606","virus_comp_2530_cycle_1_8",7
"4607","virus_comp_2535_cycle_1_5",7
"4608","virus_comp_254_cycle_1_10",7
"4609","virus_comp_2572_cycle_1_2",7
"4610","virus_comp_2572_cycle_1_6",7
"4611","virus_comp_2595_cycle_1_3",7
"4612","virus_comp_2629_cycle_1_1",7
"4613","virus_comp_2638_cycle_1_10",7
"4614","virus_comp_2641_cycle_1_1",7
"4615","virus_comp_2641_cycle_1_8",7
"4616","virus_comp_2650_cycle_1_2",7
"4617","virus_comp_2670_cycle_1_1",7
"4618","virus_comp_2679_cycle_1_8",7
"4619","virus_comp_2714_cycle_1_10",7
"4620","virus_comp_2718_cycle_1_4",7
"4621","virus_comp_2721_cycle_1_1",7
"4622","virus_comp_2725_cycle_1_3",7
"4623","virus_comp_2739_cycle_1_1",7
"4624","virus_comp_2739_cycle_1_11",7
"4625","virus_comp_2739_cycle_1_2",7
"4626","virus_comp_2739_cycle_1_6",7
"4627","virus_comp_2741_cycle_1_3",7
"4628","virus_comp_2741_cycle_1_7",7
"4629","virus_comp_2742_cycle_1_12",7
"4630","virus_comp_2753_cycle_1_6",7
"4631","virus_comp_2760_cycle_1_7",7
"4632","virus_comp_2788_cycle_1_6",7
"4633","virus_comp_280_cycle_1_10",7
"4634","virus_comp_280_cycle_1_13",7
"4635","virus_comp_280_cycle_1_3",7
"4636","virus_comp_280_cycle_1_5",7
"4637","virus_comp_280_cycle_1_8",7
"4638","virus_comp_2801_cycle_1_2",7
"4639","virus_comp_2801_cycle_1_5",7
"4640","virus_comp_2807_cycle_1_1",7
"4641","virus_comp_2807_cycle_1_3",7
"4642","virus_comp_2812_cycle_1_6",7
"4643","virus_comp_2822_cycle_1_4",7
"4644","virus_comp_2822_cycle_1_7",7
"4645","virus_comp_2853_cycle_1_1",7
"4646","virus_comp_2885_cycle_1_4",7
"4647","virus_comp_2885_cycle_1_7",7
"4648","virus_comp_2893_cycle_1_5",7
"4649","virus_comp_2923_cycle_1_3",7
"4650","virus_comp_2931_cycle_1_1",7
"4651","virus_comp_2945_cycle_1_14",7
"4652","virus_comp_2945_cycle_1_4",7
"4653","virus_comp_296_cycle_1_1",7
"4654","virus_comp_296_cycle_1_3",7
"4655","virus_comp_296_cycle_1_4",7
"4656","virus_comp_2967_cycle_1_5",7
"4657","virus_comp_2968_cycle_1_5",7
"4658","virus_comp_301_cycle_1_102",7
"4659","virus_comp_301_cycle_1_105",7
"4660","virus_comp_301_cycle_1_106",7
"4661","virus_comp_301_cycle_1_111",7
"4662","virus_comp_301_cycle_1_12",7
"4663","virus_comp_301_cycle_1_15",7
"4664","virus_comp_301_cycle_1_16",7
"4665","virus_comp_301_cycle_1_24",7
"4666","virus_comp_301_cycle_1_28",7
"4667","virus_comp_301_cycle_1_32",7
"4668","virus_comp_301_cycle_1_34",7
"4669","virus_comp_301_cycle_1_35",7
"4670","virus_comp_301_cycle_1_44",7
"4671","virus_comp_301_cycle_1_46",7
"4672","virus_comp_301_cycle_1_6",7
"4673","virus_comp_301_cycle_1_73",7
"4674","virus_comp_301_cycle_1_9",7
"4675","virus_comp_301_cycle_1_90",7
"4676","virus_comp_301_cycle_1_95",7
"4677","virus_comp_301_cycle_1_96",7
"4678","virus_comp_301_cycle_1_97",7
"4679","virus_comp_3029_cycle_1_3",7
"4680","virus_comp_303_cycle_1_1",7
"4681","virus_comp_303_cycle_1_3",7
"4682","virus_comp_3035_cycle_1_7",7
"4683","virus_comp_3044_cycle_1_3",7
"4684","virus_comp_3044_cycle_1_6",7
"4685","virus_comp_3085_cycle_1_1",7
"4686","virus_comp_3093_cycle_1_3",7
"4687","virus_comp_3093_cycle_1_6",7
"4688","virus_comp_3098_cycle_1_1",7
"4689","virus_comp_3104_cycle_1_1",7
"4690","virus_comp_3126_cycle_1_1",7
"4691","virus_comp_3135_cycle_1_1",7
"4692","virus_comp_3135_cycle_1_2",7
"4693","virus_comp_3157_cycle_1_2",7
"4694","virus_comp_3157_cycle_1_5",7
"4695","virus_comp_3192_cycle_1_3",7
"4696","virus_comp_3216_cycle_1_4",7
"4697","virus_comp_3260_cycle_1_3",7
"4698","virus_comp_3264_cycle_1_1",7
"4699","virus_comp_330_cycle_1_118",7
"4700","virus_comp_330_cycle_1_49",7
"4701","virus_comp_330_cycle_1_51",7
"4702","virus_comp_330_cycle_1_84",7
"4703","virus_comp_330_cycle_1_85",7
"4704","virus_comp_330_cycle_1_92",7
"4705","virus_comp_330_cycle_1_96",7
"4706","virus_comp_3319_cycle_1_4",7
"4707","virus_comp_3328_cycle_1_3",7
"4708","virus_comp_335_cycle_1_8",7
"4709","virus_comp_3358_cycle_1_3",7
"4710","virus_comp_3359_cycle_1_5",7
"4711","virus_comp_34_cycle_1_14",7
"4712","virus_comp_3442_cycle_1_6",7
"4713","virus_comp_3443_cycle_1_1",7
"4714","virus_comp_347_cycle_1_2",7
"4715","virus_comp_3531_cycle_1_6",7
"4716","virus_comp_357_cycle_1_1",7
"4717","virus_comp_3571_cycle_1_5",7
"4718","virus_comp_358_cycle_1_15",7
"4719","virus_comp_36_cycle_2_103",7
"4720","virus_comp_36_cycle_2_23",7
"4721","virus_comp_36_cycle_2_31",7
"4722","virus_comp_3615_cycle_1_5",7
"4723","virus_comp_3616_cycle_1_3",7
"4724","virus_comp_3658_cycle_1_3",7
"4725","virus_comp_3658_cycle_1_6",7
"4726","virus_comp_37_cycle_1_1",7
"4727","virus_comp_370_cycle_1_2",7
"4728","virus_comp_370_cycle_1_21",7
"4729","virus_comp_370_cycle_1_3",7
"4730","virus_comp_370_cycle_1_32",7
"4731","virus_comp_370_cycle_1_76",7
"4732","virus_comp_3720_cycle_1_5",7
"4733","virus_comp_3744_cycle_1_2",7
"4734","virus_comp_383_cycle_1_2",7
"4735","virus_comp_384_cycle_1_6",7
"4736","virus_comp_3845_cycle_1_2",7
"4737","virus_comp_3845_cycle_1_3",7
"4738","virus_comp_3850_cycle_1_7",7
"4739","virus_comp_391_cycle_1_13",7
"4740","virus_comp_391_cycle_1_24",7
"4741","virus_comp_391_cycle_1_27",7
"4742","virus_comp_391_cycle_1_28",7
"4743","virus_comp_391_cycle_1_45",7
"4744","virus_comp_391_cycle_1_70",7
"4745","virus_comp_391_cycle_1_77",7
"4746","virus_comp_391_cycle_1_78",7
"4747","virus_comp_391_cycle_1_80",7
"4748","virus_comp_3930_cycle_1_6",7
"4749","virus_comp_400_cycle_3_15",7
"4750","virus_comp_400_cycle_3_37",7
"4751","virus_comp_400_cycle_3_47",7
"4752","virus_comp_400_cycle_3_6",7
"4753","virus_comp_400_cycle_3_71",7
"4754","virus_comp_400_cycle_3_8",7
"4755","virus_comp_4011_cycle_1_6",7
"4756","virus_comp_4038_cycle_1_2",7
"4757","virus_comp_407_cycle_1_15",7
"4758","virus_comp_407_cycle_1_3",7
"4759","virus_comp_407_cycle_1_38",7
"4760","virus_comp_409_cycle_1_2",7
"4761","virus_comp_410_cycle_1_22",7
"4762","virus_comp_414_cycle_1_15",7
"4763","virus_comp_414_cycle_1_4",7
"4764","virus_comp_4154_cycle_1_1",7
"4765","virus_comp_420_cycle_1_4",7
"4766","virus_comp_4210_cycle_1_3",7
"4767","virus_comp_424_cycle_1_3",7
"4768","virus_comp_4247_cycle_1_6",7
"4769","virus_comp_426_cycle_1_3",7
"4770","virus_comp_4270_cycle_1_5",7
"4771","virus_comp_4318_cycle_1_1",7
"4772","virus_comp_4341_cycle_1_1",7
"4773","virus_comp_4360_cycle_1_2",7
"4774","virus_comp_439_cycle_1_47",7
"4775","virus_comp_439_cycle_1_6",7
"4776","virus_comp_4437_cycle_1_3",7
"4777","virus_comp_4453_cycle_1_1",7
"4778","virus_comp_4464_cycle_1_3",7
"4779","virus_comp_447_cycle_1_5",7
"4780","virus_comp_447_cycle_1_6",7
"4781","virus_comp_448_cycle_1_50",7
"4782","virus_comp_448_cycle_1_60",7
"4783","virus_comp_448_cycle_1_66",7
"4784","virus_comp_454_cycle_1_10",7
"4785","virus_comp_455_cycle_1_4",7
"4786","virus_comp_455_cycle_1_7",7
"4787","virus_comp_457_cycle_1_1",7
"4788","virus_comp_4650_cycle_1_7",7
"4789","virus_comp_475_cycle_1_20",7
"4790","virus_comp_475_cycle_1_24",7
"4791","virus_comp_4826_cycle_1_2",7
"4792","virus_comp_4853_cycle_1_7",7
"4793","virus_comp_4881_cycle_1_3",7
"4794","virus_comp_4961_cycle_1_1",7
"4795","virus_comp_499_cycle_1_1",7
"4796","virus_comp_500_cycle_1_6",7
"4797","virus_comp_5023_cycle_1_2",7
"4798","virus_comp_505_cycle_1_1",7
"4799","virus_comp_505_cycle_1_15",7
"4800","virus_comp_505_cycle_1_17",7
"4801","virus_comp_505_cycle_1_18",7
"4802","virus_comp_505_cycle_1_20",7
"4803","virus_comp_505_cycle_1_22",7
"4804","virus_comp_505_cycle_1_25",7
"4805","virus_comp_505_cycle_1_3",7
"4806","virus_comp_505_cycle_1_5",7
"4807","virus_comp_5081_cycle_1_2",7
"4808","virus_comp_5098_cycle_1_2",7
"4809","virus_comp_5131_cycle_1_6",7
"4810","virus_comp_5203_cycle_1_1",7
"4811","virus_comp_522_cycle_1_8",7
"4812","virus_comp_523_cycle_1_3",7
"4813","virus_comp_527_cycle_1_11",7
"4814","virus_comp_527_cycle_1_8",7
"4815","virus_comp_529_cycle_1_3",7
"4816","virus_comp_529_cycle_1_6",7
"4817","virus_comp_536_cycle_1_2",7
"4818","virus_comp_536_cycle_1_5",7
"4819","virus_comp_536_cycle_1_7",7
"4820","virus_comp_542_cycle_2_16",7
"4821","virus_comp_542_cycle_2_50",7
"4822","virus_comp_542_cycle_2_61",7
"4823","virus_comp_542_cycle_2_8",7
"4824","virus_comp_542_cycle_2_90",7
"4825","virus_comp_546_cycle_1_1",7
"4826","virus_comp_547_cycle_1_11",7
"4827","virus_comp_547_cycle_1_3",7
"4828","virus_comp_550_cycle_1_1",7
"4829","virus_comp_5588_cycle_1_6",7
"4830","virus_comp_562_cycle_1_18",7
"4831","virus_comp_5633_cycle_1_4",7
"4832","virus_comp_564_cycle_1_3",7
"4833","virus_comp_564_cycle_1_6",7
"4834","virus_comp_584_cycle_1_3",7
"4835","virus_comp_587_cycle_1_17",7
"4836","virus_comp_587_cycle_1_88",7
"4837","virus_comp_589_cycle_1_29",7
"4838","virus_comp_589_cycle_1_49",7
"4839","virus_comp_589_cycle_1_72",7
"4840","virus_comp_589_cycle_1_76",7
"4841","virus_comp_590_cycle_2_23",7
"4842","virus_comp_590_cycle_2_24",7
"4843","virus_comp_590_cycle_2_25",7
"4844","virus_comp_590_cycle_2_29",7
"4845","virus_comp_590_cycle_2_37",7
"4846","virus_comp_590_cycle_2_45",7
"4847","virus_comp_590_cycle_2_53",7
"4848","virus_comp_590_cycle_2_54",7
"4849","virus_comp_590_cycle_2_56",7
"4850","virus_comp_590_cycle_2_6",7
"4851","virus_comp_590_cycle_2_8",7
"4852","virus_comp_593_cycle_1_110",7
"4853","virus_comp_593_cycle_1_114",7
"4854","virus_comp_593_cycle_1_115",7
"4855","virus_comp_593_cycle_1_20",7
"4856","virus_comp_593_cycle_1_68",7
"4857","virus_comp_593_cycle_1_80",7
"4858","virus_comp_5934_cycle_1_5",7
"4859","virus_comp_595_cycle_1_3",7
"4860","virus_comp_595_cycle_1_4",7
"4861","virus_comp_597_cycle_1_1",7
"4862","virus_comp_597_cycle_1_3",7
"4863","virus_comp_60_cycle_1_20",7
"4864","virus_comp_60_cycle_1_21",7
"4865","virus_comp_60_cycle_1_25",7
"4866","virus_comp_60_cycle_1_26",7
"4867","virus_comp_60_cycle_1_32",7
"4868","virus_comp_60_cycle_1_9",7
"4869","virus_comp_6037_cycle_1_5",7
"4870","virus_comp_6037_cycle_1_6",7
"4871","virus_comp_6050_cycle_1_1",7
"4872","virus_comp_608_cycle_1_2",7
"4873","virus_comp_608_cycle_1_3",7
"4874","virus_comp_613_cycle_1_21",7
"4875","virus_comp_613_cycle_1_5",7
"4876","virus_comp_6164_cycle_1_1",7
"4877","virus_comp_619_cycle_1_1",7
"4878","virus_comp_62_cycle_1_28",7
"4879","virus_comp_62_cycle_1_31",7
"4880","virus_comp_62_cycle_1_42",7
"4881","virus_comp_62_cycle_1_9",7
"4882","virus_comp_6313_cycle_1_1",7
"4883","virus_comp_634_cycle_1_20",7
"4884","virus_comp_634_cycle_1_46",7
"4885","virus_comp_636_cycle_1_16",7
"4886","virus_comp_648_cycle_1_1",7
"4887","virus_comp_6640_cycle_1_1",7
"4888","virus_comp_67_cycle_1_10",7
"4889","virus_comp_67_cycle_1_17",7
"4890","virus_comp_69_cycle_1_11",7
"4891","virus_comp_69_cycle_1_18",7
"4892","virus_comp_69_cycle_1_30",7
"4893","virus_comp_69_cycle_1_47",7
"4894","virus_comp_69_cycle_1_48",7
"4895","virus_comp_6926_cycle_1_3",7
"4896","virus_comp_6926_cycle_1_5",7
"4897","virus_comp_699_cycle_1_13",7
"4898","virus_comp_699_cycle_1_14",7
"4899","virus_comp_699_cycle_1_56",7
"4900","virus_comp_6993_cycle_1_6",7
"4901","virus_comp_7064_cycle_1_3",7
"4902","virus_comp_713_cycle_1_1",7
"4903","virus_comp_718_cycle_1_2",7
"4904","virus_comp_718_cycle_1_3",7
"4905","virus_comp_720_cycle_1_17",7
"4906","virus_comp_720_cycle_1_2",7
"4907","virus_comp_720_cycle_1_34",7
"4908","virus_comp_722_cycle_1_34",7
"4909","virus_comp_722_cycle_1_63",7
"4910","virus_comp_722_cycle_1_66",7
"4911","virus_comp_7265_cycle_1_1",7
"4912","virus_comp_729_cycle_1_18",7
"4913","virus_comp_729_cycle_1_42",7
"4914","virus_comp_729_cycle_1_43",7
"4915","virus_comp_733_cycle_1_1",7
"4916","virus_comp_733_cycle_1_13",7
"4917","virus_comp_733_cycle_1_33",7
"4918","virus_comp_733_cycle_1_4",7
"4919","virus_comp_733_cycle_1_6",7
"4920","virus_comp_7391_cycle_1_1",7
"4921","virus_comp_74_cycle_1_1",7
"4922","virus_comp_7405_cycle_1_2",7
"4923","virus_comp_7421_cycle_1_3",7
"4924","virus_comp_7444_cycle_1_2",7
"4925","virus_comp_7540_cycle_1_2",7
"4926","virus_comp_757_cycle_1_10",7
"4927","virus_comp_757_cycle_1_48",7
"4928","virus_comp_757_cycle_1_62",7
"4929","virus_comp_7591_cycle_1_3",7
"4930","virus_comp_7870_cycle_1_3",7
"4931","virus_comp_7974_cycle_1_1",7
"4932","virus_comp_8065_cycle_1_2",7
"4933","virus_comp_808_cycle_4_22",7
"4934","virus_comp_821_cycle_5_10",7
"4935","virus_comp_821_cycle_5_12",7
"4936","virus_comp_821_cycle_5_13",7
"4937","virus_comp_821_cycle_5_19",7
"4938","virus_comp_821_cycle_5_29",7
"4939","virus_comp_821_cycle_5_50",7
"4940","virus_comp_8257_cycle_1_2",7
"4941","virus_comp_839_cycle_1_33",7
"4942","virus_comp_839_cycle_1_42",7
"4943","virus_comp_841_cycle_1_12",7
"4944","virus_comp_841_cycle_1_16",7
"4945","virus_comp_8430_cycle_1_4",7
"4946","virus_comp_8506_cycle_1_2",7
"4947","virus_comp_853_cycle_1_42",7
"4948","virus_comp_853_cycle_1_56",7
"4949","virus_comp_8538_cycle_1_1",7
"4950","virus_comp_858_cycle_1_10",7
"4951","virus_comp_858_cycle_1_13",7
"4952","virus_comp_858_cycle_1_29",7
"4953","virus_comp_858_cycle_1_30",7
"4954","virus_comp_858_cycle_1_32",7
"4955","virus_comp_858_cycle_1_36",7
"4956","virus_comp_858_cycle_1_42",7
"4957","virus_comp_858_cycle_1_43",7
"4958","virus_comp_858_cycle_1_5",7
"4959","virus_comp_858_cycle_1_9",7
"4960","virus_comp_86_cycle_1_3",7
"4961","virus_comp_862_cycle_1_16",7
"4962","virus_comp_863_cycle_1_23",7
"4963","virus_comp_8676_cycle_1_3",7
"4964","virus_comp_869_cycle_1_23",7
"4965","virus_comp_869_cycle_1_31",7
"4966","virus_comp_869_cycle_1_34",7
"4967","virus_comp_869_cycle_1_35",7
"4968","virus_comp_869_cycle_1_42",7
"4969","virus_comp_872_cycle_1_22",7
"4970","virus_comp_873_cycle_1_7",7
"4971","virus_comp_873_cycle_1_9",7
"4972","virus_comp_8751_cycle_1_2",7
"4973","virus_comp_876_cycle_1_2",7
"4974","virus_comp_876_cycle_1_4",7
"4975","virus_comp_876_cycle_1_9",7
"4976","virus_comp_877_cycle_1_5",7
"4977","virus_comp_8822_cycle_1_3",7
"4978","virus_comp_884_cycle_1_2",7
"4979","virus_comp_887_cycle_1_38",7
"4980","virus_comp_887_cycle_1_4",7
"4981","virus_comp_887_cycle_1_55",7
"4982","virus_comp_9108_cycle_1_1",7
"4983","virus_comp_921_cycle_1_1",7
"4984","virus_comp_921_cycle_1_4",7
"4985","virus_comp_921_cycle_1_9",7
"4986","virus_comp_9280_cycle_1_1",7
"4987","virus_comp_932_cycle_1_4",7
"4988","virus_comp_9525_cycle_1_1",7
"4989","virus_comp_9525_cycle_1_3",7
"4990","virus_comp_9529_cycle_1_5",7
"4991","virus_comp_958_cycle_1_22",7
"4992","virus_comp_960_cycle_1_3",7
"4993","virus_comp_971_cycle_1_29",7
"4994","virus_comp_971_cycle_1_7",7
"4995","virus_comp_9815_cycle_1_1",7
"4996","virus_comp_984_cycle_1_11",7
"4997","virus_comp_984_cycle_1_3",7
"4998","virus_comp_9900_cycle_1_2",7
"4999","virus_comp_9910_cycle_1_1",7
"5000","edge_1291_111",7
"5001","edge_1291_128",7
"5002","edge_1291_131",7
"5003","edge_1468_15",7
"5004","edge_1468_23",7
"5005","edge_1468_38",7
"5006","edge_1468_47",7
"5007","edge_1468_51",7
"5008","edge_1468_65",7
"5009","edge_1468_76",7
"5010","edge_1468_8",7
"5011","edge_1474_2",7
"5012","edge_1476_1",7
"5013","edge_1476_11",7
"5014","edge_1495_14",7
"5015","edge_1495_24",7
"5016","edge_1495_29",7
"5017","edge_1495_39",7
"5018","edge_1495_40",7
"5019","edge_1495_42",7
"5020","edge_1495_7",7
"5021","edge_1496_17",7
"5022","edge_1496_6",7
"5023","edge_1501_19",7
"5024","edge_1501_8",7
"5025","edge_1509_3",7
"5026","edge_1509_4",7
"5027","edge_1512_17",7
"5028","edge_1512_2",7
"5029","edge_1512_25",7
"5030","edge_1512_43",7
"5031","edge_1512_6",7
"5032","edge_1512_63",7
"5033","edge_1515_29",7
"5034","edge_1596_5",7
"5035","edge_1627_21",7
"5036","edge_1627_36",7
"5037","edge_1627_37",7
"5038","edge_1627_4",7
"5039","edge_1631_1",7
"5040","edge_1631_15",7
"5041","edge_1631_27",7
"5042","edge_1631_32",7
"5043","edge_1631_45",7
"5044","edge_1631_7",7
"5045","edge_1633_4",7
"5046","edge_1633_57",7
"5047","edge_1633_7",7
"5048","edge_1641_47",7
"5049","edge_1709_20",7
"5050","edge_1709_30",7
"5051","edge_1709_33",7
"5052","edge_1709_39",7
"5053","edge_1732_2",7
"5054","edge_1732_3",7
"5055","edge_1732_44",7
"5056","edge_1732_64",7
"5057","edge_1732_72",7
"5058","edge_1782_2",7
"5059","edge_1782_38",7
"5060","edge_1801_31",7
"5061","edge_1803_6",7
"5062","edge_1845_15",7
"5063","edge_1845_19",7
"5064","edge_1847_15",7
"5065","edge_1847_16",7
"5066","edge_1847_17",7
"5067","edge_1847_21",7
"5068","edge_1847_25",7
"5069","edge_1847_26",7
"5070","edge_1847_27",7
"5071","edge_1847_28",7
"5072","edge_1847_5",7
"5073","edge_1979_8",7
"5074","edge_1987_2",7
"5075","edge_1987_3",7
"5076","edge_1989_21",7
"5077","edge_1989_23",7
"5078","edge_1989_28",7
"5079","edge_1989_63",7
"5080","edge_1989_9",7
"5081","edge_2044_11",7
"5082","edge_2044_28",7
"5083","edge_2044_34",7
"5084","edge_2044_39",7
"5085","edge_2044_40",7
"5086","edge_2143_2",7
"5087","edge_2143_42",7
"5088","edge_2194_3",7
"5089","edge_2296_3",7
"5090","edge_2381_10",7
"5091","edge_2381_13",7
"5092","edge_2381_37",7
"5093","edge_2381_8",7
"5094","edge_2454_18",7
"5095","edge_2454_19",7
"5096","edge_2454_22",7
"5097","edge_2455_11",7
"5098","edge_2455_15",7
"5099","edge_2461_1",7
"5100","edge_2461_10",7
"5101","edge_2461_15",7
"5102","edge_2461_20",7
"5103","edge_2461_5",7
"5104","edge_2461_8",7
"5105","edge_2461_9",7
"5106","edge_2484_26",7
"5107","edge_2484_42",7
"5108","edge_2486_16",7
"5109","edge_2486_18",7
"5110","edge_2486_37",7
"5111","edge_2486_45",7
"5112","edge_2486_6",7
"5113","edge_263_14",7
"5114","edge_263_18",7
"5115","edge_263_22",7
"5116","edge_263_23",7
"5117","edge_263_3",7
"5118","edge_263_31",7
"5119","edge_263_35",7
"5120","edge_263_7",7
"5121","edge_284_26",7
"5122","edge_284_3",7
"5123","edge_2859_13",7
"5124","edge_288_1",7
"5125","edge_294_2",7
"5126","edge_294_30",7
"5127","edge_294_32",7
"5128","edge_294_41",7
"5129","edge_294_5",7
"5130","edge_295_10",7
"5131","edge_295_13",7
"5132","edge_295_51",7
"5133","edge_295_53",7
"5134","edge_295_55",7
"5135","edge_295_6",7
"5136","edge_295_7",7
"5137","edge_295_9",7
"5138","edge_300_1",7
"5139","edge_303_11",7
"5140","edge_303_5",7
"5141","edge_311_4",7
"5142","edge_311_6",7
"5143","edge_3176_11",7
"5144","edge_3176_17",7
"5145","edge_3278_1",7
"5146","edge_330_19",7
"5147","edge_330_25",7
"5148","edge_330_28",7
"5149","edge_3509_7",7
"5150","edge_3513_20",7
"5151","edge_3739_1",7
"5152","edge_3739_3",7
"5153","edge_4_19",7
"5154","edge_4_23",7
"5155","edge_4_33",7
"5156","edge_48622_8",7
"5157","edge_48728_3",7
"5158","edge_48732_18",7
"5159","edge_48732_23",7
"5160","edge_48732_26",7
"5161","edge_48908_9",7
"5162","edge_49045_3",7
"5163","edge_49045_9",7
"5164","edge_61_44",7
"5165","edge_72_19",7
"5166","edge_72_3",7
"5167","edge_957_13",7
"5168","edge_957_17",7
"5169","edge_957_18",7
"5170","edge_957_23",7
"5171","edge_957_29",7
"5172","edge_957_30",7
"5173","edge_957_31",7
"5174","edge_957_32",7
"5175","edge_957_36",7
"5176","edge_957_37",7
"5177","edge_957_44",7
"5178","edge_959_1",7
"5179","edge_959_103",7
"5180","edge_959_104",7
"5181","edge_959_105",7
"5182","edge_959_106",7
"5183","edge_959_13",7
"5184","edge_959_2",7
"5185","edge_959_38",7
"5186","edge_959_45",7
"5187","edge_959_48",7
"5188","edge_959_58",7
"5189","edge_959_62",7
"5190","edge_959_67",7
"5191","edge_959_71",7
"5192","edge_959_76",7
"5193","edge_959_81",7
"5194","edge_959_82",7
"5195","edge_959_83",7
"5196","edge_959_87",7
"5197","edge_959_88",7
"5198","edge_959_89",7
"5199","edge_959_91",7
"5200","edge_959_92",7
"5201","edge_959_94",7
"5202","edge_959_96",7
"5203","edge_965_10",7
"5204","edge_965_11",7
"5205","edge_965_18",7
"5206","edge_965_19",7
"5207","edge_965_24",7
"5208","edge_965_26",7
"5209","edge_965_27",7
"5210","edge_965_30",7
"5211","edge_965_33",7
"5212","edge_965_4",7
"5213","edge_967_3",7
"5214","edge_967_8",7
"5215","edge_976_6",7
"5216","virus_comp_1001_cycle_1_19",6
"5217","virus_comp_1001_cycle_1_29",6
"5218","virus_comp_10151_cycle_1_4",6
"5219","virus_comp_10176_cycle_1_2",6
"5220","virus_comp_10176_cycle_1_3",6
"5221","virus_comp_1035_cycle_1_3",6
"5222","virus_comp_1036_cycle_1_4",6
"5223","virus_comp_1038_cycle_1_11",6
"5224","virus_comp_10516_cycle_1_1",6
"5225","virus_comp_10526_cycle_1_3",6
"5226","virus_comp_10574_cycle_1_1",6
"5227","virus_comp_1058_cycle_1_13",6
"5228","virus_comp_1058_cycle_1_2",6
"5229","virus_comp_1058_cycle_1_5",6
"5230","virus_comp_10592_cycle_1_4",6
"5231","virus_comp_10613_cycle_1_3",6
"5232","virus_comp_1068_cycle_1_1",6
"5233","virus_comp_1073_cycle_1_2",6
"5234","virus_comp_1073_cycle_1_3",6
"5235","virus_comp_1078_cycle_1_27",6
"5236","virus_comp_10784_cycle_1_3",6
"5237","virus_comp_1086_cycle_1_12",6
"5238","virus_comp_1086_cycle_1_15",6
"5239","virus_comp_1086_cycle_1_16",6
"5240","virus_comp_1086_cycle_1_17",6
"5241","virus_comp_1086_cycle_1_6",6
"5242","virus_comp_10904_cycle_1_1",6
"5243","virus_comp_10947_cycle_1_1",6
"5244","virus_comp_1097_cycle_1_8",6
"5245","virus_comp_1098_cycle_1_9",6
"5246","virus_comp_11007_cycle_1_2",6
"5247","virus_comp_1103_cycle_1_8",6
"5248","virus_comp_1103_cycle_1_9",6
"5249","virus_comp_1111_cycle_2_10",6
"5250","virus_comp_1111_cycle_2_15",6
"5251","virus_comp_1111_cycle_2_17",6
"5252","virus_comp_1111_cycle_2_18",6
"5253","virus_comp_1111_cycle_2_3",6
"5254","virus_comp_1111_cycle_2_4",6
"5255","virus_comp_1111_cycle_2_7",6
"5256","virus_comp_1111_cycle_2_9",6
"5257","virus_comp_1115_cycle_1_7",6
"5258","virus_comp_1115_cycle_1_9",6
"5259","virus_comp_1121_cycle_1_1",6
"5260","virus_comp_1121_cycle_1_15",6
"5261","virus_comp_1121_cycle_2_1",6
"5262","virus_comp_1121_cycle_2_16",6
"5263","virus_comp_1125_cycle_1_7",6
"5264","virus_comp_1131_cycle_2_11",6
"5265","virus_comp_1131_cycle_2_13",6
"5266","virus_comp_1131_cycle_2_14",6
"5267","virus_comp_1131_cycle_2_15",6
"5268","virus_comp_1131_cycle_2_20",6
"5269","virus_comp_1131_cycle_2_21",6
"5270","virus_comp_1131_cycle_2_25",6
"5271","virus_comp_1131_cycle_2_7",6
"5272","virus_comp_1142_cycle_1_2",6
"5273","virus_comp_1146_cycle_3_16",6
"5274","virus_comp_1146_cycle_3_2",6
"5275","virus_comp_1146_cycle_3_5",6
"5276","virus_comp_1146_cycle_3_6",6
"5277","virus_comp_1152_cycle_1_10",6
"5278","virus_comp_1152_cycle_1_20",6
"5279","virus_comp_1158_cycle_2_1",6
"5280","virus_comp_1158_cycle_2_15",6
"5281","virus_comp_1158_cycle_2_17",6
"5282","virus_comp_1161_cycle_1_6",6
"5283","virus_comp_1171_cycle_1_11",6
"5284","virus_comp_1171_cycle_1_12",6
"5285","virus_comp_1171_cycle_1_2",6
"5286","virus_comp_1171_cycle_1_6",6
"5287","virus_comp_1173_cycle_1_1",6
"5288","virus_comp_1173_cycle_1_3",6
"5289","virus_comp_1173_cycle_1_9",6
"5290","virus_comp_1177_cycle_1_3",6
"5291","virus_comp_1177_cycle_1_5",6
"5292","virus_comp_1177_cycle_1_7",6
"5293","virus_comp_11948_cycle_1_3",6
"5294","virus_comp_12029_cycle_1_5",6
"5295","virus_comp_12030_cycle_1_1",6
"5296","virus_comp_1206_cycle_1_2",6
"5297","virus_comp_12269_cycle_1_2",6
"5298","virus_comp_12275_cycle_1_2",6
"5299","virus_comp_1231_cycle_1_10",6
"5300","virus_comp_1231_cycle_1_15",6
"5301","virus_comp_1231_cycle_1_8",6
"5302","virus_comp_12318_cycle_1_2",6
"5303","virus_comp_12474_cycle_1_3",6
"5304","virus_comp_12573_cycle_1_2",6
"5305","virus_comp_126_cycle_1_103",6
"5306","virus_comp_126_cycle_1_109",6
"5307","virus_comp_126_cycle_1_113",6
"5308","virus_comp_126_cycle_1_127",6
"5309","virus_comp_126_cycle_1_147",6
"5310","virus_comp_126_cycle_1_152",6
"5311","virus_comp_126_cycle_1_153",6
"5312","virus_comp_126_cycle_1_203",6
"5313","virus_comp_126_cycle_1_206",6
"5314","virus_comp_126_cycle_1_221",6
"5315","virus_comp_126_cycle_1_3",6
"5316","virus_comp_126_cycle_1_37",6
"5317","virus_comp_126_cycle_1_51",6
"5318","virus_comp_126_cycle_1_6",6
"5319","virus_comp_126_cycle_1_80",6
"5320","virus_comp_126_cycle_1_84",6
"5321","virus_comp_126_cycle_1_9",6
"5322","virus_comp_126_cycle_1_91",6
"5323","virus_comp_1260_cycle_2_6",6
"5324","virus_comp_1265_cycle_1_23",6
"5325","virus_comp_1271_cycle_1_7",6
"5326","virus_comp_1276_cycle_1_2",6
"5327","virus_comp_1278_cycle_1_10",6
"5328","virus_comp_1278_cycle_1_11",6
"5329","virus_comp_1278_cycle_1_12",6
"5330","virus_comp_1278_cycle_1_9",6
"5331","virus_comp_1285_cycle_1_4",6
"5332","virus_comp_1286_cycle_1_6",6
"5333","virus_comp_1286_cycle_1_9",6
"5334","virus_comp_12950_cycle_1_2",6
"5335","virus_comp_1298_cycle_1_8",6
"5336","virus_comp_1299_cycle_2_3",6
"5337","virus_comp_1299_cycle_2_4",6
"5338","virus_comp_1299_cycle_2_6",6
"5339","virus_comp_1299_cycle_2_7",6
"5340","virus_comp_1299_cycle_2_8",6
"5341","virus_comp_13009_cycle_1_1",6
"5342","virus_comp_1302_cycle_1_5",6
"5343","virus_comp_1307_cycle_1_2",6
"5344","virus_comp_1307_cycle_1_6",6
"5345","virus_comp_1313_cycle_1_4",6
"5346","virus_comp_1317_cycle_1_4",6
"5347","virus_comp_13172_cycle_1_4",6
"5348","virus_comp_13210_cycle_1_1",6
"5349","virus_comp_13210_cycle_1_3",6
"5350","virus_comp_13350_cycle_1_1",6
"5351","virus_comp_13350_cycle_1_4",6
"5352","virus_comp_13388_cycle_1_1",6
"5353","virus_comp_1342_cycle_1_16",6
"5354","virus_comp_1364_cycle_1_11",6
"5355","virus_comp_1368_cycle_1_5",6
"5356","virus_comp_1369_cycle_1_1",6
"5357","virus_comp_1369_cycle_1_10",6
"5358","virus_comp_1369_cycle_1_2",6
"5359","virus_comp_1369_cycle_1_4",6
"5360","virus_comp_1369_cycle_1_6",6
"5361","virus_comp_13764_cycle_1_2",6
"5362","virus_comp_1390_cycle_1_14",6
"5363","virus_comp_1390_cycle_1_3",6
"5364","virus_comp_1390_cycle_1_7",6
"5365","virus_comp_1403_cycle_1_3",6
"5366","virus_comp_1414_cycle_1_1",6
"5367","virus_comp_1414_cycle_1_3",6
"5368","virus_comp_1420_cycle_1_14",6
"5369","virus_comp_1420_cycle_1_3",6
"5370","virus_comp_14204_cycle_1_2",6
"5371","virus_comp_1423_cycle_1_1",6
"5372","virus_comp_1423_cycle_1_5",6
"5373","virus_comp_14296_cycle_1_2",6
"5374","virus_comp_1430_cycle_1_19",6
"5375","virus_comp_1430_cycle_1_6",6
"5376","virus_comp_14346_cycle_1_3",6
"5377","virus_comp_14348_cycle_1_2",6
"5378","virus_comp_1455_cycle_1_14",6
"5379","virus_comp_14581_cycle_1_1",6
"5380","virus_comp_1469_cycle_1_9",6
"5381","virus_comp_14727_cycle_1_1",6
"5382","virus_comp_14735_cycle_1_1",6
"5383","virus_comp_148_cycle_1_2",6
"5384","virus_comp_1480_cycle_1_12",6
"5385","virus_comp_1480_cycle_1_14",6
"5386","virus_comp_1480_cycle_1_18",6
"5387","virus_comp_1480_cycle_1_24",6
"5388","virus_comp_14843_cycle_1_2",6
"5389","virus_comp_1485_cycle_1_10",6
"5390","virus_comp_149_cycle_1_1",6
"5391","virus_comp_149_cycle_1_2",6
"5392","virus_comp_1492_cycle_1_13",6
"5393","virus_comp_1493_cycle_1_1",6
"5394","virus_comp_1493_cycle_1_16",6
"5395","virus_comp_14991_cycle_1_1",6
"5396","virus_comp_150_cycle_1_101",6
"5397","virus_comp_150_cycle_1_116",6
"5398","virus_comp_150_cycle_1_144",6
"5399","virus_comp_150_cycle_1_145",6
"5400","virus_comp_150_cycle_1_206",6
"5401","virus_comp_150_cycle_1_210",6
"5402","virus_comp_150_cycle_1_25",6
"5403","virus_comp_150_cycle_1_27",6
"5404","virus_comp_150_cycle_1_29",6
"5405","virus_comp_150_cycle_1_32",6
"5406","virus_comp_150_cycle_1_38",6
"5407","virus_comp_150_cycle_1_39",6
"5408","virus_comp_150_cycle_1_48",6
"5409","virus_comp_150_cycle_1_50",6
"5410","virus_comp_150_cycle_1_70",6
"5411","virus_comp_150_cycle_1_74",6
"5412","virus_comp_150_cycle_1_94",6
"5413","virus_comp_1517_cycle_1_16",6
"5414","virus_comp_15247_cycle_1_1",6
"5415","virus_comp_1533_cycle_1_1",6
"5416","virus_comp_15443_cycle_1_2",6
"5417","virus_comp_155_cycle_1_16",6
"5418","virus_comp_155_cycle_1_164",6
"5419","virus_comp_155_cycle_2_100",6
"5420","virus_comp_155_cycle_2_119",6
"5421","virus_comp_155_cycle_2_127",6
"5422","virus_comp_155_cycle_2_132",6
"5423","virus_comp_155_cycle_2_159",6
"5424","virus_comp_155_cycle_2_16",6
"5425","virus_comp_155_cycle_2_173",6
"5426","virus_comp_155_cycle_2_174",6
"5427","virus_comp_155_cycle_2_177",6
"5428","virus_comp_155_cycle_2_180",6
"5429","virus_comp_155_cycle_2_181",6
"5430","virus_comp_155_cycle_2_182",6
"5431","virus_comp_155_cycle_2_188",6
"5432","virus_comp_155_cycle_2_99",6
"5433","virus_comp_1556_cycle_1_5",6
"5434","virus_comp_15575_cycle_1_1",6
"5435","virus_comp_1559_cycle_1_10",6
"5436","virus_comp_1559_cycle_1_12",6
"5437","virus_comp_1559_cycle_1_13",6
"5438","virus_comp_15666_cycle_1_1",6
"5439","virus_comp_15823_cycle_1_1",6
"5440","virus_comp_15823_cycle_1_2",6
"5441","virus_comp_1589_cycle_1_2",6
"5442","virus_comp_159_cycle_1_6",6
"5443","virus_comp_1592_cycle_1_8",6
"5444","virus_comp_1592_cycle_1_9",6
"5445","virus_comp_1604_cycle_1_5",6
"5446","virus_comp_16041_cycle_1_2",6
"5447","virus_comp_16041_cycle_1_3",6
"5448","virus_comp_16050_cycle_1_3",6
"5449","virus_comp_16090_cycle_1_2",6
"5450","virus_comp_1613_cycle_1_6",6
"5451","virus_comp_1613_cycle_1_8",6
"5452","virus_comp_16174_cycle_1_1",6
"5453","virus_comp_16174_cycle_1_2",6
"5454","virus_comp_1618_cycle_1_1",6
"5455","virus_comp_1625_cycle_1_1",6
"5456","virus_comp_1625_cycle_1_4",6
"5457","virus_comp_163_cycle_1_11",6
"5458","virus_comp_163_cycle_1_2",6
"5459","virus_comp_163_cycle_1_24",6
"5460","virus_comp_163_cycle_1_7",6
"5461","virus_comp_16339_cycle_1_3",6
"5462","virus_comp_1638_cycle_1_14",6
"5463","virus_comp_164_cycle_1_22",6
"5464","virus_comp_1644_cycle_1_5",6
"5465","virus_comp_1660_cycle_1_3",6
"5466","virus_comp_16601_cycle_1_2",6
"5467","virus_comp_1673_cycle_1_15",6
"5468","virus_comp_16860_cycle_1_2",6
"5469","virus_comp_1692_cycle_1_9",6
"5470","virus_comp_1694_cycle_1_10",6
"5471","virus_comp_1706_cycle_1_3",6
"5472","virus_comp_1706_cycle_1_4",6
"5473","virus_comp_1727_cycle_1_1",6
"5474","virus_comp_17289_cycle_1_1",6
"5475","virus_comp_17366_cycle_1_2",6
"5476","virus_comp_17366_cycle_1_4",6
"5477","virus_comp_1739_cycle_1_6",6
"5478","virus_comp_1740_cycle_1_13",6
"5479","virus_comp_1740_cycle_1_3",6
"5480","virus_comp_1749_cycle_1_13",6
"5481","virus_comp_1749_cycle_1_5",6
"5482","virus_comp_1749_cycle_1_9",6
"5483","virus_comp_17611_cycle_1_1",6
"5484","virus_comp_1772_cycle_1_13",6
"5485","virus_comp_17785_cycle_1_7",6
"5486","virus_comp_17787_cycle_1_11",6
"5487","virus_comp_17787_cycle_1_9",6
"5488","virus_comp_17789_cycle_1_14",6
"5489","virus_comp_17789_cycle_1_18",6
"5490","virus_comp_17789_cycle_1_19",6
"5491","virus_comp_17789_cycle_1_7",6
"5492","virus_comp_17794_cycle_1_2",6
"5493","virus_comp_17796_cycle_1_1",6
"5494","virus_comp_17796_cycle_1_12",6
"5495","virus_comp_17796_cycle_1_13",6
"5496","virus_comp_17796_cycle_1_2",6
"5497","virus_comp_17796_cycle_1_6",6
"5498","virus_comp_17796_cycle_1_7",6
"5499","virus_comp_17796_cycle_1_8",6
"5500","virus_comp_17796_cycle_1_9",6
"5501","virus_comp_17797_cycle_1_10",6
"5502","virus_comp_17797_cycle_1_11",6
"5503","virus_comp_17797_cycle_1_12",6
"5504","virus_comp_17797_cycle_1_14",6
"5505","virus_comp_17797_cycle_1_15",6
"5506","virus_comp_17797_cycle_1_17",6
"5507","virus_comp_17797_cycle_1_19",6
"5508","virus_comp_17797_cycle_1_20",6
"5509","virus_comp_17797_cycle_1_8",6
"5510","virus_comp_17799_cycle_1_11",6
"5511","virus_comp_17800_cycle_1_10",6
"5512","virus_comp_17800_cycle_1_110",6
"5513","virus_comp_17800_cycle_1_143",6
"5514","virus_comp_17800_cycle_1_152",6
"5515","virus_comp_17800_cycle_1_159",6
"5516","virus_comp_17800_cycle_1_5",6
"5517","virus_comp_17800_cycle_1_55",6
"5518","virus_comp_17800_cycle_1_6",6
"5519","virus_comp_17800_cycle_1_69",6
"5520","virus_comp_17800_cycle_1_79",6
"5521","virus_comp_17800_cycle_1_8",6
"5522","virus_comp_17800_cycle_1_9",6
"5523","virus_comp_17802_cycle_1_2",6
"5524","virus_comp_17802_cycle_1_3",6
"5525","virus_comp_17813_cycle_1_5",6
"5526","virus_comp_17813_cycle_1_7",6
"5527","virus_comp_17815_cycle_1_19",6
"5528","virus_comp_17817_cycle_1_10",6
"5529","virus_comp_17817_cycle_1_19",6
"5530","virus_comp_17817_cycle_1_28",6
"5531","virus_comp_17817_cycle_1_4",6
"5532","virus_comp_17817_cycle_1_41",6
"5533","virus_comp_17817_cycle_1_43",6
"5534","virus_comp_17817_cycle_1_46",6
"5535","virus_comp_17817_cycle_1_53",6
"5536","virus_comp_17817_cycle_1_56",6
"5537","virus_comp_17817_cycle_1_59",6
"5538","virus_comp_17817_cycle_1_68",6
"5539","virus_comp_17817_cycle_1_69",6
"5540","virus_comp_17817_cycle_1_7",6
"5541","virus_comp_17817_cycle_1_8",6
"5542","virus_comp_17818_cycle_1_2",6
"5543","virus_comp_17818_cycle_1_3",6
"5544","virus_comp_17818_cycle_1_4",6
"5545","virus_comp_17822_cycle_1_14",6
"5546","virus_comp_17822_cycle_1_8",6
"5547","virus_comp_17822_cycle_1_9",6
"5548","virus_comp_17826_cycle_1_5",6
"5549","virus_comp_17827_cycle_1_12",6
"5550","virus_comp_17827_cycle_1_5",6
"5551","virus_comp_17831_cycle_1_10",6
"5552","virus_comp_17833_cycle_1_36",6
"5553","virus_comp_17839_cycle_1_21",6
"5554","virus_comp_17839_cycle_1_37",6
"5555","virus_comp_17840_cycle_1_28",6
"5556","virus_comp_17840_cycle_1_32",6
"5557","virus_comp_17840_cycle_1_34",6
"5558","virus_comp_17840_cycle_1_4",6
"5559","virus_comp_17840_cycle_1_45",6
"5560","virus_comp_17840_cycle_1_68",6
"5561","virus_comp_17840_cycle_1_71",6
"5562","virus_comp_17840_cycle_1_82",6
"5563","virus_comp_17840_cycle_1_9",6
"5564","virus_comp_17843_cycle_1_24",6
"5565","virus_comp_17843_cycle_1_30",6
"5566","virus_comp_17843_cycle_1_31",6
"5567","virus_comp_17843_cycle_1_40",6
"5568","virus_comp_17843_cycle_1_82",6
"5569","virus_comp_17845_cycle_1_6",6
"5570","virus_comp_17848_cycle_1_2",6
"5571","virus_comp_17849_cycle_1_4",6
"5572","virus_comp_17852_cycle_1_3",6
"5573","virus_comp_17860_cycle_1_53",6
"5574","virus_comp_17860_cycle_1_57",6
"5575","virus_comp_17861_cycle_1_27",6
"5576","virus_comp_17861_cycle_1_3",6
"5577","virus_comp_17861_cycle_1_37",6
"5578","virus_comp_17861_cycle_1_40",6
"5579","virus_comp_17861_cycle_1_44",6
"5580","virus_comp_17861_cycle_1_53",6
"5581","virus_comp_17861_cycle_1_6",6
"5582","virus_comp_17862_cycle_1_8",6
"5583","virus_comp_17866_cycle_1_19",6
"5584","virus_comp_17866_cycle_1_35",6
"5585","virus_comp_17866_cycle_1_49",6
"5586","virus_comp_17866_cycle_1_55",6
"5587","virus_comp_17866_cycle_1_77",6
"5588","virus_comp_17870_cycle_1_7",6
"5589","virus_comp_17877_cycle_1_11",6
"5590","virus_comp_17877_cycle_1_12",6
"5591","virus_comp_17877_cycle_1_13",6
"5592","virus_comp_17877_cycle_1_14",6
"5593","virus_comp_17877_cycle_1_20",6
"5594","virus_comp_17877_cycle_1_25",6
"5595","virus_comp_17877_cycle_1_29",6
"5596","virus_comp_17877_cycle_1_30",6
"5597","virus_comp_17877_cycle_1_31",6
"5598","virus_comp_17877_cycle_1_32",6
"5599","virus_comp_17877_cycle_1_35",6
"5600","virus_comp_17877_cycle_1_38",6
"5601","virus_comp_17877_cycle_1_39",6
"5602","virus_comp_17877_cycle_1_43",6
"5603","virus_comp_17877_cycle_1_46",6
"5604","virus_comp_17877_cycle_1_48",6
"5605","virus_comp_17877_cycle_1_49",6
"5606","virus_comp_17877_cycle_1_51",6
"5607","virus_comp_17877_cycle_1_6",6
"5608","virus_comp_17877_cycle_1_7",6
"5609","virus_comp_17881_cycle_1_33",6
"5610","virus_comp_17881_cycle_1_47",6
"5611","virus_comp_17881_cycle_1_56",6
"5612","virus_comp_17889_cycle_1_1",6
"5613","virus_comp_17889_cycle_1_11",6
"5614","virus_comp_17889_cycle_1_2",6
"5615","virus_comp_17889_cycle_1_29",6
"5616","virus_comp_17889_cycle_1_30",6
"5617","virus_comp_17889_cycle_1_4",6
"5618","virus_comp_17895_cycle_1_5",6
"5619","virus_comp_17896_cycle_1_6",6
"5620","virus_comp_17898_cycle_1_1",6
"5621","virus_comp_17899_cycle_1_3",6
"5622","virus_comp_17899_cycle_1_4",6
"5623","virus_comp_17900_cycle_1_10",6
"5624","virus_comp_17900_cycle_1_15",6
"5625","virus_comp_17900_cycle_1_3",6
"5626","virus_comp_17901_cycle_1_4",6
"5627","virus_comp_17901_cycle_1_5",6
"5628","virus_comp_17901_cycle_1_6",6
"5629","virus_comp_17903_cycle_1_10",6
"5630","virus_comp_17903_cycle_1_16",6
"5631","virus_comp_17903_cycle_1_29",6
"5632","virus_comp_17903_cycle_1_32",6
"5633","virus_comp_17903_cycle_1_47",6
"5634","virus_comp_17903_cycle_1_7",6
"5635","virus_comp_17903_cycle_1_9",6
"5636","virus_comp_17906_cycle_1_32",6
"5637","virus_comp_17906_cycle_1_56",6
"5638","virus_comp_17906_cycle_1_59",6
"5639","virus_comp_17907_cycle_1_11",6
"5640","virus_comp_17907_cycle_1_12",6
"5641","virus_comp_17907_cycle_1_35",6
"5642","virus_comp_17907_cycle_1_36",6
"5643","virus_comp_17907_cycle_1_37",6
"5644","virus_comp_17907_cycle_1_6",6
"5645","virus_comp_17910_cycle_1_11",6
"5646","virus_comp_17910_cycle_1_20",6
"5647","virus_comp_17910_cycle_1_21",6
"5648","virus_comp_17910_cycle_1_22",6
"5649","virus_comp_17910_cycle_1_25",6
"5650","virus_comp_17910_cycle_1_32",6
"5651","virus_comp_17910_cycle_1_40",6
"5652","virus_comp_17910_cycle_1_5",6
"5653","virus_comp_17910_cycle_1_9",6
"5654","virus_comp_17911_cycle_1_13",6
"5655","virus_comp_17911_cycle_1_38",6
"5656","virus_comp_17911_cycle_1_43",6
"5657","virus_comp_17911_cycle_1_46",6
"5658","virus_comp_17913_cycle_1_4",6
"5659","virus_comp_17917_cycle_1_11",6
"5660","virus_comp_17917_cycle_1_9",6
"5661","virus_comp_1792_cycle_1_3",6
"5662","virus_comp_17920_cycle_1_23",6
"5663","virus_comp_17920_cycle_1_24",6
"5664","virus_comp_17923_cycle_1_2",6
"5665","virus_comp_17924_cycle_1_21",6
"5666","virus_comp_17924_cycle_1_24",6
"5667","virus_comp_17924_cycle_1_27",6
"5668","virus_comp_17924_cycle_1_29",6
"5669","virus_comp_17924_cycle_1_42",6
"5670","virus_comp_17924_cycle_1_45",6
"5671","virus_comp_17927_cycle_1_23",6
"5672","virus_comp_17932_cycle_1_11",6
"5673","virus_comp_17932_cycle_1_8",6
"5674","virus_comp_17932_cycle_1_9",6
"5675","virus_comp_17933_cycle_1_11",6
"5676","virus_comp_17933_cycle_1_12",6
"5677","virus_comp_17933_cycle_1_20",6
"5678","virus_comp_17934_cycle_1_22",6
"5679","virus_comp_17934_cycle_1_5",6
"5680","virus_comp_17935_cycle_1_23",6
"5681","virus_comp_17945_cycle_1_3",6
"5682","virus_comp_17949_cycle_1_26",6
"5683","virus_comp_17949_cycle_1_27",6
"5684","virus_comp_17959_cycle_1_16",6
"5685","virus_comp_17959_cycle_1_8",6
"5686","virus_comp_17959_cycle_1_9",6
"5687","virus_comp_1796_cycle_1_10",6
"5688","virus_comp_1796_cycle_1_13",6
"5689","virus_comp_1796_cycle_1_6",6
"5690","virus_comp_1796_cycle_1_9",6
"5691","virus_comp_17963_cycle_1_4",6
"5692","virus_comp_17963_cycle_1_8",6
"5693","virus_comp_17965_cycle_1_8",6
"5694","virus_comp_1797_cycle_1_12",6
"5695","virus_comp_17970_cycle_1_39",6
"5696","virus_comp_17971_cycle_1_10",6
"5697","virus_comp_17971_cycle_1_16",6
"5698","virus_comp_17971_cycle_1_22",6
"5699","virus_comp_17971_cycle_1_6",6
"5700","virus_comp_17971_cycle_1_9",6
"5701","virus_comp_17979_cycle_1_3",6
"5702","virus_comp_17980_cycle_1_12",6
"5703","virus_comp_17980_cycle_1_14",6
"5704","virus_comp_17980_cycle_1_27",6
"5705","virus_comp_17991_cycle_1_10",6
"5706","virus_comp_17991_cycle_1_16",6
"5707","virus_comp_17991_cycle_1_20",6
"5708","virus_comp_17991_cycle_1_3",6
"5709","virus_comp_17995_cycle_1_13",6
"5710","virus_comp_17995_cycle_1_15",6
"5711","virus_comp_17995_cycle_1_16",6
"5712","virus_comp_17995_cycle_1_21",6
"5713","virus_comp_180_cycle_1_7",6
"5714","virus_comp_18013_cycle_1_13",6
"5715","virus_comp_18013_cycle_1_15",6
"5716","virus_comp_18013_cycle_1_4",6
"5717","virus_comp_18016_cycle_1_1",6
"5718","virus_comp_18016_cycle_1_21",6
"5719","virus_comp_18018_cycle_1_12",6
"5720","virus_comp_18020_cycle_1_10",6
"5721","virus_comp_18020_cycle_1_13",6
"5722","virus_comp_18020_cycle_1_15",6
"5723","virus_comp_18020_cycle_1_17",6
"5724","virus_comp_18020_cycle_1_21",6
"5725","virus_comp_18020_cycle_1_5",6
"5726","virus_comp_18027_cycle_1_4",6
"5727","virus_comp_18028_cycle_1_2",6
"5728","virus_comp_18030_cycle_1_13",6
"5729","virus_comp_18037_cycle_1_17",6
"5730","virus_comp_18037_cycle_1_18",6
"5731","virus_comp_18037_cycle_1_6",6
"5732","virus_comp_18037_cycle_1_8",6
"5733","virus_comp_18040_cycle_1_12",6
"5734","virus_comp_18040_cycle_1_8",6
"5735","virus_comp_18042_cycle_1_10",6
"5736","virus_comp_18042_cycle_1_19",6
"5737","virus_comp_18042_cycle_1_6",6
"5738","virus_comp_18044_cycle_1_11",6
"5739","virus_comp_18044_cycle_1_15",6
"5740","virus_comp_18052_cycle_1_14",6
"5741","virus_comp_18052_cycle_1_20",6
"5742","virus_comp_18052_cycle_1_24",6
"5743","virus_comp_18052_cycle_1_9",6
"5744","virus_comp_18054_cycle_1_12",6
"5745","virus_comp_18054_cycle_1_22",6
"5746","virus_comp_18055_cycle_1_13",6
"5747","virus_comp_18064_cycle_1_7",6
"5748","virus_comp_18065_cycle_1_1",6
"5749","virus_comp_18071_cycle_1_1",6
"5750","virus_comp_18071_cycle_1_6",6
"5751","virus_comp_18089_cycle_1_10",6
"5752","virus_comp_18089_cycle_1_12",6
"5753","virus_comp_18089_cycle_1_5",6
"5754","virus_comp_1809_cycle_1_3",6
"5755","virus_comp_18091_cycle_1_6",6
"5756","virus_comp_18093_cycle_1_8",6
"5757","virus_comp_18094_cycle_1_6",6
"5758","virus_comp_18118_cycle_1_11",6
"5759","virus_comp_18118_cycle_1_12",6
"5760","virus_comp_18121_cycle_1_2",6
"5761","virus_comp_18121_cycle_1_5",6
"5762","virus_comp_18128_cycle_1_13",6
"5763","virus_comp_18131_cycle_1_10",6
"5764","virus_comp_18131_cycle_1_4",6
"5765","virus_comp_18136_cycle_1_11",6
"5766","virus_comp_18142_cycle_1_4",6
"5767","virus_comp_18153_cycle_1_8",6
"5768","virus_comp_18153_cycle_1_9",6
"5769","virus_comp_18166_cycle_1_10",6
"5770","virus_comp_18166_cycle_1_6",6
"5771","virus_comp_18174_cycle_1_1",6
"5772","virus_comp_18174_cycle_1_2",6
"5773","virus_comp_18174_cycle_1_3",6
"5774","virus_comp_18176_cycle_1_2",6
"5775","virus_comp_18176_cycle_1_3",6
"5776","virus_comp_18182_cycle_1_2",6
"5777","virus_comp_18186_cycle_1_8",6
"5778","virus_comp_18191_cycle_1_9",6
"5779","virus_comp_18206_cycle_1_4",6
"5780","virus_comp_18207_cycle_1_2",6
"5781","virus_comp_18209_cycle_1_1",6
"5782","virus_comp_18230_cycle_1_13",6
"5783","virus_comp_1824_cycle_1_6",6
"5784","virus_comp_18240_cycle_1_11",6
"5785","virus_comp_18240_cycle_1_16",6
"5786","virus_comp_18240_cycle_1_2",6
"5787","virus_comp_18240_cycle_1_4",6
"5788","virus_comp_18244_cycle_1_10",6
"5789","virus_comp_18253_cycle_1_2",6
"5790","virus_comp_18259_cycle_1_2",6
"5791","virus_comp_18259_cycle_1_3",6
"5792","virus_comp_18259_cycle_1_4",6
"5793","virus_comp_18259_cycle_1_5",6
"5794","virus_comp_18276_cycle_1_1",6
"5795","virus_comp_18276_cycle_1_6",6
"5796","virus_comp_18293_cycle_1_3",6
"5797","virus_comp_18299_cycle_1_8",6
"5798","virus_comp_18299_cycle_1_9",6
"5799","virus_comp_1830_cycle_1_4",6
"5800","virus_comp_18347_cycle_1_2",6
"5801","virus_comp_18353_cycle_1_1",6
"5802","virus_comp_18353_cycle_1_8",6
"5803","virus_comp_18364_cycle_1_3",6
"5804","virus_comp_18380_cycle_1_4",6
"5805","virus_comp_18390_cycle_1_1",6
"5806","virus_comp_18390_cycle_1_4",6
"5807","virus_comp_18390_cycle_1_6",6
"5808","virus_comp_18412_cycle_1_11",6
"5809","virus_comp_1865_cycle_1_15",6
"5810","virus_comp_189_cycle_1_3",6
"5811","virus_comp_1925_cycle_1_2",6
"5812","virus_comp_1931_cycle_1_4",6
"5813","virus_comp_1932_cycle_1_1",6
"5814","virus_comp_1937_cycle_1_7",6
"5815","virus_comp_1945_cycle_1_9",6
"5816","virus_comp_195_cycle_1_101",6
"5817","virus_comp_195_cycle_1_103",6
"5818","virus_comp_195_cycle_1_105",6
"5819","virus_comp_195_cycle_1_107",6
"5820","virus_comp_195_cycle_1_115",6
"5821","virus_comp_195_cycle_1_164",6
"5822","virus_comp_195_cycle_1_165",6
"5823","virus_comp_195_cycle_1_171",6
"5824","virus_comp_195_cycle_1_18",6
"5825","virus_comp_195_cycle_1_181",6
"5826","virus_comp_195_cycle_1_3",6
"5827","virus_comp_195_cycle_1_31",6
"5828","virus_comp_195_cycle_1_36",6
"5829","virus_comp_195_cycle_1_39",6
"5830","virus_comp_195_cycle_1_52",6
"5831","virus_comp_195_cycle_1_62",6
"5832","virus_comp_195_cycle_1_66",6
"5833","virus_comp_195_cycle_1_68",6
"5834","virus_comp_195_cycle_1_70",6
"5835","virus_comp_195_cycle_1_71",6
"5836","virus_comp_195_cycle_1_72",6
"5837","virus_comp_195_cycle_1_79",6
"5838","virus_comp_195_cycle_1_8",6
"5839","virus_comp_195_cycle_1_85",6
"5840","virus_comp_195_cycle_1_93",6
"5841","virus_comp_195_cycle_1_97",6
"5842","virus_comp_1950_cycle_1_4",6
"5843","virus_comp_197_cycle_1_100",6
"5844","virus_comp_197_cycle_1_104",6
"5845","virus_comp_197_cycle_1_14",6
"5846","virus_comp_197_cycle_1_20",6
"5847","virus_comp_197_cycle_1_36",6
"5848","virus_comp_197_cycle_1_44",6
"5849","virus_comp_197_cycle_1_50",6
"5850","virus_comp_197_cycle_1_72",6
"5851","virus_comp_197_cycle_1_73",6
"5852","virus_comp_197_cycle_1_87",6
"5853","virus_comp_197_cycle_1_9",6
"5854","virus_comp_197_cycle_1_92",6
"5855","virus_comp_197_cycle_1_97",6
"5856","virus_comp_1971_cycle_1_10",6
"5857","virus_comp_198_cycle_1_6",6
"5858","virus_comp_1983_cycle_1_4",6
"5859","virus_comp_199_cycle_1_8",6
"5860","virus_comp_1990_cycle_1_4",6
"5861","virus_comp_2008_cycle_1_7",6
"5862","virus_comp_2012_cycle_1_1",6
"5863","virus_comp_2028_cycle_1_5",6
"5864","virus_comp_2042_cycle_1_7",6
"5865","virus_comp_2042_cycle_1_9",6
"5866","virus_comp_2050_cycle_1_7",6
"5867","virus_comp_206_cycle_1_14",6
"5868","virus_comp_206_cycle_1_58",6
"5869","virus_comp_206_cycle_1_63",6
"5870","virus_comp_2060_cycle_1_1",6
"5871","virus_comp_2060_cycle_1_10",6
"5872","virus_comp_2060_cycle_1_2",6
"5873","virus_comp_2060_cycle_1_5",6
"5874","virus_comp_2068_cycle_1_6",6
"5875","virus_comp_2073_cycle_1_4",6
"5876","virus_comp_2073_cycle_1_6",6
"5877","virus_comp_2073_cycle_1_7",6
"5878","virus_comp_2075_cycle_1_11",6
"5879","virus_comp_2084_cycle_1_2",6
"5880","virus_comp_2084_cycle_1_5",6
"5881","virus_comp_2084_cycle_1_8",6
"5882","virus_comp_2088_cycle_1_1",6
"5883","virus_comp_2088_cycle_1_6",6
"5884","virus_comp_2088_cycle_1_9",6
"5885","virus_comp_2089_cycle_1_8",6
"5886","virus_comp_2089_cycle_1_9",6
"5887","virus_comp_2102_cycle_1_1",6
"5888","virus_comp_2103_cycle_1_2",6
"5889","virus_comp_2106_cycle_1_3",6
"5890","virus_comp_2106_cycle_1_7",6
"5891","virus_comp_2106_cycle_1_8",6
"5892","virus_comp_2108_cycle_1_9",6
"5893","virus_comp_2109_cycle_1_8",6
"5894","virus_comp_2134_cycle_1_5",6
"5895","virus_comp_2139_cycle_1_9",6
"5896","virus_comp_2166_cycle_1_3",6
"5897","virus_comp_2170_cycle_1_2",6
"5898","virus_comp_2173_cycle_1_5",6
"5899","virus_comp_2184_cycle_1_6",6
"5900","virus_comp_2195_cycle_1_2",6
"5901","virus_comp_2195_cycle_1_3",6
"5902","virus_comp_2195_cycle_1_6",6
"5903","virus_comp_2195_cycle_1_8",6
"5904","virus_comp_2197_cycle_1_3",6
"5905","virus_comp_2211_cycle_1_3",6
"5906","virus_comp_2211_cycle_1_8",6
"5907","virus_comp_2215_cycle_1_4",6
"5908","virus_comp_2229_cycle_1_6",6
"5909","virus_comp_2233_cycle_1_2",6
"5910","virus_comp_2239_cycle_1_7",6
"5911","virus_comp_2248_cycle_1_4",6
"5912","virus_comp_2248_cycle_1_9",6
"5913","virus_comp_2254_cycle_1_8",6
"5914","virus_comp_2260_cycle_1_6",6
"5915","virus_comp_2265_cycle_1_4",6
"5916","virus_comp_2265_cycle_1_8",6
"5917","virus_comp_2283_cycle_1_9",6
"5918","virus_comp_2286_cycle_1_5",6
"5919","virus_comp_229_cycle_1_71",6
"5920","virus_comp_229_cycle_1_79",6
"5921","virus_comp_229_cycle_1_80",6
"5922","virus_comp_229_cycle_1_98",6
"5923","virus_comp_2298_cycle_1_3",6
"5924","virus_comp_2298_cycle_1_7",6
"5925","virus_comp_2298_cycle_1_8",6
"5926","virus_comp_2305_cycle_1_3",6
"5927","virus_comp_2308_cycle_1_1",6
"5928","virus_comp_2308_cycle_1_2",6
"5929","virus_comp_2310_cycle_1_10",6
"5930","virus_comp_2310_cycle_1_8",6
"5931","virus_comp_2311_cycle_1_10",6
"5932","virus_comp_2311_cycle_1_3",6
"5933","virus_comp_2311_cycle_1_9",6
"5934","virus_comp_2325_cycle_1_3",6
"5935","virus_comp_2328_cycle_1_3",6
"5936","virus_comp_2338_cycle_1_2",6
"5937","virus_comp_2338_cycle_1_5",6
"5938","virus_comp_2340_cycle_1_3",6
"5939","virus_comp_2344_cycle_1_8",6
"5940","virus_comp_2345_cycle_1_5",6
"5941","virus_comp_2370_cycle_1_2",6
"5942","virus_comp_2375_cycle_1_9",6
"5943","virus_comp_2376_cycle_1_4",6
"5944","virus_comp_238_cycle_1_152",6
"5945","virus_comp_238_cycle_1_167",6
"5946","virus_comp_238_cycle_1_35",6
"5947","virus_comp_2382_cycle_1_9",6
"5948","virus_comp_2385_cycle_1_7",6
"5949","virus_comp_2386_cycle_1_3",6
"5950","virus_comp_2393_cycle_1_7",6
"5951","virus_comp_2399_cycle_1_1",6
"5952","virus_comp_2399_cycle_1_3",6
"5953","virus_comp_2399_cycle_1_8",6
"5954","virus_comp_2402_cycle_1_10",6
"5955","virus_comp_2402_cycle_1_4",6
"5956","virus_comp_2410_cycle_1_2",6
"5957","virus_comp_2413_cycle_1_1",6
"5958","virus_comp_2418_cycle_1_3",6
"5959","virus_comp_2418_cycle_1_7",6
"5960","virus_comp_2422_cycle_1_2",6
"5961","virus_comp_2434_cycle_1_3",6
"5962","virus_comp_2438_cycle_1_4",6
"5963","virus_comp_2440_cycle_1_8",6
"5964","virus_comp_2445_cycle_1_2",6
"5965","virus_comp_245_cycle_1_43",6
"5966","virus_comp_245_cycle_1_90",6
"5967","virus_comp_2452_cycle_1_5",6
"5968","virus_comp_2452_cycle_1_6",6
"5969","virus_comp_2460_cycle_1_8",6
"5970","virus_comp_2461_cycle_1_8",6
"5971","virus_comp_2465_cycle_1_8",6
"5972","virus_comp_2465_cycle_1_9",6
"5973","virus_comp_2471_cycle_1_1",6
"5974","virus_comp_2471_cycle_1_3",6
"5975","virus_comp_2471_cycle_1_4",6
"5976","virus_comp_2471_cycle_1_5",6
"5977","virus_comp_2471_cycle_1_7",6
"5978","virus_comp_2473_cycle_1_7",6
"5979","virus_comp_2484_cycle_1_5",6
"5980","virus_comp_2486_cycle_1_6",6
"5981","virus_comp_2486_cycle_1_9",6
"5982","virus_comp_250_cycle_1_109",6
"5983","virus_comp_250_cycle_1_110",6
"5984","virus_comp_250_cycle_1_111",6
"5985","virus_comp_250_cycle_1_112",6
"5986","virus_comp_250_cycle_1_113",6
"5987","virus_comp_250_cycle_1_114",6
"5988","virus_comp_250_cycle_1_116",6
"5989","virus_comp_250_cycle_1_12",6
"5990","virus_comp_250_cycle_1_123",6
"5991","virus_comp_250_cycle_1_130",6
"5992","virus_comp_250_cycle_1_134",6
"5993","virus_comp_250_cycle_1_135",6
"5994","virus_comp_250_cycle_1_136",6
"5995","virus_comp_250_cycle_1_160",6
"5996","virus_comp_250_cycle_1_167",6
"5997","virus_comp_250_cycle_1_169",6
"5998","virus_comp_250_cycle_1_170",6
"5999","virus_comp_250_cycle_1_173",6
"6000","virus_comp_250_cycle_1_174",6
"6001","virus_comp_250_cycle_1_178",6
"6002","virus_comp_250_cycle_1_182",6
"6003","virus_comp_250_cycle_1_196",6
"6004","virus_comp_250_cycle_1_201",6
"6005","virus_comp_250_cycle_1_208",6
"6006","virus_comp_250_cycle_1_218",6
"6007","virus_comp_250_cycle_1_23",6
"6008","virus_comp_250_cycle_1_24",6
"6009","virus_comp_250_cycle_1_35",6
"6010","virus_comp_250_cycle_1_53",6
"6011","virus_comp_250_cycle_1_73",6
"6012","virus_comp_250_cycle_1_79",6
"6013","virus_comp_2500_cycle_1_2",6
"6014","virus_comp_2500_cycle_1_6",6
"6015","virus_comp_2500_cycle_1_7",6
"6016","virus_comp_2506_cycle_1_9",6
"6017","virus_comp_2513_cycle_1_13",6
"6018","virus_comp_2513_cycle_1_5",6
"6019","virus_comp_2513_cycle_1_8",6
"6020","virus_comp_2524_cycle_1_1",6
"6021","virus_comp_2524_cycle_1_6",6
"6022","virus_comp_2527_cycle_1_4",6
"6023","virus_comp_2527_cycle_1_5",6
"6024","virus_comp_2527_cycle_1_6",6
"6025","virus_comp_2529_cycle_1_1",6
"6026","virus_comp_2535_cycle_1_2",6
"6027","virus_comp_2535_cycle_1_7",6
"6028","virus_comp_254_cycle_1_4",6
"6029","virus_comp_254_cycle_1_9",6
"6030","virus_comp_2559_cycle_1_4",6
"6031","virus_comp_2589_cycle_1_8",6
"6032","virus_comp_2597_cycle_1_2",6
"6033","virus_comp_2634_cycle_1_3",6
"6034","virus_comp_2650_cycle_1_6",6
"6035","virus_comp_2708_cycle_1_6",6
"6036","virus_comp_2709_cycle_1_1",6
"6037","virus_comp_2709_cycle_1_11",6
"6038","virus_comp_2709_cycle_1_3",6
"6039","virus_comp_2709_cycle_1_5",6
"6040","virus_comp_2709_cycle_1_8",6
"6041","virus_comp_2709_cycle_1_9",6
"6042","virus_comp_2711_cycle_1_2",6
"6043","virus_comp_2718_cycle_1_3",6
"6044","virus_comp_2721_cycle_1_4",6
"6045","virus_comp_2739_cycle_1_10",6
"6046","virus_comp_2739_cycle_1_7",6
"6047","virus_comp_2739_cycle_1_8",6
"6048","virus_comp_2739_cycle_1_9",6
"6049","virus_comp_2741_cycle_1_1",6
"6050","virus_comp_2741_cycle_1_2",6
"6051","virus_comp_2741_cycle_1_5",6
"6052","virus_comp_2757_cycle_1_11",6
"6053","virus_comp_2757_cycle_1_12",6
"6054","virus_comp_2760_cycle_1_8",6
"6055","virus_comp_2774_cycle_1_7",6
"6056","virus_comp_279_cycle_1_2",6
"6057","virus_comp_2799_cycle_1_5",6
"6058","virus_comp_280_cycle_1_1",6
"6059","virus_comp_280_cycle_1_14",6
"6060","virus_comp_280_cycle_1_15",6
"6061","virus_comp_280_cycle_1_6",6
"6062","virus_comp_280_cycle_1_7",6
"6063","virus_comp_2807_cycle_1_5",6
"6064","virus_comp_2812_cycle_1_3",6
"6065","virus_comp_2814_cycle_1_1",6
"6066","virus_comp_2822_cycle_1_6",6
"6067","virus_comp_2822_cycle_1_8",6
"6068","virus_comp_2830_cycle_1_2",6
"6069","virus_comp_2830_cycle_1_7",6
"6070","virus_comp_2838_cycle_1_10",6
"6071","virus_comp_2864_cycle_1_7",6
"6072","virus_comp_2885_cycle_1_2",6
"6073","virus_comp_2904_cycle_1_2",6
"6074","virus_comp_2904_cycle_1_5",6
"6075","virus_comp_2904_cycle_1_8",6
"6076","virus_comp_2918_cycle_1_3",6
"6077","virus_comp_2931_cycle_1_3",6
"6078","virus_comp_2945_cycle_1_10",6
"6079","virus_comp_2945_cycle_1_15",6
"6080","virus_comp_2946_cycle_1_4",6
"6081","virus_comp_2946_cycle_1_5",6
"6082","virus_comp_2955_cycle_1_3",6
"6083","virus_comp_2957_cycle_1_9",6
"6084","virus_comp_296_cycle_1_2",6
"6085","virus_comp_2969_cycle_1_2",6
"6086","virus_comp_2986_cycle_1_11",6
"6087","virus_comp_2996_cycle_1_4",6
"6088","virus_comp_3_cycle_1_1",6
"6089","virus_comp_3003_cycle_1_2",6
"6090","virus_comp_3007_cycle_1_7",6
"6091","virus_comp_301_cycle_1_116",6
"6092","virus_comp_301_cycle_1_36",6
"6093","virus_comp_301_cycle_1_7",6
"6094","virus_comp_301_cycle_1_74",6
"6095","virus_comp_301_cycle_1_76",6
"6096","virus_comp_301_cycle_1_88",6
"6097","virus_comp_301_cycle_1_89",6
"6098","virus_comp_3012_cycle_1_1",6
"6099","virus_comp_3035_cycle_1_8",6
"6100","virus_comp_3035_cycle_1_9",6
"6101","virus_comp_3037_cycle_1_7",6
"6102","virus_comp_3082_cycle_1_2",6
"6103","virus_comp_3082_cycle_1_5",6
"6104","virus_comp_3093_cycle_1_2",6
"6105","virus_comp_3093_cycle_1_4",6
"6106","virus_comp_3093_cycle_1_5",6
"6107","virus_comp_3098_cycle_1_2",6
"6108","virus_comp_3126_cycle_1_3",6
"6109","virus_comp_3136_cycle_1_5",6
"6110","virus_comp_3146_cycle_1_6",6
"6111","virus_comp_3147_cycle_1_3",6
"6112","virus_comp_3152_cycle_1_10",6
"6113","virus_comp_3157_cycle_1_6",6
"6114","virus_comp_3167_cycle_1_1",6
"6115","virus_comp_317_cycle_1_2",6
"6116","virus_comp_3170_cycle_1_6",6
"6117","virus_comp_3208_cycle_1_6",6
"6118","virus_comp_3225_cycle_1_5",6
"6119","virus_comp_3226_cycle_1_4",6
"6120","virus_comp_3226_cycle_1_8",6
"6121","virus_comp_3233_cycle_1_4",6
"6122","virus_comp_3253_cycle_1_5",6
"6123","virus_comp_3274_cycle_1_6",6
"6124","virus_comp_3288_cycle_1_12",6
"6125","virus_comp_330_cycle_1_100",6
"6126","virus_comp_330_cycle_1_105",6
"6127","virus_comp_330_cycle_1_107",6
"6128","virus_comp_330_cycle_1_120",6
"6129","virus_comp_330_cycle_1_121",6
"6130","virus_comp_330_cycle_1_30",6
"6131","virus_comp_330_cycle_1_32",6
"6132","virus_comp_330_cycle_1_42",6
"6133","virus_comp_330_cycle_1_50",6
"6134","virus_comp_330_cycle_1_60",6
"6135","virus_comp_330_cycle_1_86",6
"6136","virus_comp_330_cycle_1_90",6
"6137","virus_comp_330_cycle_1_94",6
"6138","virus_comp_330_cycle_1_95",6
"6139","virus_comp_331_cycle_1_1",6
"6140","virus_comp_331_cycle_1_2",6
"6141","virus_comp_3319_cycle_1_1",6
"6142","virus_comp_3319_cycle_1_3",6
"6143","virus_comp_332_cycle_1_15",6
"6144","virus_comp_335_cycle_1_7",6
"6145","virus_comp_3358_cycle_1_7",6
"6146","virus_comp_3359_cycle_1_11",6
"6147","virus_comp_3359_cycle_1_3",6
"6148","virus_comp_3368_cycle_1_9",6
"6149","virus_comp_3386_cycle_1_1",6
"6150","virus_comp_3421_cycle_1_2",6
"6151","virus_comp_3442_cycle_1_7",6
"6152","virus_comp_3464_cycle_1_4",6
"6153","virus_comp_3468_cycle_1_2",6
"6154","virus_comp_3522_cycle_1_1",6
"6155","virus_comp_3531_cycle_1_3",6
"6156","virus_comp_3542_cycle_1_3",6
"6157","virus_comp_357_cycle_1_6",6
"6158","virus_comp_3571_cycle_1_3",6
"6159","virus_comp_3571_cycle_1_4",6
"6160","virus_comp_3571_cycle_1_7",6
"6161","virus_comp_358_cycle_1_10",6
"6162","virus_comp_358_cycle_1_14",6
"6163","virus_comp_36_cycle_2_25",6
"6164","virus_comp_36_cycle_2_26",6
"6165","virus_comp_3620_cycle_1_3",6
"6166","virus_comp_3620_cycle_1_7",6
"6167","virus_comp_3668_cycle_1_4",6
"6168","virus_comp_370_cycle_1_1",6
"6169","virus_comp_370_cycle_1_18",6
"6170","virus_comp_370_cycle_1_30",6
"6171","virus_comp_370_cycle_1_31",6
"6172","virus_comp_370_cycle_1_4",6
"6173","virus_comp_370_cycle_1_47",6
"6174","virus_comp_370_cycle_1_54",6
"6175","virus_comp_370_cycle_1_56",6
"6176","virus_comp_370_cycle_1_57",6
"6177","virus_comp_370_cycle_1_61",6
"6178","virus_comp_3727_cycle_1_7",6
"6179","virus_comp_3730_cycle_1_5",6
"6180","virus_comp_3732_cycle_1_7",6
"6181","virus_comp_3747_cycle_1_3",6
"6182","virus_comp_3749_cycle_1_2",6
"6183","virus_comp_3755_cycle_1_6",6
"6184","virus_comp_3755_cycle_1_8",6
"6185","virus_comp_3775_cycle_1_9",6
"6186","virus_comp_3778_cycle_1_1",6
"6187","virus_comp_3831_cycle_1_5",6
"6188","virus_comp_3850_cycle_1_11",6
"6189","virus_comp_3850_cycle_1_5",6
"6190","virus_comp_3850_cycle_1_9",6
"6191","virus_comp_389_cycle_1_2",6
"6192","virus_comp_3907_cycle_1_5",6
"6193","virus_comp_391_cycle_1_10",6
"6194","virus_comp_391_cycle_1_32",6
"6195","virus_comp_391_cycle_1_44",6
"6196","virus_comp_391_cycle_1_5",6
"6197","virus_comp_391_cycle_1_6",6
"6198","virus_comp_391_cycle_1_69",6
"6199","virus_comp_391_cycle_1_74",6
"6200","virus_comp_391_cycle_1_76",6
"6201","virus_comp_391_cycle_1_8",6
"6202","virus_comp_391_cycle_1_81",6
"6203","virus_comp_391_cycle_1_82",6
"6204","virus_comp_391_cycle_1_87",6
"6205","virus_comp_3930_cycle_1_10",6
"6206","virus_comp_3930_cycle_1_12",6
"6207","virus_comp_3984_cycle_1_1",6
"6208","virus_comp_3986_cycle_1_9",6
"6209","virus_comp_3997_cycle_1_3",6
"6210","virus_comp_400_cycle_3_11",6
"6211","virus_comp_400_cycle_3_2",6
"6212","virus_comp_400_cycle_3_35",6
"6213","virus_comp_400_cycle_3_58",6
"6214","virus_comp_400_cycle_3_60",6
"6215","virus_comp_400_cycle_3_74",6
"6216","virus_comp_400_cycle_3_89",6
"6217","virus_comp_400_cycle_3_9",6
"6218","virus_comp_4046_cycle_1_3",6
"6219","virus_comp_407_cycle_1_22",6
"6220","virus_comp_407_cycle_1_35",6
"6221","virus_comp_407_cycle_1_39",6
"6222","virus_comp_4096_cycle_1_4",6
"6223","virus_comp_4096_cycle_1_8",6
"6224","virus_comp_414_cycle_1_10",6
"6225","virus_comp_414_cycle_1_11",6
"6226","virus_comp_414_cycle_1_12",6
"6227","virus_comp_414_cycle_1_14",6
"6228","virus_comp_414_cycle_1_2",6
"6229","virus_comp_414_cycle_1_3",6
"6230","virus_comp_414_cycle_1_8",6
"6231","virus_comp_414_cycle_1_9",6
"6232","virus_comp_4149_cycle_1_1",6
"6233","virus_comp_4149_cycle_1_3",6
"6234","virus_comp_4179_cycle_1_2",6
"6235","virus_comp_4192_cycle_1_1",6
"6236","virus_comp_4195_cycle_1_4",6
"6237","virus_comp_421_cycle_1_4",6
"6238","virus_comp_421_cycle_1_5",6
"6239","virus_comp_4226_cycle_1_4",6
"6240","virus_comp_424_cycle_1_2",6
"6241","virus_comp_424_cycle_1_4",6
"6242","virus_comp_4247_cycle_1_7",6
"6243","virus_comp_425_cycle_1_2",6
"6244","virus_comp_426_cycle_1_2",6
"6245","virus_comp_4276_cycle_1_1",6
"6246","virus_comp_4276_cycle_1_3",6
"6247","virus_comp_429_cycle_1_18",6
"6248","virus_comp_429_cycle_1_55",6
"6249","virus_comp_429_cycle_1_75",6
"6250","virus_comp_433_cycle_1_63",6
"6251","virus_comp_433_cycle_1_65",6
"6252","virus_comp_433_cycle_1_70",6
"6253","virus_comp_434_cycle_1_5",6
"6254","virus_comp_4351_cycle_1_5",6
"6255","virus_comp_436_cycle_1_1",6
"6256","virus_comp_436_cycle_1_4",6
"6257","virus_comp_4374_cycle_1_2",6
"6258","virus_comp_4374_cycle_1_3",6
"6259","virus_comp_439_cycle_1_23",6
"6260","virus_comp_439_cycle_1_30",6
"6261","virus_comp_439_cycle_1_4",6
"6262","virus_comp_439_cycle_1_5",6
"6263","virus_comp_439_cycle_1_50",6
"6264","virus_comp_440_cycle_1_11",6
"6265","virus_comp_440_cycle_1_4",6
"6266","virus_comp_4406_cycle_1_9",6
"6267","virus_comp_442_cycle_1_16",6
"6268","virus_comp_442_cycle_1_19",6
"6269","virus_comp_442_cycle_1_25",6
"6270","virus_comp_442_cycle_1_30",6
"6271","virus_comp_442_cycle_1_31",6
"6272","virus_comp_442_cycle_1_35",6
"6273","virus_comp_442_cycle_1_41",6
"6274","virus_comp_442_cycle_1_43",6
"6275","virus_comp_442_cycle_1_49",6
"6276","virus_comp_442_cycle_1_55",6
"6277","virus_comp_442_cycle_1_56",6
"6278","virus_comp_443_cycle_1_3",6
"6279","virus_comp_448_cycle_1_20",6
"6280","virus_comp_448_cycle_1_24",6
"6281","virus_comp_4501_cycle_1_2",6
"6282","virus_comp_4511_cycle_1_6",6
"6283","virus_comp_454_cycle_1_7",6
"6284","virus_comp_454_cycle_1_9",6
"6285","virus_comp_455_cycle_1_5",6
"6286","virus_comp_455_cycle_1_6",6
"6287","virus_comp_457_cycle_1_6",6
"6288","virus_comp_4571_cycle_1_1",6
"6289","virus_comp_4571_cycle_1_2",6
"6290","virus_comp_4571_cycle_1_3",6
"6291","virus_comp_4619_cycle_1_2",6
"6292","virus_comp_463_cycle_1_5",6
"6293","virus_comp_4632_cycle_1_7",6
"6294","virus_comp_464_cycle_1_15",6
"6295","virus_comp_464_cycle_1_16",6
"6296","virus_comp_464_cycle_1_51",6
"6297","virus_comp_464_cycle_1_61",6
"6298","virus_comp_464_cycle_1_62",6
"6299","virus_comp_464_cycle_1_67",6
"6300","virus_comp_464_cycle_1_9",6
"6301","virus_comp_4688_cycle_1_3",6
"6302","virus_comp_4688_cycle_1_4",6
"6303","virus_comp_4695_cycle_1_1",6
"6304","virus_comp_4722_cycle_1_4",6
"6305","virus_comp_473_cycle_1_5",6
"6306","virus_comp_475_cycle_1_10",6
"6307","virus_comp_475_cycle_1_11",6
"6308","virus_comp_475_cycle_1_19",6
"6309","virus_comp_475_cycle_1_87",6
"6310","virus_comp_4763_cycle_1_3",6
"6311","virus_comp_4767_cycle_1_2",6
"6312","virus_comp_4789_cycle_1_5",6
"6313","virus_comp_479_cycle_1_15",6
"6314","virus_comp_479_cycle_1_2",6
"6315","virus_comp_479_cycle_1_24",6
"6316","virus_comp_4853_cycle_1_1",6
"6317","virus_comp_4875_cycle_1_4",6
"6318","virus_comp_4912_cycle_1_2",6
"6319","virus_comp_493_cycle_1_12",6
"6320","virus_comp_4933_cycle_1_3",6
"6321","virus_comp_4946_cycle_1_3",6
"6322","virus_comp_496_cycle_1_10",6
"6323","virus_comp_496_cycle_1_11",6
"6324","virus_comp_496_cycle_1_34",6
"6325","virus_comp_496_cycle_1_9",6
"6326","virus_comp_498_cycle_1_29",6
"6327","virus_comp_498_cycle_1_72",6
"6328","virus_comp_4980_cycle_1_1",6
"6329","virus_comp_4980_cycle_1_2",6
"6330","virus_comp_4980_cycle_1_3",6
"6331","virus_comp_4980_cycle_1_4",6
"6332","virus_comp_4980_cycle_1_5",6
"6333","virus_comp_4995_cycle_1_3",6
"6334","virus_comp_500_cycle_1_5",6
"6335","virus_comp_503_cycle_1_20",6
"6336","virus_comp_505_cycle_1_27",6
"6337","virus_comp_505_cycle_1_8",6
"6338","virus_comp_506_cycle_1_1",6
"6339","virus_comp_5079_cycle_1_6",6
"6340","virus_comp_5081_cycle_1_3",6
"6341","virus_comp_509_cycle_1_4",6
"6342","virus_comp_5105_cycle_1_1",6
"6343","virus_comp_5124_cycle_1_1",6
"6344","virus_comp_5179_cycle_1_2",6
"6345","virus_comp_522_cycle_1_12",6
"6346","virus_comp_522_cycle_1_14",6
"6347","virus_comp_522_cycle_1_4",6
"6348","virus_comp_5223_cycle_1_2",6
"6349","virus_comp_5225_cycle_1_1",6
"6350","virus_comp_523_cycle_1_6",6
"6351","virus_comp_523_cycle_1_8",6
"6352","virus_comp_5246_cycle_1_5",6
"6353","virus_comp_529_cycle_1_1",6
"6354","virus_comp_529_cycle_1_2",6
"6355","virus_comp_5304_cycle_1_1",6
"6356","virus_comp_5321_cycle_1_5",6
"6357","virus_comp_536_cycle_1_1",6
"6358","virus_comp_536_cycle_1_10",6
"6359","virus_comp_536_cycle_1_11",6
"6360","virus_comp_5366_cycle_1_2",6
"6361","virus_comp_5397_cycle_1_5",6
"6362","virus_comp_5406_cycle_1_1",6
"6363","virus_comp_5406_cycle_1_4",6
"6364","virus_comp_542_cycle_2_1",6
"6365","virus_comp_542_cycle_2_10",6
"6366","virus_comp_542_cycle_2_100",6
"6367","virus_comp_542_cycle_2_23",6
"6368","virus_comp_542_cycle_2_38",6
"6369","virus_comp_542_cycle_2_64",6
"6370","virus_comp_542_cycle_2_68",6
"6371","virus_comp_547_cycle_1_1",6
"6372","virus_comp_547_cycle_1_12",6
"6373","virus_comp_550_cycle_1_3",6
"6374","virus_comp_5504_cycle_1_1",6
"6375","virus_comp_551_cycle_1_18",6
"6376","virus_comp_551_cycle_1_21",6
"6377","virus_comp_551_cycle_1_22",6
"6378","virus_comp_5608_cycle_1_1",6
"6379","virus_comp_5633_cycle_1_3",6
"6380","virus_comp_5634_cycle_1_5",6
"6381","virus_comp_564_cycle_1_10",6
"6382","virus_comp_564_cycle_1_4",6
"6383","virus_comp_564_cycle_1_5",6
"6384","virus_comp_565_cycle_1_37",6
"6385","virus_comp_568_cycle_1_20",6
"6386","virus_comp_568_cycle_1_30",6
"6387","virus_comp_568_cycle_1_32",6
"6388","virus_comp_5747_cycle_1_2",6
"6389","virus_comp_587_cycle_1_42",6
"6390","virus_comp_589_cycle_1_18",6
"6391","virus_comp_589_cycle_1_32",6
"6392","virus_comp_589_cycle_1_35",6
"6393","virus_comp_589_cycle_1_36",6
"6394","virus_comp_589_cycle_1_41",6
"6395","virus_comp_589_cycle_1_52",6
"6396","virus_comp_589_cycle_1_54",6
"6397","virus_comp_589_cycle_1_55",6
"6398","virus_comp_590_cycle_2_14",6
"6399","virus_comp_590_cycle_2_27",6
"6400","virus_comp_590_cycle_2_30",6
"6401","virus_comp_590_cycle_2_39",6
"6402","virus_comp_590_cycle_2_40",6
"6403","virus_comp_590_cycle_2_41",6
"6404","virus_comp_590_cycle_2_47",6
"6405","virus_comp_590_cycle_2_48",6
"6406","virus_comp_590_cycle_2_49",6
"6407","virus_comp_590_cycle_2_7",6
"6408","virus_comp_5915_cycle_1_5",6
"6409","virus_comp_5922_cycle_1_2",6
"6410","virus_comp_593_cycle_1_102",6
"6411","virus_comp_593_cycle_1_106",6
"6412","virus_comp_593_cycle_1_113",6
"6413","virus_comp_593_cycle_1_116",6
"6414","virus_comp_593_cycle_1_117",6
"6415","virus_comp_593_cycle_1_119",6
"6416","virus_comp_593_cycle_1_13",6
"6417","virus_comp_593_cycle_1_14",6
"6418","virus_comp_593_cycle_1_19",6
"6419","virus_comp_593_cycle_1_21",6
"6420","virus_comp_593_cycle_1_29",6
"6421","virus_comp_593_cycle_1_32",6
"6422","virus_comp_593_cycle_1_40",6
"6423","virus_comp_593_cycle_1_64",6
"6424","virus_comp_593_cycle_1_65",6
"6425","virus_comp_593_cycle_1_73",6
"6426","virus_comp_593_cycle_1_84",6
"6427","virus_comp_593_cycle_1_94",6
"6428","virus_comp_593_cycle_1_99",6
"6429","virus_comp_5934_cycle_1_6",6
"6430","virus_comp_595_cycle_1_2",6
"6431","virus_comp_598_cycle_1_12",6
"6432","virus_comp_60_cycle_1_19",6
"6433","virus_comp_60_cycle_1_24",6
"6434","virus_comp_60_cycle_1_28",6
"6435","virus_comp_60_cycle_1_36",6
"6436","virus_comp_602_cycle_1_3",6
"6437","virus_comp_613_cycle_1_19",6
"6438","virus_comp_613_cycle_1_2",6
"6439","virus_comp_613_cycle_1_7",6
"6440","virus_comp_6161_cycle_1_3",6
"6441","virus_comp_619_cycle_1_2",6
"6442","virus_comp_619_cycle_1_7",6
"6443","virus_comp_62_cycle_1_27",6
"6444","virus_comp_62_cycle_1_40",6
"6445","virus_comp_62_cycle_1_43",6
"6446","virus_comp_62_cycle_1_45",6
"6447","virus_comp_6278_cycle_1_2",6
"6448","virus_comp_6315_cycle_1_5",6
"6449","virus_comp_6322_cycle_1_2",6
"6450","virus_comp_6322_cycle_1_3",6
"6451","virus_comp_634_cycle_1_15",6
"6452","virus_comp_634_cycle_1_21",6
"6453","virus_comp_634_cycle_1_23",6
"6454","virus_comp_634_cycle_1_28",6
"6455","virus_comp_634_cycle_1_45",6
"6456","virus_comp_634_cycle_1_77",6
"6457","virus_comp_636_cycle_1_52",6
"6458","virus_comp_636_cycle_1_53",6
"6459","virus_comp_636_cycle_1_73",6
"6460","virus_comp_6361_cycle_1_1",6
"6461","virus_comp_645_cycle_1_11",6
"6462","virus_comp_651_cycle_1_42",6
"6463","virus_comp_6510_cycle_1_4",6
"6464","virus_comp_6635_cycle_1_3",6
"6465","virus_comp_666_cycle_1_1",6
"6466","virus_comp_67_cycle_1_8",6
"6467","virus_comp_6721_cycle_1_2",6
"6468","virus_comp_69_cycle_1_29",6
"6469","virus_comp_69_cycle_1_46",6
"6470","virus_comp_69_cycle_1_49",6
"6471","virus_comp_69_cycle_1_7",6
"6472","virus_comp_6916_cycle_1_2",6
"6473","virus_comp_699_cycle_1_46",6
"6474","virus_comp_699_cycle_1_52",6
"6475","virus_comp_699_cycle_1_58",6
"6476","virus_comp_699_cycle_1_59",6
"6477","virus_comp_6999_cycle_1_1",6
"6478","virus_comp_700_cycle_1_1",6
"6479","virus_comp_7056_cycle_1_5",6
"6480","virus_comp_707_cycle_1_35",6
"6481","virus_comp_713_cycle_1_3",6
"6482","virus_comp_716_cycle_1_4",6
"6483","virus_comp_7165_cycle_1_5",6
"6484","virus_comp_719_cycle_1_8",6
"6485","virus_comp_720_cycle_1_13",6
"6486","virus_comp_720_cycle_1_14",6
"6487","virus_comp_720_cycle_1_15",6
"6488","virus_comp_720_cycle_1_23",6
"6489","virus_comp_720_cycle_1_25",6
"6490","virus_comp_720_cycle_1_8",6
"6491","virus_comp_720_cycle_1_9",6
"6492","virus_comp_721_cycle_1_7",6
"6493","virus_comp_721_cycle_1_8",6
"6494","virus_comp_7214_cycle_1_1",6
"6495","virus_comp_7214_cycle_1_2",6
"6496","virus_comp_722_cycle_1_16",6
"6497","virus_comp_722_cycle_1_47",6
"6498","virus_comp_7252_cycle_1_2",6
"6499","virus_comp_729_cycle_1_1",6
"6500","virus_comp_729_cycle_1_19",6
"6501","virus_comp_729_cycle_1_20",6
"6502","virus_comp_729_cycle_1_31",6
"6503","virus_comp_729_cycle_1_60",6
"6504","virus_comp_729_cycle_1_62",6
"6505","virus_comp_729_cycle_1_9",6
"6506","virus_comp_732_cycle_1_4",6
"6507","virus_comp_733_cycle_1_34",6
"6508","virus_comp_7350_cycle_1_2",6
"6509","virus_comp_7350_cycle_1_3",6
"6510","virus_comp_7412_cycle_1_3",6
"6511","virus_comp_749_cycle_1_2",6
"6512","virus_comp_749_cycle_1_47",6
"6513","virus_comp_7540_cycle_1_4",6
"6514","virus_comp_757_cycle_1_25",6
"6515","virus_comp_757_cycle_1_28",6
"6516","virus_comp_757_cycle_1_39",6
"6517","virus_comp_757_cycle_1_68",6
"6518","virus_comp_757_cycle_1_69",6
"6519","virus_comp_7591_cycle_1_4",6
"6520","virus_comp_766_cycle_1_12",6
"6521","virus_comp_766_cycle_1_13",6
"6522","virus_comp_767_cycle_1_2",6
"6523","virus_comp_768_cycle_1_35",6
"6524","virus_comp_778_cycle_1_4",6
"6525","virus_comp_790_cycle_1_15",6
"6526","virus_comp_7982_cycle_1_2",6
"6527","virus_comp_8010_cycle_1_2",6
"6528","virus_comp_808_cycle_4_21",6
"6529","virus_comp_811_cycle_1_2",6
"6530","virus_comp_8145_cycle_1_2",6
"6531","virus_comp_8146_cycle_1_1",6
"6532","virus_comp_821_cycle_5_1",6
"6533","virus_comp_821_cycle_5_11",6
"6534","virus_comp_821_cycle_5_32",6
"6535","virus_comp_821_cycle_5_8",6
"6536","virus_comp_826_cycle_1_3",6
"6537","virus_comp_8375_cycle_1_2",6
"6538","virus_comp_838_cycle_1_60",6
"6539","virus_comp_839_cycle_1_34",6
"6540","virus_comp_839_cycle_1_50",6
"6541","virus_comp_840_cycle_1_13",6
"6542","virus_comp_841_cycle_1_10",6
"6543","virus_comp_841_cycle_1_5",6
"6544","virus_comp_844_cycle_1_23",6
"6545","virus_comp_845_cycle_1_37",6
"6546","virus_comp_849_cycle_1_2",6
"6547","virus_comp_851_cycle_1_31",6
"6548","virus_comp_853_cycle_1_13",6
"6549","virus_comp_853_cycle_1_16",6
"6550","virus_comp_853_cycle_1_39",6
"6551","virus_comp_853_cycle_1_46",6
"6552","virus_comp_853_cycle_1_53",6
"6553","virus_comp_858_cycle_1_14",6
"6554","virus_comp_858_cycle_1_28",6
"6555","virus_comp_858_cycle_1_3",6
"6556","virus_comp_858_cycle_1_39",6
"6557","virus_comp_858_cycle_1_4",6
"6558","virus_comp_858_cycle_1_7",6
"6559","virus_comp_858_cycle_1_8",6
"6560","virus_comp_862_cycle_1_10",6
"6561","virus_comp_8622_cycle_1_3",6
"6562","virus_comp_863_cycle_1_10",6
"6563","virus_comp_863_cycle_1_13",6
"6564","virus_comp_863_cycle_1_35",6
"6565","virus_comp_8647_cycle_1_1",6
"6566","virus_comp_865_cycle_1_6",6
"6567","virus_comp_869_cycle_1_12",6
"6568","virus_comp_869_cycle_1_18",6
"6569","virus_comp_869_cycle_1_2",6
"6570","virus_comp_869_cycle_1_22",6
"6571","virus_comp_869_cycle_1_24",6
"6572","virus_comp_869_cycle_1_26",6
"6573","virus_comp_869_cycle_1_3",6
"6574","virus_comp_869_cycle_1_44",6
"6575","virus_comp_869_cycle_1_45",6
"6576","virus_comp_869_cycle_1_65",6
"6577","virus_comp_869_cycle_1_75",6
"6578","virus_comp_869_cycle_1_81",6
"6579","virus_comp_869_cycle_1_82",6
"6580","virus_comp_872_cycle_1_12",6
"6581","virus_comp_872_cycle_1_21",6
"6582","virus_comp_872_cycle_1_28",6
"6583","virus_comp_872_cycle_1_47",6
"6584","virus_comp_873_cycle_1_3",6
"6585","virus_comp_875_cycle_1_2",6
"6586","virus_comp_876_cycle_1_1",6
"6587","virus_comp_877_cycle_1_8",6
"6588","virus_comp_88_cycle_1_9",6
"6589","virus_comp_881_cycle_1_2",6
"6590","virus_comp_881_cycle_1_4",6
"6591","virus_comp_8828_cycle_1_2",6
"6592","virus_comp_884_cycle_1_4",6
"6593","virus_comp_885_cycle_1_2",6
"6594","virus_comp_885_cycle_1_4",6
"6595","virus_comp_887_cycle_1_2",6
"6596","virus_comp_887_cycle_1_20",6
"6597","virus_comp_887_cycle_1_3",6
"6598","virus_comp_887_cycle_1_48",6
"6599","virus_comp_905_cycle_1_16",6
"6600","virus_comp_905_cycle_1_6",6
"6601","virus_comp_9132_cycle_1_1",6
"6602","virus_comp_921_cycle_1_11",6
"6603","virus_comp_922_cycle_1_4",6
"6604","virus_comp_924_cycle_2_10",6
"6605","virus_comp_924_cycle_2_25",6
"6606","virus_comp_926_cycle_1_5",6
"6607","virus_comp_9308_cycle_1_1",6
"6608","virus_comp_932_cycle_1_5",6
"6609","virus_comp_935_cycle_1_9",6
"6610","virus_comp_936_cycle_1_5",6
"6611","virus_comp_949_cycle_1_9",6
"6612","virus_comp_958_cycle_1_23",6
"6613","virus_comp_958_cycle_1_4",6
"6614","virus_comp_971_cycle_1_12",6
"6615","virus_comp_971_cycle_1_16",6
"6616","virus_comp_971_cycle_1_4",6
"6617","virus_comp_972_cycle_1_3",6
"6618","virus_comp_975_cycle_1_2",6
"6619","virus_comp_984_cycle_1_19",6
"6620","virus_comp_984_cycle_1_28",6
"6621","virus_comp_984_cycle_1_32",6
"6622","virus_comp_984_cycle_1_33",6
"6623","virus_comp_984_cycle_1_34",6
"6624","virus_comp_9845_cycle_1_1",6
"6625","virus_comp_9870_cycle_1_2",6
"6626","virus_comp_9870_cycle_1_3",6
"6627","virus_comp_9870_cycle_1_4",6
"6628","virus_comp_997_cycle_1_2",6
"6629","virus_comp_998_cycle_1_14",6
"6630","edge_1291_104",6
"6631","edge_1291_129",6
"6632","edge_1291_130",6
"6633","edge_1291_132",6
"6634","edge_1329_59",6
"6635","edge_1329_82",6
"6636","edge_1468_30",6
"6637","edge_1468_31",6
"6638","edge_1468_36",6
"6639","edge_1468_37",6
"6640","edge_1468_48",6
"6641","edge_1468_56",6
"6642","edge_1468_69",6
"6643","edge_1468_81",6
"6644","edge_1474_3",6
"6645","edge_1476_21",6
"6646","edge_1495_17",6
"6647","edge_1495_28",6
"6648","edge_1495_31",6
"6649","edge_1495_35",6
"6650","edge_1495_36",6
"6651","edge_1496_11",6
"6652","edge_1496_2",6
"6653","edge_1496_3",6
"6654","edge_1496_4",6
"6655","edge_1501_13",6
"6656","edge_1501_15",6
"6657","edge_1501_17",6
"6658","edge_1501_6",6
"6659","edge_1501_7",6
"6660","edge_1512_13",6
"6661","edge_1512_15",6
"6662","edge_1512_28",6
"6663","edge_1512_41",6
"6664","edge_1512_45",6
"6665","edge_1512_57",6
"6666","edge_1512_7",6
"6667","edge_1515_1",6
"6668","edge_1594_19",6
"6669","edge_1594_30",6
"6670","edge_1594_34",6
"6671","edge_1594_48",6
"6672","edge_1594_55",6
"6673","edge_1594_56",6
"6674","edge_1596_36",6
"6675","edge_16_7",6
"6676","edge_1627_17",6
"6677","edge_1627_25",6
"6678","edge_1627_26",6
"6679","edge_1627_38",6
"6680","edge_1631_13",6
"6681","edge_1631_16",6
"6682","edge_1631_22",6
"6683","edge_1631_40",6
"6684","edge_1632_11",6
"6685","edge_1632_9",6
"6686","edge_1633_1",6
"6687","edge_1633_22",6
"6688","edge_1633_43",6
"6689","edge_1633_45",6
"6690","edge_1633_47",6
"6691","edge_1633_48",6
"6692","edge_1633_49",6
"6693","edge_1633_51",6
"6694","edge_1633_8",6
"6695","edge_1641_45",6
"6696","edge_1641_46",6
"6697","edge_1709_23",6
"6698","edge_1709_28",6
"6699","edge_1709_41",6
"6700","edge_1709_44",6
"6701","edge_1709_46",6
"6702","edge_1709_48",6
"6703","edge_1709_52",6
"6704","edge_1709_9",6
"6705","edge_1732_13",6
"6706","edge_1732_20",6
"6707","edge_1732_4",6
"6708","edge_1732_55",6
"6709","edge_1732_71",6
"6710","edge_1782_19",6
"6711","edge_1801_25",6
"6712","edge_1801_3",6
"6713","edge_1801_39",6
"6714","edge_1801_4",6
"6715","edge_1803_31",6
"6716","edge_1845_16",6
"6717","edge_1845_20",6
"6718","edge_1845_22",6
"6719","edge_1847_29",6
"6720","edge_1857_16",6
"6721","edge_1857_17",6
"6722","edge_1857_83",6
"6723","edge_1862_1",6
"6724","edge_1862_21",6
"6725","edge_1862_22",6
"6726","edge_1862_23",6
"6727","edge_1896_15",6
"6728","edge_1896_45",6
"6729","edge_1905_1",6
"6730","edge_1906_1",6
"6731","edge_1957_37",6
"6732","edge_1979_3",6
"6733","edge_1979_4",6
"6734","edge_1989_17",6
"6735","edge_1989_26",6
"6736","edge_1989_3",6
"6737","edge_1989_44",6
"6738","edge_1997_25",6
"6739","edge_1997_63",6
"6740","edge_2044_26",6
"6741","edge_2044_31",6
"6742","edge_2044_4",6
"6743","edge_2063_25",6
"6744","edge_2063_28",6
"6745","edge_2063_4",6
"6746","edge_2143_21",6
"6747","edge_2143_3",6
"6748","edge_2143_39",6
"6749","edge_2143_41",6
"6750","edge_2143_44",6
"6751","edge_2143_45",6
"6752","edge_2143_46",6
"6753","edge_2143_50",6
"6754","edge_2143_59",6
"6755","edge_2194_31",6
"6756","edge_2194_4",6
"6757","edge_2261_21",6
"6758","edge_2320_4",6
"6759","edge_2320_5",6
"6760","edge_2381_11",6
"6761","edge_2381_14",6
"6762","edge_2381_15",6
"6763","edge_2381_33",6
"6764","edge_2381_4",6
"6765","edge_2454_11",6
"6766","edge_2454_13",6
"6767","edge_2454_14",6
"6768","edge_2454_16",6
"6769","edge_2455_7",6
"6770","edge_2461_13",6
"6771","edge_2461_16",6
"6772","edge_2461_17",6
"6773","edge_2461_6",6
"6774","edge_2483_3",6
"6775","edge_2484_21",6
"6776","edge_2484_32",6
"6777","edge_2486_1",6
"6778","edge_2486_13",6
"6779","edge_2486_14",6
"6780","edge_2486_19",6
"6781","edge_2486_20",6
"6782","edge_2486_26",6
"6783","edge_2486_31",6
"6784","edge_2486_46",6
"6785","edge_263_11",6
"6786","edge_263_13",6
"6787","edge_2837_2",6
"6788","edge_284_19",6
"6789","edge_284_22",6
"6790","edge_284_25",6
"6791","edge_2859_10",6
"6792","edge_2859_12",6
"6793","edge_2859_21",6
"6794","edge_2859_3",6
"6795","edge_2859_9",6
"6796","edge_288_3",6
"6797","edge_294_1",6
"6798","edge_294_31",6
"6799","edge_294_7",6
"6800","edge_294_8",6
"6801","edge_295_14",6
"6802","edge_295_16",6
"6803","edge_295_4",6
"6804","edge_295_42",6
"6805","edge_295_48",6
"6806","edge_295_49",6
"6807","edge_3176_13",6
"6808","edge_3278_2",6
"6809","edge_330_20",6
"6810","edge_330_27",6
"6811","edge_330_29",6
"6812","edge_330_31",6
"6813","edge_330_35",6
"6814","edge_330_36",6
"6815","edge_330_39",6
"6816","edge_330_4",6
"6817","edge_330_41",6
"6818","edge_330_43",6
"6819","edge_330_46",6
"6820","edge_3739_13",6
"6821","edge_3739_23",6
"6822","edge_4_18",6
"6823","edge_4_24",6
"6824","edge_4_32",6
"6825","edge_4_8",6
"6826","edge_48728_2",6
"6827","edge_48732_20",6
"6828","edge_48754_3",6
"6829","edge_48754_4",6
"6830","edge_48754_5",6
"6831","edge_48755_6",6
"6832","edge_48907_9",6
"6833","edge_48908_16",6
"6834","edge_48908_8",6
"6835","edge_48967_10",6
"6836","edge_49045_7",6
"6837","edge_72_11",6
"6838","edge_72_20",6
"6839","edge_75_29",6
"6840","edge_75_33",6
"6841","edge_957_12",6
"6842","edge_957_25",6
"6843","edge_957_8",6
"6844","edge_959_77",6
"6845","edge_959_93",6
"6846","edge_959_98",6
"6847","edge_965_12",6
"6848","edge_965_17",6
"6849","edge_965_21",6
"6850","edge_965_22",6
"6851","edge_965_25",6
"6852","edge_965_29",6
"6853","edge_965_34",6
"6854","edge_967_1",6
"6855","virus_comp_10_cycle_1_1",5
"6856","virus_comp_1001_cycle_1_14",5
"6857","virus_comp_1001_cycle_1_20",5
"6858","virus_comp_1001_cycle_1_27",5
"6859","virus_comp_1001_cycle_1_4",5
"6860","virus_comp_1005_cycle_1_1",5
"6861","virus_comp_1006_cycle_1_3",5
"6862","virus_comp_1006_cycle_1_4",5
"6863","virus_comp_1006_cycle_1_5",5
"6864","virus_comp_1006_cycle_1_6",5
"6865","virus_comp_1006_cycle_1_7",5
"6866","virus_comp_10086_cycle_1_1",5
"6867","virus_comp_1011_cycle_1_4",5
"6868","virus_comp_1017_cycle_3_1",5
"6869","virus_comp_1019_cycle_1_1",5
"6870","virus_comp_1019_cycle_1_13",5
"6871","virus_comp_1019_cycle_1_14",5
"6872","virus_comp_10197_cycle_1_1",5
"6873","virus_comp_10197_cycle_1_4",5
"6874","virus_comp_1027_cycle_1_28",5
"6875","virus_comp_1030_cycle_1_1",5
"6876","virus_comp_1036_cycle_1_1",5
"6877","virus_comp_1041_cycle_1_11",5
"6878","virus_comp_1041_cycle_1_12",5
"6879","virus_comp_1041_cycle_1_14",5
"6880","virus_comp_1041_cycle_1_15",5
"6881","virus_comp_1041_cycle_1_16",5
"6882","virus_comp_1041_cycle_1_17",5
"6883","virus_comp_1041_cycle_1_18",5
"6884","virus_comp_1041_cycle_1_19",5
"6885","virus_comp_1041_cycle_1_2",5
"6886","virus_comp_1041_cycle_1_20",5
"6887","virus_comp_1041_cycle_1_21",5
"6888","virus_comp_1041_cycle_1_22",5
"6889","virus_comp_1041_cycle_1_23",5
"6890","virus_comp_1041_cycle_1_24",5
"6891","virus_comp_1041_cycle_1_28",5
"6892","virus_comp_1041_cycle_1_29",5
"6893","virus_comp_1041_cycle_1_3",5
"6894","virus_comp_1041_cycle_1_31",5
"6895","virus_comp_1041_cycle_1_34",5
"6896","virus_comp_1041_cycle_1_36",5
"6897","virus_comp_1041_cycle_1_4",5
"6898","virus_comp_1041_cycle_1_5",5
"6899","virus_comp_1041_cycle_1_6",5
"6900","virus_comp_1041_cycle_1_7",5
"6901","virus_comp_1041_cycle_1_8",5
"6902","virus_comp_10426_cycle_1_3",5
"6903","virus_comp_10481_cycle_1_3",5
"6904","virus_comp_1056_cycle_1_1",5
"6905","virus_comp_1056_cycle_1_5",5
"6906","virus_comp_1058_cycle_1_1",5
"6907","virus_comp_1058_cycle_1_11",5
"6908","virus_comp_1058_cycle_1_12",5
"6909","virus_comp_1058_cycle_1_15",5
"6910","virus_comp_1058_cycle_1_19",5
"6911","virus_comp_1058_cycle_1_20",5
"6912","virus_comp_1058_cycle_1_21",5
"6913","virus_comp_1058_cycle_1_22",5
"6914","virus_comp_1058_cycle_1_25",5
"6915","virus_comp_1058_cycle_1_4",5
"6916","virus_comp_1058_cycle_1_6",5
"6917","virus_comp_1058_cycle_1_9",5
"6918","virus_comp_1061_cycle_1_1",5
"6919","virus_comp_10613_cycle_1_4",5
"6920","virus_comp_10644_cycle_1_1",5
"6921","virus_comp_10644_cycle_1_3",5
"6922","virus_comp_1073_cycle_1_11",5
"6923","virus_comp_1073_cycle_1_7",5
"6924","virus_comp_10749_cycle_1_1",5
"6925","virus_comp_10749_cycle_1_4",5
"6926","virus_comp_1075_cycle_1_3",5
"6927","virus_comp_10754_cycle_1_2",5
"6928","virus_comp_10775_cycle_1_3",5
"6929","virus_comp_10775_cycle_1_5",5
"6930","virus_comp_10841_cycle_1_1",5
"6931","virus_comp_1086_cycle_1_18",5
"6932","virus_comp_1086_cycle_1_8",5
"6933","virus_comp_1087_cycle_1_1",5
"6934","virus_comp_1093_cycle_1_23",5
"6935","virus_comp_1093_cycle_1_4",5
"6936","virus_comp_10956_cycle_1_3",5
"6937","virus_comp_1097_cycle_1_12",5
"6938","virus_comp_1098_cycle_1_25",5
"6939","virus_comp_1098_cycle_1_28",5
"6940","virus_comp_1098_cycle_1_5",5
"6941","virus_comp_1098_cycle_1_6",5
"6942","virus_comp_1098_cycle_1_8",5
"6943","virus_comp_1099_cycle_1_3",5
"6944","virus_comp_1102_cycle_1_4",5
"6945","virus_comp_11029_cycle_1_5",5
"6946","virus_comp_11048_cycle_1_1",5
"6947","virus_comp_1106_cycle_1_1",5
"6948","virus_comp_1106_cycle_1_2",5
"6949","virus_comp_1109_cycle_1_7",5
"6950","virus_comp_1111_cycle_2_14",5
"6951","virus_comp_11126_cycle_1_2",5
"6952","virus_comp_1115_cycle_1_10",5
"6953","virus_comp_1115_cycle_1_11",5
"6954","virus_comp_1115_cycle_1_15",5
"6955","virus_comp_1115_cycle_1_16",5
"6956","virus_comp_1115_cycle_1_18",5
"6957","virus_comp_1115_cycle_1_19",5
"6958","virus_comp_1115_cycle_1_8",5
"6959","virus_comp_11187_cycle_1_3",5
"6960","virus_comp_1121_cycle_1_10",5
"6961","virus_comp_1121_cycle_1_11",5
"6962","virus_comp_1121_cycle_1_14",5
"6963","virus_comp_1121_cycle_1_6",5
"6964","virus_comp_1125_cycle_1_3",5
"6965","virus_comp_1129_cycle_1_7",5
"6966","virus_comp_11305_cycle_1_3",5
"6967","virus_comp_1131_cycle_2_12",5
"6968","virus_comp_1131_cycle_2_16",5
"6969","virus_comp_1131_cycle_2_27",5
"6970","virus_comp_11315_cycle_1_1",5
"6971","virus_comp_1135_cycle_1_6",5
"6972","virus_comp_1139_cycle_1_4",5
"6973","virus_comp_11415_cycle_1_1",5
"6974","virus_comp_1142_cycle_1_1",5
"6975","virus_comp_1143_cycle_1_1",5
"6976","virus_comp_1144_cycle_1_1",5
"6977","virus_comp_1144_cycle_1_3",5
"6978","virus_comp_1144_cycle_1_4",5
"6979","virus_comp_11443_cycle_1_3",5
"6980","virus_comp_1146_cycle_3_4",5
"6981","virus_comp_11460_cycle_1_2",5
"6982","virus_comp_1147_cycle_1_3",5
"6983","virus_comp_1147_cycle_1_5",5
"6984","virus_comp_1149_cycle_1_12",5
"6985","virus_comp_11570_cycle_1_2",5
"6986","virus_comp_1158_cycle_2_13",5
"6987","virus_comp_1158_cycle_2_16",5
"6988","virus_comp_1158_cycle_2_3",5
"6989","virus_comp_1160_cycle_1_3",5
"6990","virus_comp_11606_cycle_1_3",5
"6991","virus_comp_1162_cycle_1_15",5
"6992","virus_comp_1162_cycle_1_7",5
"6993","virus_comp_11677_cycle_1_2",5
"6994","virus_comp_1171_cycle_1_13",5
"6995","virus_comp_1171_cycle_1_15",5
"6996","virus_comp_1171_cycle_1_17",5
"6997","virus_comp_1173_cycle_1_17",5
"6998","virus_comp_1174_cycle_1_1",5
"6999","virus_comp_11758_cycle_1_1",5
"7000","virus_comp_11758_cycle_1_4",5
"7001","virus_comp_1176_cycle_1_4",5
"7002","virus_comp_1177_cycle_1_1",5
"7003","virus_comp_1177_cycle_1_2",5
"7004","virus_comp_1177_cycle_1_6",5
"7005","virus_comp_11849_cycle_1_4",5
"7006","virus_comp_11883_cycle_1_2",5
"7007","virus_comp_11899_cycle_1_2",5
"7008","virus_comp_119_cycle_1_37",5
"7009","virus_comp_11984_cycle_1_1",5
"7010","virus_comp_1206_cycle_1_1",5
"7011","virus_comp_1207_cycle_1_3",5
"7012","virus_comp_12102_cycle_1_1",5
"7013","virus_comp_12146_cycle_1_1",5
"7014","virus_comp_122_cycle_1_1",5
"7015","virus_comp_1229_cycle_1_1",5
"7016","virus_comp_1229_cycle_1_3",5
"7017","virus_comp_1231_cycle_1_11",5
"7018","virus_comp_1231_cycle_1_13",5
"7019","virus_comp_1231_cycle_1_14",5
"7020","virus_comp_1231_cycle_1_16",5
"7021","virus_comp_1231_cycle_1_9",5
"7022","virus_comp_12318_cycle_1_1",5
"7023","virus_comp_12318_cycle_1_3",5
"7024","virus_comp_12349_cycle_1_2",5
"7025","virus_comp_1236_cycle_1_5",5
"7026","virus_comp_1243_cycle_1_10",5
"7027","virus_comp_12437_cycle_1_1",5
"7028","virus_comp_1249_cycle_1_17",5
"7029","virus_comp_12573_cycle_1_3",5
"7030","virus_comp_12579_cycle_1_2",5
"7031","virus_comp_1259_cycle_1_4",5
"7032","virus_comp_126_cycle_1_1",5
"7033","virus_comp_126_cycle_1_11",5
"7034","virus_comp_126_cycle_1_115",5
"7035","virus_comp_126_cycle_1_117",5
"7036","virus_comp_126_cycle_1_120",5
"7037","virus_comp_126_cycle_1_125",5
"7038","virus_comp_126_cycle_1_128",5
"7039","virus_comp_126_cycle_1_135",5
"7040","virus_comp_126_cycle_1_136",5
"7041","virus_comp_126_cycle_1_14",5
"7042","virus_comp_126_cycle_1_150",5
"7043","virus_comp_126_cycle_1_156",5
"7044","virus_comp_126_cycle_1_160",5
"7045","virus_comp_126_cycle_1_166",5
"7046","virus_comp_126_cycle_1_169",5
"7047","virus_comp_126_cycle_1_171",5
"7048","virus_comp_126_cycle_1_172",5
"7049","virus_comp_126_cycle_1_174",5
"7050","virus_comp_126_cycle_1_181",5
"7051","virus_comp_126_cycle_1_184",5
"7052","virus_comp_126_cycle_1_190",5
"7053","virus_comp_126_cycle_1_191",5
"7054","virus_comp_126_cycle_1_205",5
"7055","virus_comp_126_cycle_1_219",5
"7056","virus_comp_126_cycle_1_225",5
"7057","virus_comp_126_cycle_1_35",5
"7058","virus_comp_126_cycle_1_53",5
"7059","virus_comp_126_cycle_1_54",5
"7060","virus_comp_126_cycle_1_7",5
"7061","virus_comp_126_cycle_1_70",5
"7062","virus_comp_126_cycle_1_85",5
"7063","virus_comp_126_cycle_1_88",5
"7064","virus_comp_126_cycle_1_90",5
"7065","virus_comp_126_cycle_1_96",5
"7066","virus_comp_1260_cycle_2_8",5
"7067","virus_comp_1261_cycle_1_2",5
"7068","virus_comp_1262_cycle_1_4",5
"7069","virus_comp_1265_cycle_1_13",5
"7070","virus_comp_1265_cycle_1_22",5
"7071","virus_comp_1265_cycle_1_25",5
"7072","virus_comp_12662_cycle_1_2",5
"7073","virus_comp_1271_cycle_1_16",5
"7074","virus_comp_1271_cycle_1_19",5
"7075","virus_comp_1272_cycle_1_15",5
"7076","virus_comp_1272_cycle_1_16",5
"7077","virus_comp_1272_cycle_1_19",5
"7078","virus_comp_1272_cycle_1_20",5
"7079","virus_comp_1278_cycle_1_13",5
"7080","virus_comp_1278_cycle_1_15",5
"7081","virus_comp_1278_cycle_1_3",5
"7082","virus_comp_1278_cycle_1_4",5
"7083","virus_comp_1278_cycle_1_5",5
"7084","virus_comp_1278_cycle_1_7",5
"7085","virus_comp_1278_cycle_1_8",5
"7086","virus_comp_12834_cycle_1_1",5
"7087","virus_comp_1285_cycle_1_5",5
"7088","virus_comp_1286_cycle_1_10",5
"7089","virus_comp_1286_cycle_1_5",5
"7090","virus_comp_129_cycle_1_7",5
"7091","virus_comp_129_cycle_1_9",5
"7092","virus_comp_12998_cycle_1_2",5
"7093","virus_comp_13006_cycle_1_2",5
"7094","virus_comp_13009_cycle_1_2",5
"7095","virus_comp_1302_cycle_1_1",5
"7096","virus_comp_1302_cycle_1_3",5
"7097","virus_comp_1307_cycle_1_5",5
"7098","virus_comp_1311_cycle_1_14",5
"7099","virus_comp_1311_cycle_1_9",5
"7100","virus_comp_1313_cycle_1_7",5
"7101","virus_comp_1316_cycle_1_4",5
"7102","virus_comp_1317_cycle_1_14",5
"7103","virus_comp_1317_cycle_1_16",5
"7104","virus_comp_1318_cycle_1_1",5
"7105","virus_comp_1329_cycle_1_1",5
"7106","virus_comp_133_cycle_1_2",5
"7107","virus_comp_13475_cycle_1_1",5
"7108","virus_comp_135_cycle_1_1",5
"7109","virus_comp_1354_cycle_1_5",5
"7110","virus_comp_13587_cycle_1_2",5
"7111","virus_comp_1359_cycle_1_16",5
"7112","virus_comp_1364_cycle_1_12",5
"7113","virus_comp_1366_cycle_1_11",5
"7114","virus_comp_1368_cycle_1_4",5
"7115","virus_comp_1369_cycle_1_11",5
"7116","virus_comp_1369_cycle_1_3",5
"7117","virus_comp_1370_cycle_1_7",5
"7118","virus_comp_13829_cycle_1_2",5
"7119","virus_comp_1385_cycle_1_2",5
"7120","virus_comp_1385_cycle_1_3",5
"7121","virus_comp_1390_cycle_1_10",5
"7122","virus_comp_1390_cycle_1_11",5
"7123","virus_comp_1390_cycle_1_12",5
"7124","virus_comp_1390_cycle_1_15",5
"7125","virus_comp_1390_cycle_1_17",5
"7126","virus_comp_1390_cycle_1_2",5
"7127","virus_comp_1390_cycle_1_4",5
"7128","virus_comp_1390_cycle_1_5",5
"7129","virus_comp_1390_cycle_1_8",5
"7130","virus_comp_1390_cycle_1_9",5
"7131","virus_comp_1403_cycle_1_1",5
"7132","virus_comp_1405_cycle_1_10",5
"7133","virus_comp_1416_cycle_1_1",5
"7134","virus_comp_1420_cycle_1_8",5
"7135","virus_comp_14232_cycle_1_1",5
"7136","virus_comp_1426_cycle_1_29",5
"7137","virus_comp_1426_cycle_1_5",5
"7138","virus_comp_14297_cycle_1_1",5
"7139","virus_comp_1436_cycle_1_10",5
"7140","virus_comp_14475_cycle_1_2",5
"7141","virus_comp_1448_cycle_1_13",5
"7142","virus_comp_1454_cycle_1_1",5
"7143","virus_comp_1455_cycle_1_15",5
"7144","virus_comp_1455_cycle_1_19",5
"7145","virus_comp_1455_cycle_1_30",5
"7146","virus_comp_1458_cycle_1_11",5
"7147","virus_comp_1465_cycle_1_9",5
"7148","virus_comp_1470_cycle_1_19",5
"7149","virus_comp_1470_cycle_1_3",5
"7150","virus_comp_14727_cycle_1_2",5
"7151","virus_comp_14768_cycle_1_1",5
"7152","virus_comp_1480_cycle_1_11",5
"7153","virus_comp_1480_cycle_1_21",5
"7154","virus_comp_1480_cycle_1_22",5
"7155","virus_comp_1480_cycle_1_23",5
"7156","virus_comp_1480_cycle_1_39",5
"7157","virus_comp_1480_cycle_1_46",5
"7158","virus_comp_1480_cycle_1_7",5
"7159","virus_comp_14831_cycle_1_1",5
"7160","virus_comp_14843_cycle_1_1",5
"7161","virus_comp_14877_cycle_1_1",5
"7162","virus_comp_14877_cycle_1_2",5
"7163","virus_comp_14891_cycle_1_2",5
"7164","virus_comp_149_cycle_1_10",5
"7165","virus_comp_1492_cycle_1_9",5
"7166","virus_comp_14941_cycle_1_3",5
"7167","virus_comp_14970_cycle_1_1",5
"7168","virus_comp_14977_cycle_1_3",5
"7169","virus_comp_14994_cycle_1_4",5
"7170","virus_comp_150_cycle_1_13",5
"7171","virus_comp_150_cycle_1_130",5
"7172","virus_comp_150_cycle_1_132",5
"7173","virus_comp_150_cycle_1_153",5
"7174","virus_comp_150_cycle_1_154",5
"7175","virus_comp_150_cycle_1_162",5
"7176","virus_comp_150_cycle_1_165",5
"7177","virus_comp_150_cycle_1_171",5
"7178","virus_comp_150_cycle_1_172",5
"7179","virus_comp_150_cycle_1_174",5
"7180","virus_comp_150_cycle_1_181",5
"7181","virus_comp_150_cycle_1_204",5
"7182","virus_comp_150_cycle_1_26",5
"7183","virus_comp_150_cycle_1_31",5
"7184","virus_comp_150_cycle_1_52",5
"7185","virus_comp_150_cycle_1_53",5
"7186","virus_comp_150_cycle_1_62",5
"7187","virus_comp_150_cycle_1_76",5
"7188","virus_comp_150_cycle_1_79",5
"7189","virus_comp_150_cycle_1_80",5
"7190","virus_comp_150_cycle_1_88",5
"7191","virus_comp_150_cycle_1_89",5
"7192","virus_comp_1516_cycle_1_8",5
"7193","virus_comp_1517_cycle_1_11",5
"7194","virus_comp_1517_cycle_1_15",5
"7195","virus_comp_1517_cycle_1_17",5
"7196","virus_comp_1517_cycle_1_23",5
"7197","virus_comp_1517_cycle_1_5",5
"7198","virus_comp_1517_cycle_1_6",5
"7199","virus_comp_1517_cycle_1_8",5
"7200","virus_comp_1517_cycle_1_9",5
"7201","virus_comp_15211_cycle_1_1",5
"7202","virus_comp_15222_cycle_1_1",5
"7203","virus_comp_15247_cycle_1_2",5
"7204","virus_comp_15247_cycle_1_3",5
"7205","virus_comp_1541_cycle_1_6",5
"7206","virus_comp_1542_cycle_1_4",5
"7207","virus_comp_155_cycle_1_118",5
"7208","virus_comp_155_cycle_1_128",5
"7209","virus_comp_155_cycle_1_133",5
"7210","virus_comp_155_cycle_1_134",5
"7211","virus_comp_155_cycle_1_141",5
"7212","virus_comp_155_cycle_1_159",5
"7213","virus_comp_155_cycle_1_167",5
"7214","virus_comp_155_cycle_1_170",5
"7215","virus_comp_155_cycle_1_172",5
"7216","virus_comp_155_cycle_1_178",5
"7217","virus_comp_155_cycle_1_51",5
"7218","virus_comp_155_cycle_1_75",5
"7219","virus_comp_155_cycle_1_93",5
"7220","virus_comp_155_cycle_2_116",5
"7221","virus_comp_155_cycle_2_129",5
"7222","virus_comp_155_cycle_2_135",5
"7223","virus_comp_155_cycle_2_166",5
"7224","virus_comp_155_cycle_2_49",5
"7225","virus_comp_155_cycle_2_80",5
"7226","virus_comp_1556_cycle_1_2",5
"7227","virus_comp_1556_cycle_1_3",5
"7228","virus_comp_1556_cycle_1_4",5
"7229","virus_comp_1556_cycle_1_6",5
"7230","virus_comp_1559_cycle_1_15",5
"7231","virus_comp_15644_cycle_1_2",5
"7232","virus_comp_15650_cycle_1_1",5
"7233","virus_comp_15711_cycle_1_1",5
"7234","virus_comp_158_cycle_1_2",5
"7235","virus_comp_1580_cycle_1_4",5
"7236","virus_comp_1583_cycle_1_13",5
"7237","virus_comp_1589_cycle_1_12",5
"7238","virus_comp_1589_cycle_1_5",5
"7239","virus_comp_1589_cycle_1_9",5
"7240","virus_comp_1592_cycle_1_10",5
"7241","virus_comp_1592_cycle_1_21",5
"7242","virus_comp_1600_cycle_1_1",5
"7243","virus_comp_16028_cycle_1_1",5
"7244","virus_comp_16050_cycle_1_2",5
"7245","virus_comp_1613_cycle_1_7",5
"7246","virus_comp_1616_cycle_1_1",5
"7247","virus_comp_16164_cycle_1_1",5
"7248","virus_comp_16189_cycle_1_2",5
"7249","virus_comp_16195_cycle_1_2",5
"7250","virus_comp_16195_cycle_1_3",5
"7251","virus_comp_16246_cycle_1_3",5
"7252","virus_comp_1625_cycle_1_10",5
"7253","virus_comp_16251_cycle_1_5",5
"7254","virus_comp_163_cycle_1_1",5
"7255","virus_comp_163_cycle_1_15",5
"7256","virus_comp_163_cycle_1_22",5
"7257","virus_comp_163_cycle_1_6",5
"7258","virus_comp_1638_cycle_1_15",5
"7259","virus_comp_1638_cycle_1_6",5
"7260","virus_comp_1640_cycle_1_2",5
"7261","virus_comp_1640_cycle_1_7",5
"7262","virus_comp_1644_cycle_1_2",5
"7263","virus_comp_1644_cycle_1_3",5
"7264","virus_comp_16462_cycle_1_1",5
"7265","virus_comp_16462_cycle_1_2",5
"7266","virus_comp_16465_cycle_1_1",5
"7267","virus_comp_16495_cycle_1_1",5
"7268","virus_comp_1660_cycle_1_4",5
"7269","virus_comp_16605_cycle_1_2",5
"7270","virus_comp_16682_cycle_1_2",5
"7271","virus_comp_1673_cycle_1_5",5
"7272","virus_comp_16756_cycle_1_4",5
"7273","virus_comp_1676_cycle_1_13",5
"7274","virus_comp_1676_cycle_1_18",5
"7275","virus_comp_16839_cycle_1_1",5
"7276","virus_comp_16865_cycle_1_1",5
"7277","virus_comp_1687_cycle_1_16",5
"7278","virus_comp_16899_cycle_1_2",5
"7279","virus_comp_1692_cycle_1_12",5
"7280","virus_comp_1692_cycle_1_5",5
"7281","virus_comp_1692_cycle_1_7",5
"7282","virus_comp_1692_cycle_1_8",5
"7283","virus_comp_1697_cycle_1_2",5
"7284","virus_comp_1701_cycle_1_1",5
"7285","virus_comp_17086_cycle_1_2",5
"7286","virus_comp_17109_cycle_1_2",5
"7287","virus_comp_1719_cycle_1_1",5
"7288","virus_comp_1719_cycle_1_2",5
"7289","virus_comp_1727_cycle_1_9",5
"7290","virus_comp_1729_cycle_1_4",5
"7291","virus_comp_17292_cycle_1_2",5
"7292","virus_comp_1740_cycle_1_11",5
"7293","virus_comp_1740_cycle_1_17",5
"7294","virus_comp_1740_cycle_1_7",5
"7295","virus_comp_1740_cycle_1_9",5
"7296","virus_comp_1744_cycle_1_11",5
"7297","virus_comp_17471_cycle_1_4",5
"7298","virus_comp_1749_cycle_1_10",5
"7299","virus_comp_1749_cycle_1_6",5
"7300","virus_comp_1749_cycle_1_7",5
"7301","virus_comp_1750_cycle_1_2",5
"7302","virus_comp_17549_cycle_1_3",5
"7303","virus_comp_17619_cycle_1_3",5
"7304","virus_comp_1767_cycle_1_6",5
"7305","virus_comp_17778_cycle_1_3",5
"7306","virus_comp_17784_cycle_1_1",5
"7307","virus_comp_17784_cycle_1_4",5
"7308","virus_comp_17784_cycle_1_5",5
"7309","virus_comp_17784_cycle_1_6",5
"7310","virus_comp_17785_cycle_1_1",5
"7311","virus_comp_17785_cycle_1_5",5
"7312","virus_comp_17787_cycle_1_12",5
"7313","virus_comp_17789_cycle_1_21",5
"7314","virus_comp_17789_cycle_1_4",5
"7315","virus_comp_17792_cycle_1_14",5
"7316","virus_comp_17792_cycle_1_8",5
"7317","virus_comp_17796_cycle_1_5",5
"7318","virus_comp_17797_cycle_1_16",5
"7319","virus_comp_17797_cycle_1_21",5
"7320","virus_comp_17797_cycle_1_25",5
"7321","virus_comp_17797_cycle_1_5",5
"7322","virus_comp_17799_cycle_1_10",5
"7323","virus_comp_17799_cycle_1_7",5
"7324","virus_comp_17800_cycle_1_12",5
"7325","virus_comp_17800_cycle_1_120",5
"7326","virus_comp_17800_cycle_1_123",5
"7327","virus_comp_17800_cycle_1_134",5
"7328","virus_comp_17800_cycle_1_135",5
"7329","virus_comp_17800_cycle_1_136",5
"7330","virus_comp_17800_cycle_1_14",5
"7331","virus_comp_17800_cycle_1_146",5
"7332","virus_comp_17800_cycle_1_147",5
"7333","virus_comp_17800_cycle_1_150",5
"7334","virus_comp_17800_cycle_1_153",5
"7335","virus_comp_17800_cycle_1_163",5
"7336","virus_comp_17800_cycle_1_2",5
"7337","virus_comp_17800_cycle_1_21",5
"7338","virus_comp_17800_cycle_1_22",5
"7339","virus_comp_17800_cycle_1_23",5
"7340","virus_comp_17800_cycle_1_28",5
"7341","virus_comp_17800_cycle_1_29",5
"7342","virus_comp_17800_cycle_1_3",5
"7343","virus_comp_17800_cycle_1_35",5
"7344","virus_comp_17800_cycle_1_4",5
"7345","virus_comp_17800_cycle_1_47",5
"7346","virus_comp_17800_cycle_1_54",5
"7347","virus_comp_17800_cycle_1_67",5
"7348","virus_comp_17800_cycle_1_68",5
"7349","virus_comp_17800_cycle_1_7",5
"7350","virus_comp_17800_cycle_1_70",5
"7351","virus_comp_17800_cycle_1_92",5
"7352","virus_comp_17800_cycle_1_96",5
"7353","virus_comp_17805_cycle_1_125",5
"7354","virus_comp_17805_cycle_1_9",5
"7355","virus_comp_17806_cycle_1_3",5
"7356","virus_comp_17807_cycle_1_10",5
"7357","virus_comp_17813_cycle_1_3",5
"7358","virus_comp_17815_cycle_1_18",5
"7359","virus_comp_17817_cycle_1_11",5
"7360","virus_comp_17817_cycle_1_12",5
"7361","virus_comp_17817_cycle_1_17",5
"7362","virus_comp_17817_cycle_1_35",5
"7363","virus_comp_17817_cycle_1_47",5
"7364","virus_comp_17817_cycle_1_58",5
"7365","virus_comp_17817_cycle_1_62",5
"7366","virus_comp_17817_cycle_1_64",5
"7367","virus_comp_17817_cycle_1_66",5
"7368","virus_comp_17817_cycle_1_67",5
"7369","virus_comp_17817_cycle_1_9",5
"7370","virus_comp_17818_cycle_1_1",5
"7371","virus_comp_17819_cycle_1_5",5
"7372","virus_comp_17821_cycle_1_94",5
"7373","virus_comp_17822_cycle_1_10",5
"7374","virus_comp_17822_cycle_1_11",5
"7375","virus_comp_17822_cycle_1_6",5
"7376","virus_comp_17822_cycle_1_7",5
"7377","virus_comp_17826_cycle_1_10",5
"7378","virus_comp_17826_cycle_1_11",5
"7379","virus_comp_17826_cycle_1_2",5
"7380","virus_comp_17827_cycle_1_3",5
"7381","virus_comp_17831_cycle_1_11",5
"7382","virus_comp_17831_cycle_1_4",5
"7383","virus_comp_17831_cycle_1_6",5
"7384","virus_comp_17832_cycle_1_6",5
"7385","virus_comp_17836_cycle_1_1",5
"7386","virus_comp_17836_cycle_1_4",5
"7387","virus_comp_17836_cycle_1_6",5
"7388","virus_comp_17837_cycle_1_5",5
"7389","virus_comp_17838_cycle_1_13",5
"7390","virus_comp_17838_cycle_1_43",5
"7391","virus_comp_17838_cycle_1_65",5
"7392","virus_comp_17838_cycle_1_68",5
"7393","virus_comp_17838_cycle_1_69",5
"7394","virus_comp_17838_cycle_1_72",5
"7395","virus_comp_17838_cycle_1_74",5
"7396","virus_comp_17839_cycle_1_15",5
"7397","virus_comp_17839_cycle_1_18",5
"7398","virus_comp_17839_cycle_1_19",5
"7399","virus_comp_17839_cycle_1_20",5
"7400","virus_comp_17839_cycle_1_36",5
"7401","virus_comp_17839_cycle_1_39",5
"7402","virus_comp_17839_cycle_1_42",5
"7403","virus_comp_17839_cycle_1_9",5
"7404","virus_comp_17840_cycle_1_22",5
"7405","virus_comp_17840_cycle_1_29",5
"7406","virus_comp_17840_cycle_1_58",5
"7407","virus_comp_17840_cycle_1_72",5
"7408","virus_comp_17840_cycle_1_76",5
"7409","virus_comp_17840_cycle_1_77",5
"7410","virus_comp_17840_cycle_1_80",5
"7411","virus_comp_17840_cycle_1_83",5
"7412","virus_comp_17843_cycle_1_13",5
"7413","virus_comp_17843_cycle_1_17",5
"7414","virus_comp_17843_cycle_1_23",5
"7415","virus_comp_17843_cycle_1_28",5
"7416","virus_comp_17843_cycle_1_39",5
"7417","virus_comp_17843_cycle_1_4",5
"7418","virus_comp_17843_cycle_1_48",5
"7419","virus_comp_17843_cycle_1_7",5
"7420","virus_comp_17843_cycle_1_72",5
"7421","virus_comp_17843_cycle_1_76",5
"7422","virus_comp_17845_cycle_1_2",5
"7423","virus_comp_17845_cycle_1_3",5
"7424","virus_comp_17845_cycle_1_7",5
"7425","virus_comp_17846_cycle_1_4",5
"7426","virus_comp_17848_cycle_1_5",5
"7427","virus_comp_17851_cycle_1_23",5
"7428","virus_comp_17852_cycle_1_4",5
"7429","virus_comp_17858_cycle_1_9",5
"7430","virus_comp_17860_cycle_1_1",5
"7431","virus_comp_17860_cycle_1_3",5
"7432","virus_comp_17861_cycle_1_16",5
"7433","virus_comp_17861_cycle_1_17",5
"7434","virus_comp_17861_cycle_1_2",5
"7435","virus_comp_17861_cycle_1_25",5
"7436","virus_comp_17861_cycle_1_33",5
"7437","virus_comp_17861_cycle_1_45",5
"7438","virus_comp_17861_cycle_1_46",5
"7439","virus_comp_17861_cycle_1_5",5
"7440","virus_comp_17861_cycle_1_62",5
"7441","virus_comp_17861_cycle_1_63",5
"7442","virus_comp_17862_cycle_1_10",5
"7443","virus_comp_17862_cycle_1_13",5
"7444","virus_comp_17862_cycle_1_4",5
"7445","virus_comp_17866_cycle_1_1",5
"7446","virus_comp_17866_cycle_1_2",5
"7447","virus_comp_17866_cycle_1_48",5
"7448","virus_comp_17866_cycle_1_50",5
"7449","virus_comp_17866_cycle_1_51",5
"7450","virus_comp_17866_cycle_1_52",5
"7451","virus_comp_17866_cycle_1_57",5
"7452","virus_comp_17866_cycle_1_67",5
"7453","virus_comp_17866_cycle_1_78",5
"7454","virus_comp_17866_cycle_1_79",5
"7455","virus_comp_17869_cycle_1_11",5
"7456","virus_comp_17869_cycle_1_12",5
"7457","virus_comp_17869_cycle_1_19",5
"7458","virus_comp_17869_cycle_1_20",5
"7459","virus_comp_17869_cycle_1_30",5
"7460","virus_comp_17869_cycle_1_38",5
"7461","virus_comp_17871_cycle_1_1",5
"7462","virus_comp_17874_cycle_1_13",5
"7463","virus_comp_17874_cycle_1_8",5
"7464","virus_comp_17877_cycle_1_15",5
"7465","virus_comp_17877_cycle_1_18",5
"7466","virus_comp_17877_cycle_1_19",5
"7467","virus_comp_17877_cycle_1_2",5
"7468","virus_comp_17877_cycle_1_22",5
"7469","virus_comp_17877_cycle_1_23",5
"7470","virus_comp_17877_cycle_1_26",5
"7471","virus_comp_17877_cycle_1_27",5
"7472","virus_comp_17877_cycle_1_28",5
"7473","virus_comp_17877_cycle_1_3",5
"7474","virus_comp_17877_cycle_1_33",5
"7475","virus_comp_17877_cycle_1_37",5
"7476","virus_comp_17877_cycle_1_40",5
"7477","virus_comp_17877_cycle_1_41",5
"7478","virus_comp_17877_cycle_1_44",5
"7479","virus_comp_17881_cycle_1_10",5
"7480","virus_comp_17881_cycle_1_23",5
"7481","virus_comp_17881_cycle_1_24",5
"7482","virus_comp_17881_cycle_1_28",5
"7483","virus_comp_17881_cycle_1_29",5
"7484","virus_comp_17881_cycle_1_30",5
"7485","virus_comp_17881_cycle_1_34",5
"7486","virus_comp_17881_cycle_1_38",5
"7487","virus_comp_17881_cycle_1_42",5
"7488","virus_comp_17881_cycle_1_46",5
"7489","virus_comp_17881_cycle_1_51",5
"7490","virus_comp_17881_cycle_1_58",5
"7491","virus_comp_17881_cycle_1_61",5
"7492","virus_comp_17881_cycle_1_62",5
"7493","virus_comp_17881_cycle_1_64",5
"7494","virus_comp_17887_cycle_1_18",5
"7495","virus_comp_17887_cycle_1_19",5
"7496","virus_comp_17887_cycle_1_30",5
"7497","virus_comp_17887_cycle_1_47",5
"7498","virus_comp_17887_cycle_1_7",5
"7499","virus_comp_17887_cycle_1_8",5
"7500","virus_comp_17889_cycle_1_10",5
"7501","virus_comp_17889_cycle_1_12",5
"7502","virus_comp_17889_cycle_1_17",5
"7503","virus_comp_17889_cycle_1_21",5
"7504","virus_comp_17889_cycle_1_22",5
"7505","virus_comp_17889_cycle_1_33",5
"7506","virus_comp_17889_cycle_1_46",5
"7507","virus_comp_17889_cycle_1_48",5
"7508","virus_comp_17889_cycle_1_57",5
"7509","virus_comp_17889_cycle_1_58",5
"7510","virus_comp_17889_cycle_1_6",5
"7511","virus_comp_17889_cycle_1_69",5
"7512","virus_comp_17889_cycle_1_8",5
"7513","virus_comp_17889_cycle_1_9",5
"7514","virus_comp_17895_cycle_1_10",5
"7515","virus_comp_17895_cycle_1_18",5
"7516","virus_comp_17895_cycle_1_20",5
"7517","virus_comp_17895_cycle_1_8",5
"7518","virus_comp_17898_cycle_1_6",5
"7519","virus_comp_17898_cycle_1_7",5
"7520","virus_comp_17899_cycle_1_9",5
"7521","virus_comp_17900_cycle_1_11",5
"7522","virus_comp_17900_cycle_1_6",5
"7523","virus_comp_17900_cycle_1_7",5
"7524","virus_comp_17901_cycle_1_7",5
"7525","virus_comp_17903_cycle_1_15",5
"7526","virus_comp_17903_cycle_1_18",5
"7527","virus_comp_17903_cycle_1_24",5
"7528","virus_comp_17903_cycle_1_34",5
"7529","virus_comp_17903_cycle_1_35",5
"7530","virus_comp_17903_cycle_1_38",5
"7531","virus_comp_17903_cycle_1_45",5
"7532","virus_comp_17903_cycle_1_49",5
"7533","virus_comp_17903_cycle_1_6",5
"7534","virus_comp_17906_cycle_1_12",5
"7535","virus_comp_17906_cycle_1_19",5
"7536","virus_comp_17906_cycle_1_2",5
"7537","virus_comp_17906_cycle_1_21",5
"7538","virus_comp_17906_cycle_1_22",5
"7539","virus_comp_17906_cycle_1_33",5
"7540","virus_comp_17906_cycle_1_51",5
"7541","virus_comp_17906_cycle_1_52",5
"7542","virus_comp_17906_cycle_1_66",5
"7543","virus_comp_17907_cycle_1_26",5
"7544","virus_comp_17907_cycle_1_31",5
"7545","virus_comp_17907_cycle_1_33",5
"7546","virus_comp_17909_cycle_1_3",5
"7547","virus_comp_17909_cycle_1_4",5
"7548","virus_comp_17909_cycle_1_5",5
"7549","virus_comp_17909_cycle_1_6",5
"7550","virus_comp_17909_cycle_1_7",5
"7551","virus_comp_17910_cycle_1_16",5
"7552","virus_comp_17910_cycle_1_24",5
"7553","virus_comp_17910_cycle_1_3",5
"7554","virus_comp_17910_cycle_1_37",5
"7555","virus_comp_17910_cycle_1_8",5
"7556","virus_comp_17911_cycle_1_10",5
"7557","virus_comp_17911_cycle_1_33",5
"7558","virus_comp_17911_cycle_1_37",5
"7559","virus_comp_17911_cycle_1_39",5
"7560","virus_comp_17911_cycle_1_8",5
"7561","virus_comp_17913_cycle_1_5",5
"7562","virus_comp_17914_cycle_1_1",5
"7563","virus_comp_17914_cycle_1_3",5
"7564","virus_comp_17917_cycle_1_10",5
"7565","virus_comp_17917_cycle_1_4",5
"7566","virus_comp_17917_cycle_1_7",5
"7567","virus_comp_17918_cycle_1_1",5
"7568","virus_comp_17919_cycle_1_17",5
"7569","virus_comp_1792_cycle_1_7",5
"7570","virus_comp_17920_cycle_1_21",5
"7571","virus_comp_17920_cycle_1_6",5
"7572","virus_comp_17923_cycle_1_1",5
"7573","virus_comp_17924_cycle_1_15",5
"7574","virus_comp_17924_cycle_1_23",5
"7575","virus_comp_17924_cycle_1_36",5
"7576","virus_comp_17924_cycle_1_37",5
"7577","virus_comp_17924_cycle_1_46",5
"7578","virus_comp_17924_cycle_1_7",5
"7579","virus_comp_17925_cycle_1_14",5
"7580","virus_comp_17925_cycle_1_26",5
"7581","virus_comp_17927_cycle_1_12",5
"7582","virus_comp_17927_cycle_1_13",5
"7583","virus_comp_17927_cycle_1_21",5
"7584","virus_comp_17927_cycle_1_8",5
"7585","virus_comp_17932_cycle_1_14",5
"7586","virus_comp_17933_cycle_1_10",5
"7587","virus_comp_17934_cycle_1_12",5
"7588","virus_comp_17934_cycle_1_8",5
"7589","virus_comp_17935_cycle_1_17",5
"7590","virus_comp_17935_cycle_1_24",5
"7591","virus_comp_17938_cycle_1_9",5
"7592","virus_comp_17945_cycle_1_13",5
"7593","virus_comp_17945_cycle_1_20",5
"7594","virus_comp_17945_cycle_1_5",5
"7595","virus_comp_17949_cycle_1_24",5
"7596","virus_comp_17949_cycle_1_4",5
"7597","virus_comp_1795_cycle_1_2",5
"7598","virus_comp_17951_cycle_1_27",5
"7599","virus_comp_17955_cycle_1_4",5
"7600","virus_comp_1796_cycle_1_5",5
"7601","virus_comp_17963_cycle_1_14",5
"7602","virus_comp_17963_cycle_1_2",5
"7603","virus_comp_17963_cycle_1_9",5
"7604","virus_comp_17965_cycle_1_15",5
"7605","virus_comp_17965_cycle_1_24",5
"7606","virus_comp_1797_cycle_1_14",5
"7607","virus_comp_1797_cycle_1_5",5
"7608","virus_comp_17970_cycle_1_31",5
"7609","virus_comp_17970_cycle_1_7",5
"7610","virus_comp_17970_cycle_1_8",5
"7611","virus_comp_17977_cycle_1_10",5
"7612","virus_comp_17980_cycle_1_2",5
"7613","virus_comp_17980_cycle_1_20",5
"7614","virus_comp_17980_cycle_1_22",5
"7615","virus_comp_17980_cycle_1_25",5
"7616","virus_comp_17980_cycle_1_28",5
"7617","virus_comp_17980_cycle_1_4",5
"7618","virus_comp_17980_cycle_1_5",5
"7619","virus_comp_17984_cycle_1_32",5
"7620","virus_comp_17985_cycle_1_12",5
"7621","virus_comp_17985_cycle_1_15",5
"7622","virus_comp_17985_cycle_1_7",5
"7623","virus_comp_17990_cycle_1_1",5
"7624","virus_comp_17990_cycle_1_10",5
"7625","virus_comp_17990_cycle_1_16",5
"7626","virus_comp_17990_cycle_1_17",5
"7627","virus_comp_17990_cycle_1_4",5
"7628","virus_comp_17990_cycle_1_5",5
"7629","virus_comp_17991_cycle_1_12",5
"7630","virus_comp_17991_cycle_1_14",5
"7631","virus_comp_17991_cycle_1_2",5
"7632","virus_comp_17991_cycle_1_7",5
"7633","virus_comp_17995_cycle_1_1",5
"7634","virus_comp_17995_cycle_1_18",5
"7635","virus_comp_1800_cycle_1_2",5
"7636","virus_comp_18003_cycle_1_6",5
"7637","virus_comp_18004_cycle_1_1",5
"7638","virus_comp_18006_cycle_1_7",5
"7639","virus_comp_18011_cycle_1_4",5
"7640","virus_comp_18013_cycle_1_2",5
"7641","virus_comp_18013_cycle_1_3",5
"7642","virus_comp_18016_cycle_1_13",5
"7643","virus_comp_18016_cycle_1_15",5
"7644","virus_comp_18016_cycle_1_16",5
"7645","virus_comp_18016_cycle_1_2",5
"7646","virus_comp_18016_cycle_1_3",5
"7647","virus_comp_18019_cycle_1_2",5
"7648","virus_comp_18020_cycle_1_20",5
"7649","virus_comp_18020_cycle_1_3",5
"7650","virus_comp_18020_cycle_1_8",5
"7651","virus_comp_18032_cycle_1_6",5
"7652","virus_comp_18032_cycle_1_9",5
"7653","virus_comp_18033_cycle_1_2",5
"7654","virus_comp_18037_cycle_1_1",5
"7655","virus_comp_18040_cycle_1_1",5
"7656","virus_comp_18040_cycle_1_2",5
"7657","virus_comp_18040_cycle_1_4",5
"7658","virus_comp_18040_cycle_1_5",5
"7659","virus_comp_18040_cycle_1_6",5
"7660","virus_comp_18042_cycle_1_1",5
"7661","virus_comp_18042_cycle_1_15",5
"7662","virus_comp_18042_cycle_1_7",5
"7663","virus_comp_18044_cycle_1_14",5
"7664","virus_comp_18044_cycle_1_16",5
"7665","virus_comp_18052_cycle_1_12",5
"7666","virus_comp_18052_cycle_1_16",5
"7667","virus_comp_18052_cycle_1_18",5
"7668","virus_comp_18052_cycle_1_25",5
"7669","virus_comp_18052_cycle_1_7",5
"7670","virus_comp_18052_cycle_1_8",5
"7671","virus_comp_18053_cycle_1_1",5
"7672","virus_comp_18053_cycle_1_15",5
"7673","virus_comp_18054_cycle_1_18",5
"7674","virus_comp_18054_cycle_1_4",5
"7675","virus_comp_18054_cycle_1_5",5
"7676","virus_comp_18055_cycle_1_14",5
"7677","virus_comp_18063_cycle_1_2",5
"7678","virus_comp_18065_cycle_1_2",5
"7679","virus_comp_18072_cycle_1_7",5
"7680","virus_comp_18078_cycle_1_11",5
"7681","virus_comp_18078_cycle_1_12",5
"7682","virus_comp_18078_cycle_1_8",5
"7683","virus_comp_18083_cycle_1_8",5
"7684","virus_comp_18088_cycle_1_10",5
"7685","virus_comp_18089_cycle_1_1",5
"7686","virus_comp_18089_cycle_1_3",5
"7687","virus_comp_18089_cycle_1_7",5
"7688","virus_comp_18091_cycle_1_17",5
"7689","virus_comp_18091_cycle_1_3",5
"7690","virus_comp_18091_cycle_1_4",5
"7691","virus_comp_18093_cycle_1_10",5
"7692","virus_comp_18093_cycle_1_9",5
"7693","virus_comp_181_cycle_1_3",5
"7694","virus_comp_18118_cycle_1_6",5
"7695","virus_comp_18121_cycle_1_4",5
"7696","virus_comp_18123_cycle_1_7",5
"7697","virus_comp_18126_cycle_1_2",5
"7698","virus_comp_18127_cycle_1_8",5
"7699","virus_comp_18128_cycle_1_4",5
"7700","virus_comp_18129_cycle_1_11",5
"7701","virus_comp_18129_cycle_1_8",5
"7702","virus_comp_18131_cycle_1_1",5
"7703","virus_comp_18134_cycle_1_1",5
"7704","virus_comp_18136_cycle_1_1",5
"7705","virus_comp_18140_cycle_1_16",5
"7706","virus_comp_1815_cycle_1_5",5
"7707","virus_comp_18158_cycle_1_2",5
"7708","virus_comp_18158_cycle_1_3",5
"7709","virus_comp_18162_cycle_1_8",5
"7710","virus_comp_18174_cycle_1_4",5
"7711","virus_comp_18176_cycle_1_4",5
"7712","virus_comp_18177_cycle_1_1",5
"7713","virus_comp_18181_cycle_1_2",5
"7714","virus_comp_18186_cycle_1_10",5
"7715","virus_comp_18186_cycle_1_2",5
"7716","virus_comp_1819_cycle_1_15",5
"7717","virus_comp_18190_cycle_1_4",5
"7718","virus_comp_18191_cycle_1_4",5
"7719","virus_comp_18206_cycle_1_3",5
"7720","virus_comp_18209_cycle_1_2",5
"7721","virus_comp_18209_cycle_1_3",5
"7722","virus_comp_18209_cycle_1_7",5
"7723","virus_comp_18219_cycle_1_4",5
"7724","virus_comp_18230_cycle_1_12",5
"7725","virus_comp_18230_cycle_1_14",5
"7726","virus_comp_18230_cycle_1_16",5
"7727","virus_comp_18230_cycle_1_18",5
"7728","virus_comp_18230_cycle_1_5",5
"7729","virus_comp_18230_cycle_1_9",5
"7730","virus_comp_1824_cycle_1_11",5
"7731","virus_comp_18240_cycle_1_14",5
"7732","virus_comp_18240_cycle_1_3",5
"7733","virus_comp_18240_cycle_1_5",5
"7734","virus_comp_18240_cycle_1_6",5
"7735","virus_comp_18243_cycle_1_13",5
"7736","virus_comp_18244_cycle_1_5",5
"7737","virus_comp_18244_cycle_1_6",5
"7738","virus_comp_18244_cycle_1_9",5
"7739","virus_comp_18269_cycle_1_5",5
"7740","virus_comp_18275_cycle_1_1",5
"7741","virus_comp_18275_cycle_1_10",5
"7742","virus_comp_18275_cycle_1_9",5
"7743","virus_comp_18299_cycle_1_11",5
"7744","virus_comp_1830_cycle_1_1",5
"7745","virus_comp_1830_cycle_1_5",5
"7746","virus_comp_1830_cycle_1_6",5
"7747","virus_comp_1830_cycle_1_9",5
"7748","virus_comp_18305_cycle_1_3",5
"7749","virus_comp_18309_cycle_1_3",5
"7750","virus_comp_18326_cycle_1_2",5
"7751","virus_comp_18332_cycle_1_2",5
"7752","virus_comp_18338_cycle_1_1",5
"7753","virus_comp_18339_cycle_1_3",5
"7754","virus_comp_18339_cycle_1_6",5
"7755","virus_comp_18347_cycle_1_3",5
"7756","virus_comp_18352_cycle_1_1",5
"7757","virus_comp_18353_cycle_1_4",5
"7758","virus_comp_18353_cycle_1_5",5
"7759","virus_comp_18356_cycle_1_4",5
"7760","virus_comp_18362_cycle_1_1",5
"7761","virus_comp_18364_cycle_1_4",5
"7762","virus_comp_18364_cycle_1_5",5
"7763","virus_comp_18390_cycle_1_3",5
"7764","virus_comp_18390_cycle_1_7",5
"7765","virus_comp_18390_cycle_1_8",5
"7766","virus_comp_18397_cycle_1_6",5
"7767","virus_comp_18405_cycle_1_1",5
"7768","virus_comp_18405_cycle_1_2",5
"7769","virus_comp_18412_cycle_1_12",5
"7770","virus_comp_18412_cycle_1_4",5
"7771","virus_comp_18438_cycle_1_1",5
"7772","virus_comp_18441_cycle_1_1",5
"7773","virus_comp_18449_cycle_1_2",5
"7774","virus_comp_18459_cycle_1_2",5
"7775","virus_comp_18459_cycle_1_3",5
"7776","virus_comp_18480_cycle_1_3",5
"7777","virus_comp_18487_cycle_1_1",5
"7778","virus_comp_18493_cycle_1_4",5
"7779","virus_comp_18495_cycle_1_1",5
"7780","virus_comp_189_cycle_1_1",5
"7781","virus_comp_189_cycle_1_2",5
"7782","virus_comp_1898_cycle_1_18",5
"7783","virus_comp_1899_cycle_1_7",5
"7784","virus_comp_1908_cycle_1_4",5
"7785","virus_comp_193_cycle_1_90",5
"7786","virus_comp_193_cycle_1_91",5
"7787","virus_comp_1937_cycle_1_3",5
"7788","virus_comp_195_cycle_1_1",5
"7789","virus_comp_195_cycle_1_102",5
"7790","virus_comp_195_cycle_1_116",5
"7791","virus_comp_195_cycle_1_12",5
"7792","virus_comp_195_cycle_1_163",5
"7793","virus_comp_195_cycle_1_166",5
"7794","virus_comp_195_cycle_1_170",5
"7795","virus_comp_195_cycle_1_176",5
"7796","virus_comp_195_cycle_1_23",5
"7797","virus_comp_195_cycle_1_37",5
"7798","virus_comp_195_cycle_1_41",5
"7799","virus_comp_195_cycle_1_47",5
"7800","virus_comp_195_cycle_1_54",5
"7801","virus_comp_195_cycle_1_64",5
"7802","virus_comp_195_cycle_1_67",5
"7803","virus_comp_195_cycle_1_77",5
"7804","virus_comp_1950_cycle_1_6",5
"7805","virus_comp_1951_cycle_1_8",5
"7806","virus_comp_1966_cycle_1_3",5
"7807","virus_comp_1966_cycle_1_7",5
"7808","virus_comp_197_cycle_1_1",5
"7809","virus_comp_197_cycle_1_113",5
"7810","virus_comp_197_cycle_1_116",5
"7811","virus_comp_197_cycle_1_13",5
"7812","virus_comp_197_cycle_1_16",5
"7813","virus_comp_197_cycle_1_32",5
"7814","virus_comp_197_cycle_1_33",5
"7815","virus_comp_197_cycle_1_35",5
"7816","virus_comp_197_cycle_1_47",5
"7817","virus_comp_197_cycle_1_49",5
"7818","virus_comp_197_cycle_1_61",5
"7819","virus_comp_197_cycle_1_66",5
"7820","virus_comp_197_cycle_1_68",5
"7821","virus_comp_197_cycle_1_69",5
"7822","virus_comp_197_cycle_1_70",5
"7823","virus_comp_197_cycle_1_75",5
"7824","virus_comp_197_cycle_1_8",5
"7825","virus_comp_197_cycle_1_88",5
"7826","virus_comp_197_cycle_1_94",5
"7827","virus_comp_197_cycle_1_95",5
"7828","virus_comp_197_cycle_1_98",5
"7829","virus_comp_198_cycle_1_1",5
"7830","virus_comp_198_cycle_1_2",5
"7831","virus_comp_198_cycle_1_7",5
"7832","virus_comp_1983_cycle_1_3",5
"7833","virus_comp_1983_cycle_1_5",5
"7834","virus_comp_1983_cycle_1_8",5
"7835","virus_comp_1983_cycle_1_9",5
"7836","virus_comp_1988_cycle_1_7",5
"7837","virus_comp_199_cycle_1_1",5
"7838","virus_comp_199_cycle_1_7",5
"7839","virus_comp_199_cycle_1_9",5
"7840","virus_comp_1990_cycle_1_1",5
"7841","virus_comp_1990_cycle_1_2",5
"7842","virus_comp_1990_cycle_1_3",5
"7843","virus_comp_1990_cycle_1_5",5
"7844","virus_comp_1990_cycle_1_6",5
"7845","virus_comp_1990_cycle_1_8",5
"7846","virus_comp_1991_cycle_1_10",5
"7847","virus_comp_1997_cycle_1_1",5
"7848","virus_comp_2008_cycle_1_14",5
"7849","virus_comp_2008_cycle_1_6",5
"7850","virus_comp_201_cycle_1_3",5
"7851","virus_comp_2011_cycle_1_8",5
"7852","virus_comp_2012_cycle_1_3",5
"7853","virus_comp_2024_cycle_1_8",5
"7854","virus_comp_2026_cycle_1_8",5
"7855","virus_comp_2028_cycle_1_9",5
"7856","virus_comp_2042_cycle_1_2",5
"7857","virus_comp_2042_cycle_1_3",5
"7858","virus_comp_2042_cycle_1_6",5
"7859","virus_comp_2046_cycle_1_1",5
"7860","virus_comp_2046_cycle_1_2",5
"7861","virus_comp_2046_cycle_1_3",5
"7862","virus_comp_2046_cycle_1_4",5
"7863","virus_comp_2046_cycle_1_5",5
"7864","virus_comp_2046_cycle_1_7",5
"7865","virus_comp_2050_cycle_1_5",5
"7866","virus_comp_2052_cycle_1_6",5
"7867","virus_comp_206_cycle_1_50",5
"7868","virus_comp_206_cycle_1_51",5
"7869","virus_comp_206_cycle_1_61",5
"7870","virus_comp_2060_cycle_1_4",5
"7871","virus_comp_2060_cycle_1_6",5
"7872","virus_comp_2060_cycle_1_7",5
"7873","virus_comp_2060_cycle_1_9",5
"7874","virus_comp_2063_cycle_1_5",5
"7875","virus_comp_2068_cycle_1_11",5
"7876","virus_comp_2068_cycle_1_4",5
"7877","virus_comp_2068_cycle_1_5",5
"7878","virus_comp_2068_cycle_1_7",5
"7879","virus_comp_2073_cycle_1_3",5
"7880","virus_comp_2080_cycle_1_1",5
"7881","virus_comp_2080_cycle_1_11",5
"7882","virus_comp_2082_cycle_1_1",5
"7883","virus_comp_2082_cycle_1_7",5
"7884","virus_comp_2084_cycle_1_1",5
"7885","virus_comp_2084_cycle_1_3",5
"7886","virus_comp_2084_cycle_1_4",5
"7887","virus_comp_2084_cycle_1_6",5
"7888","virus_comp_2084_cycle_1_7",5
"7889","virus_comp_2089_cycle_1_10",5
"7890","virus_comp_2094_cycle_1_3",5
"7891","virus_comp_2097_cycle_1_4",5
"7892","virus_comp_2097_cycle_1_5",5
"7893","virus_comp_2097_cycle_1_7",5
"7894","virus_comp_2104_cycle_1_5",5
"7895","virus_comp_2104_cycle_1_7",5
"7896","virus_comp_2108_cycle_1_1",5
"7897","virus_comp_2108_cycle_1_10",5
"7898","virus_comp_2108_cycle_1_2",5
"7899","virus_comp_2108_cycle_1_3",5
"7900","virus_comp_2108_cycle_1_4",5
"7901","virus_comp_2108_cycle_1_5",5
"7902","virus_comp_2108_cycle_1_6",5
"7903","virus_comp_2108_cycle_1_7",5
"7904","virus_comp_2108_cycle_1_8",5
"7905","virus_comp_2109_cycle_1_10",5
"7906","virus_comp_2118_cycle_1_9",5
"7907","virus_comp_2119_cycle_1_9",5
"7908","virus_comp_2139_cycle_1_1",5
"7909","virus_comp_2139_cycle_1_12",5
"7910","virus_comp_2141_cycle_1_6",5
"7911","virus_comp_2141_cycle_1_7",5
"7912","virus_comp_2156_cycle_1_4",5
"7913","virus_comp_2163_cycle_1_14",5
"7914","virus_comp_2163_cycle_1_7",5
"7915","virus_comp_2166_cycle_1_4",5
"7916","virus_comp_2169_cycle_1_11",5
"7917","virus_comp_2169_cycle_1_14",5
"7918","virus_comp_2169_cycle_1_15",5
"7919","virus_comp_2169_cycle_1_8",5
"7920","virus_comp_2171_cycle_1_1",5
"7921","virus_comp_2171_cycle_1_3",5
"7922","virus_comp_2176_cycle_1_2",5
"7923","virus_comp_2183_cycle_1_9",5
"7924","virus_comp_2184_cycle_1_7",5
"7925","virus_comp_2189_cycle_1_1",5
"7926","virus_comp_2194_cycle_1_1",5
"7927","virus_comp_2194_cycle_1_2",5
"7928","virus_comp_2195_cycle_1_5",5
"7929","virus_comp_2197_cycle_1_12",5
"7930","virus_comp_2197_cycle_1_6",5
"7931","virus_comp_2200_cycle_1_6",5
"7932","virus_comp_2204_cycle_1_4",5
"7933","virus_comp_2204_cycle_1_5",5
"7934","virus_comp_2204_cycle_1_8",5
"7935","virus_comp_2204_cycle_1_9",5
"7936","virus_comp_2210_cycle_1_1",5
"7937","virus_comp_2211_cycle_1_1",5
"7938","virus_comp_2211_cycle_1_7",5
"7939","virus_comp_2215_cycle_1_6",5
"7940","virus_comp_2216_cycle_1_6",5
"7941","virus_comp_222_cycle_1_3",5
"7942","virus_comp_2223_cycle_1_14",5
"7943","virus_comp_2229_cycle_1_1",5
"7944","virus_comp_2229_cycle_1_9",5
"7945","virus_comp_223_cycle_1_4",5
"7946","virus_comp_2254_cycle_1_7",5
"7947","virus_comp_2257_cycle_1_3",5
"7948","virus_comp_2257_cycle_1_7",5
"7949","virus_comp_2257_cycle_1_8",5
"7950","virus_comp_2260_cycle_1_12",5
"7951","virus_comp_2265_cycle_1_5",5
"7952","virus_comp_2265_cycle_1_7",5
"7953","virus_comp_2269_cycle_1_6",5
"7954","virus_comp_2270_cycle_1_3",5
"7955","virus_comp_2270_cycle_1_5",5
"7956","virus_comp_2270_cycle_1_6",5
"7957","virus_comp_2270_cycle_1_8",5
"7958","virus_comp_2270_cycle_1_9",5
"7959","virus_comp_2273_cycle_1_8",5
"7960","virus_comp_2276_cycle_1_2",5
"7961","virus_comp_2285_cycle_1_8",5
"7962","virus_comp_2287_cycle_1_2",5
"7963","virus_comp_229_cycle_1_74",5
"7964","virus_comp_2290_cycle_1_4",5
"7965","virus_comp_230_cycle_1_1",5
"7966","virus_comp_230_cycle_1_172",5
"7967","virus_comp_230_cycle_1_174",5
"7968","virus_comp_2301_cycle_1_3",5
"7969","virus_comp_2301_cycle_1_5",5
"7970","virus_comp_2301_cycle_1_8",5
"7971","virus_comp_2307_cycle_1_2",5
"7972","virus_comp_2307_cycle_1_8",5
"7973","virus_comp_231_cycle_1_1",5
"7974","virus_comp_2310_cycle_1_7",5
"7975","virus_comp_2315_cycle_1_3",5
"7976","virus_comp_2321_cycle_1_3",5
"7977","virus_comp_2321_cycle_1_4",5
"7978","virus_comp_2322_cycle_1_1",5
"7979","virus_comp_2323_cycle_1_4",5
"7980","virus_comp_2324_cycle_1_8",5
"7981","virus_comp_2325_cycle_1_2",5
"7982","virus_comp_2327_cycle_1_2",5
"7983","virus_comp_2327_cycle_1_7",5
"7984","virus_comp_2327_cycle_1_8",5
"7985","virus_comp_2327_cycle_1_9",5
"7986","virus_comp_2329_cycle_1_4",5
"7987","virus_comp_2329_cycle_1_6",5
"7988","virus_comp_2332_cycle_1_1",5
"7989","virus_comp_2334_cycle_1_7",5
"7990","virus_comp_2337_cycle_1_2",5
"7991","virus_comp_2338_cycle_1_1",5
"7992","virus_comp_2338_cycle_1_4",5
"7993","virus_comp_2340_cycle_1_4",5
"7994","virus_comp_2340_cycle_1_6",5
"7995","virus_comp_2346_cycle_1_3",5
"7996","virus_comp_2355_cycle_1_7",5
"7997","virus_comp_2361_cycle_1_1",5
"7998","virus_comp_238_cycle_1_108",5
"7999","virus_comp_238_cycle_1_134",5
"8000","virus_comp_238_cycle_1_136",5
"8001","virus_comp_238_cycle_1_141",5
"8002","virus_comp_238_cycle_1_21",5
"8003","virus_comp_238_cycle_1_22",5
"8004","virus_comp_238_cycle_1_28",5
"8005","virus_comp_238_cycle_1_38",5
"8006","virus_comp_238_cycle_1_72",5
"8007","virus_comp_2382_cycle_1_3",5
"8008","virus_comp_2382_cycle_1_4",5
"8009","virus_comp_2383_cycle_1_5",5
"8010","virus_comp_2383_cycle_1_9",5
"8011","virus_comp_2384_cycle_1_1",5
"8012","virus_comp_2385_cycle_1_1",5
"8013","virus_comp_2385_cycle_1_2",5
"8014","virus_comp_2385_cycle_1_5",5
"8015","virus_comp_2385_cycle_1_6",5
"8016","virus_comp_2385_cycle_1_8",5
"8017","virus_comp_2386_cycle_1_6",5
"8018","virus_comp_2386_cycle_1_7",5
"8019","virus_comp_2393_cycle_1_10",5
"8020","virus_comp_2393_cycle_1_9",5
"8021","virus_comp_2397_cycle_1_2",5
"8022","virus_comp_2397_cycle_1_3",5
"8023","virus_comp_2397_cycle_1_5",5
"8024","virus_comp_2400_cycle_1_3",5
"8025","virus_comp_2408_cycle_1_3",5
"8026","virus_comp_2408_cycle_1_4",5
"8027","virus_comp_2410_cycle_1_5",5
"8028","virus_comp_2410_cycle_1_8",5
"8029","virus_comp_2418_cycle_1_4",5
"8030","virus_comp_2418_cycle_1_6",5
"8031","virus_comp_2418_cycle_1_9",5
"8032","virus_comp_2420_cycle_1_1",5
"8033","virus_comp_2420_cycle_1_10",5
"8034","virus_comp_2420_cycle_1_11",5
"8035","virus_comp_2420_cycle_1_5",5
"8036","virus_comp_2420_cycle_1_6",5
"8037","virus_comp_2420_cycle_1_8",5
"8038","virus_comp_2420_cycle_1_9",5
"8039","virus_comp_2431_cycle_1_2",5
"8040","virus_comp_2431_cycle_1_5",5
"8041","virus_comp_2431_cycle_1_6",5
"8042","virus_comp_2432_cycle_1_2",5
"8043","virus_comp_2432_cycle_1_7",5
"8044","virus_comp_2433_cycle_1_1",5
"8045","virus_comp_2433_cycle_1_2",5
"8046","virus_comp_2434_cycle_1_1",5
"8047","virus_comp_2434_cycle_1_4",5
"8048","virus_comp_2435_cycle_1_5",5
"8049","virus_comp_2438_cycle_1_10",5
"8050","virus_comp_2438_cycle_1_7",5
"8051","virus_comp_2440_cycle_1_10",5
"8052","virus_comp_2440_cycle_1_9",5
"8053","virus_comp_2442_cycle_1_1",5
"8054","virus_comp_2443_cycle_1_2",5
"8055","virus_comp_2445_cycle_1_1",5
"8056","virus_comp_2445_cycle_1_8",5
"8057","virus_comp_245_cycle_1_1",5
"8058","virus_comp_245_cycle_1_10",5
"8059","virus_comp_245_cycle_1_100",5
"8060","virus_comp_245_cycle_1_101",5
"8061","virus_comp_245_cycle_1_102",5
"8062","virus_comp_245_cycle_1_103",5
"8063","virus_comp_245_cycle_1_104",5
"8064","virus_comp_245_cycle_1_105",5
"8065","virus_comp_245_cycle_1_106",5
"8066","virus_comp_245_cycle_1_107",5
"8067","virus_comp_245_cycle_1_108",5
"8068","virus_comp_245_cycle_1_11",5
"8069","virus_comp_245_cycle_1_110",5
"8070","virus_comp_245_cycle_1_111",5
"8071","virus_comp_245_cycle_1_114",5
"8072","virus_comp_245_cycle_1_12",5
"8073","virus_comp_245_cycle_1_13",5
"8074","virus_comp_245_cycle_1_14",5
"8075","virus_comp_245_cycle_1_15",5
"8076","virus_comp_245_cycle_1_20",5
"8077","virus_comp_245_cycle_1_21",5
"8078","virus_comp_245_cycle_1_22",5
"8079","virus_comp_245_cycle_1_25",5
"8080","virus_comp_245_cycle_1_27",5
"8081","virus_comp_245_cycle_1_28",5
"8082","virus_comp_245_cycle_1_31",5
"8083","virus_comp_245_cycle_1_33",5
"8084","virus_comp_245_cycle_1_34",5
"8085","virus_comp_245_cycle_1_35",5
"8086","virus_comp_245_cycle_1_37",5
"8087","virus_comp_245_cycle_1_38",5
"8088","virus_comp_245_cycle_1_39",5
"8089","virus_comp_245_cycle_1_44",5
"8090","virus_comp_245_cycle_1_46",5
"8091","virus_comp_245_cycle_1_47",5
"8092","virus_comp_245_cycle_1_48",5
"8093","virus_comp_245_cycle_1_51",5
"8094","virus_comp_245_cycle_1_53",5
"8095","virus_comp_245_cycle_1_54",5
"8096","virus_comp_245_cycle_1_55",5
"8097","virus_comp_245_cycle_1_57",5
"8098","virus_comp_245_cycle_1_58",5
"8099","virus_comp_245_cycle_1_59",5
"8100","virus_comp_245_cycle_1_6",5
"8101","virus_comp_245_cycle_1_60",5
"8102","virus_comp_245_cycle_1_61",5
"8103","virus_comp_245_cycle_1_62",5
"8104","virus_comp_245_cycle_1_69",5
"8105","virus_comp_245_cycle_1_7",5
"8106","virus_comp_245_cycle_1_70",5
"8107","virus_comp_245_cycle_1_74",5
"8108","virus_comp_245_cycle_1_76",5
"8109","virus_comp_245_cycle_1_79",5
"8110","virus_comp_245_cycle_1_8",5
"8111","virus_comp_245_cycle_1_85",5
"8112","virus_comp_245_cycle_1_86",5
"8113","virus_comp_245_cycle_1_87",5
"8114","virus_comp_245_cycle_1_9",5
"8115","virus_comp_245_cycle_1_91",5
"8116","virus_comp_245_cycle_1_92",5
"8117","virus_comp_245_cycle_1_95",5
"8118","virus_comp_2453_cycle_1_8",5
"8119","virus_comp_2461_cycle_1_1",5
"8120","virus_comp_2461_cycle_1_4",5
"8121","virus_comp_2464_cycle_1_12",5
"8122","virus_comp_2464_cycle_1_5",5
"8123","virus_comp_2466_cycle_1_1",5
"8124","virus_comp_2467_cycle_1_5",5
"8125","virus_comp_2467_cycle_1_6",5
"8126","virus_comp_2471_cycle_1_2",5
"8127","virus_comp_2477_cycle_1_1",5
"8128","virus_comp_2478_cycle_1_8",5
"8129","virus_comp_2478_cycle_1_9",5
"8130","virus_comp_2488_cycle_1_5",5
"8131","virus_comp_2496_cycle_1_5",5
"8132","virus_comp_2497_cycle_1_4",5
"8133","virus_comp_250_cycle_1_10",5
"8134","virus_comp_250_cycle_1_108",5
"8135","virus_comp_250_cycle_1_126",5
"8136","virus_comp_250_cycle_1_128",5
"8137","virus_comp_250_cycle_1_129",5
"8138","virus_comp_250_cycle_1_133",5
"8139","virus_comp_250_cycle_1_15",5
"8140","virus_comp_250_cycle_1_16",5
"8141","virus_comp_250_cycle_1_161",5
"8142","virus_comp_250_cycle_1_17",5
"8143","virus_comp_250_cycle_1_171",5
"8144","virus_comp_250_cycle_1_179",5
"8145","virus_comp_250_cycle_1_18",5
"8146","virus_comp_250_cycle_1_181",5
"8147","virus_comp_250_cycle_1_191",5
"8148","virus_comp_250_cycle_1_210",5
"8149","virus_comp_250_cycle_1_212",5
"8150","virus_comp_250_cycle_1_219",5
"8151","virus_comp_250_cycle_1_220",5
"8152","virus_comp_250_cycle_1_241",5
"8153","virus_comp_250_cycle_1_25",5
"8154","virus_comp_250_cycle_1_256",5
"8155","virus_comp_250_cycle_1_31",5
"8156","virus_comp_250_cycle_1_36",5
"8157","virus_comp_250_cycle_1_49",5
"8158","virus_comp_250_cycle_1_55",5
"8159","virus_comp_250_cycle_1_92",5
"8160","virus_comp_250_cycle_1_99",5
"8161","virus_comp_2500_cycle_1_1",5
"8162","virus_comp_2500_cycle_1_4",5
"8163","virus_comp_2500_cycle_1_5",5
"8164","virus_comp_2500_cycle_1_8",5
"8165","virus_comp_2506_cycle_1_5",5
"8166","virus_comp_2519_cycle_1_5",5
"8167","virus_comp_2524_cycle_1_10",5
"8168","virus_comp_2524_cycle_1_2",5
"8169","virus_comp_2529_cycle_1_3",5
"8170","virus_comp_2529_cycle_1_8",5
"8171","virus_comp_2531_cycle_1_7",5
"8172","virus_comp_254_cycle_1_1",5
"8173","virus_comp_254_cycle_1_2",5
"8174","virus_comp_254_cycle_1_8",5
"8175","virus_comp_2540_cycle_1_3",5
"8176","virus_comp_2540_cycle_1_4",5
"8177","virus_comp_2540_cycle_1_6",5
"8178","virus_comp_2540_cycle_1_7",5
"8179","virus_comp_2559_cycle_1_1",5
"8180","virus_comp_2559_cycle_1_2",5
"8181","virus_comp_2559_cycle_1_5",5
"8182","virus_comp_2572_cycle_1_5",5
"8183","virus_comp_2575_cycle_1_9",5
"8184","virus_comp_2577_cycle_1_8",5
"8185","virus_comp_2589_cycle_1_1",5
"8186","virus_comp_2590_cycle_1_7",5
"8187","virus_comp_2595_cycle_1_1",5
"8188","virus_comp_2595_cycle_1_4",5
"8189","virus_comp_2601_cycle_1_1",5
"8190","virus_comp_2601_cycle_1_2",5
"8191","virus_comp_2601_cycle_1_4",5
"8192","virus_comp_2616_cycle_1_13",5
"8193","virus_comp_262_cycle_1_72",5
"8194","virus_comp_2634_cycle_1_5",5
"8195","virus_comp_2638_cycle_1_12",5
"8196","virus_comp_2638_cycle_1_13",5
"8197","virus_comp_2638_cycle_1_14",5
"8198","virus_comp_2641_cycle_1_2",5
"8199","virus_comp_2641_cycle_1_6",5
"8200","virus_comp_2649_cycle_1_10",5
"8201","virus_comp_2652_cycle_1_2",5
"8202","virus_comp_2664_cycle_1_6",5
"8203","virus_comp_2669_cycle_1_2",5
"8204","virus_comp_2670_cycle_1_10",5
"8205","virus_comp_2670_cycle_1_12",5
"8206","virus_comp_2670_cycle_1_2",5
"8207","virus_comp_2671_cycle_1_5",5
"8208","virus_comp_2679_cycle_1_2",5
"8209","virus_comp_2696_cycle_1_8",5
"8210","virus_comp_2702_cycle_1_4",5
"8211","virus_comp_2702_cycle_1_6",5
"8212","virus_comp_2705_cycle_1_6",5
"8213","virus_comp_2708_cycle_1_7",5
"8214","virus_comp_2708_cycle_1_8",5
"8215","virus_comp_2711_cycle_1_3",5
"8216","virus_comp_2727_cycle_1_4",5
"8217","virus_comp_2741_cycle_1_4",5
"8218","virus_comp_2741_cycle_1_6",5
"8219","virus_comp_2741_cycle_1_8",5
"8220","virus_comp_2742_cycle_1_1",5
"8221","virus_comp_2742_cycle_1_10",5
"8222","virus_comp_2742_cycle_1_9",5
"8223","virus_comp_277_cycle_1_5",5
"8224","virus_comp_2774_cycle_1_1",5
"8225","virus_comp_2774_cycle_1_8",5
"8226","virus_comp_2775_cycle_1_4",5
"8227","virus_comp_2775_cycle_1_6",5
"8228","virus_comp_2788_cycle_1_5",5
"8229","virus_comp_279_cycle_1_1",5
"8230","virus_comp_279_cycle_1_3",5
"8231","virus_comp_2791_cycle_1_4",5
"8232","virus_comp_2799_cycle_1_2",5
"8233","virus_comp_2799_cycle_1_6",5
"8234","virus_comp_280_cycle_1_16",5
"8235","virus_comp_280_cycle_1_18",5
"8236","virus_comp_2801_cycle_1_8",5
"8237","virus_comp_2807_cycle_1_2",5
"8238","virus_comp_2814_cycle_1_14",5
"8239","virus_comp_2814_cycle_1_6",5
"8240","virus_comp_2822_cycle_1_3",5
"8241","virus_comp_2822_cycle_1_5",5
"8242","virus_comp_2826_cycle_1_8",5
"8243","virus_comp_2828_cycle_1_2",5
"8244","virus_comp_2831_cycle_1_2",5
"8245","virus_comp_2833_cycle_1_1",5
"8246","virus_comp_2849_cycle_1_6",5
"8247","virus_comp_285_cycle_1_128",5
"8248","virus_comp_285_cycle_1_133",5
"8249","virus_comp_2856_cycle_1_3",5
"8250","virus_comp_2864_cycle_1_8",5
"8251","virus_comp_2882_cycle_1_4",5
"8252","virus_comp_2882_cycle_1_5",5
"8253","virus_comp_29_cycle_1_17",5
"8254","virus_comp_29_cycle_1_28",5
"8255","virus_comp_29_cycle_1_49",5
"8256","virus_comp_29_cycle_1_57",5
"8257","virus_comp_29_cycle_1_62",5
"8258","virus_comp_29_cycle_1_68",5
"8259","virus_comp_2904_cycle_1_7",5
"8260","virus_comp_2915_cycle_1_11",5
"8261","virus_comp_2918_cycle_1_4",5
"8262","virus_comp_2923_cycle_1_9",5
"8263","virus_comp_2931_cycle_1_6",5
"8264","virus_comp_2945_cycle_1_9",5
"8265","virus_comp_2946_cycle_1_2",5
"8266","virus_comp_2950_cycle_1_3",5
"8267","virus_comp_2950_cycle_1_6",5
"8268","virus_comp_2950_cycle_1_7",5
"8269","virus_comp_2955_cycle_1_1",5
"8270","virus_comp_2955_cycle_1_2",5
"8271","virus_comp_2955_cycle_1_4",5
"8272","virus_comp_2962_cycle_1_10",5
"8273","virus_comp_2968_cycle_1_3",5
"8274","virus_comp_2968_cycle_1_8",5
"8275","virus_comp_2969_cycle_1_13",5
"8276","virus_comp_2969_cycle_1_15",5
"8277","virus_comp_297_cycle_1_2",5
"8278","virus_comp_2977_cycle_1_2",5
"8279","virus_comp_2981_cycle_1_4",5
"8280","virus_comp_2984_cycle_1_7",5
"8281","virus_comp_3003_cycle_1_6",5
"8282","virus_comp_3023_cycle_1_4",5
"8283","virus_comp_3026_cycle_1_2",5
"8284","virus_comp_3026_cycle_1_4",5
"8285","virus_comp_3026_cycle_1_7",5
"8286","virus_comp_3029_cycle_1_2",5
"8287","virus_comp_3029_cycle_1_4",5
"8288","virus_comp_3029_cycle_1_6",5
"8289","virus_comp_3035_cycle_1_1",5
"8290","virus_comp_3041_cycle_1_4",5
"8291","virus_comp_3044_cycle_1_1",5
"8292","virus_comp_306_cycle_1_4",5
"8293","virus_comp_3067_cycle_1_3",5
"8294","virus_comp_3067_cycle_1_8",5
"8295","virus_comp_3082_cycle_1_1",5
"8296","virus_comp_3082_cycle_1_4",5
"8297","virus_comp_3083_cycle_1_4",5
"8298","virus_comp_3083_cycle_1_5",5
"8299","virus_comp_3089_cycle_1_2",5
"8300","virus_comp_3104_cycle_1_2",5
"8301","virus_comp_3124_cycle_1_3",5
"8302","virus_comp_3124_cycle_1_8",5
"8303","virus_comp_3126_cycle_1_2",5
"8304","virus_comp_3141_cycle_1_5",5
"8305","virus_comp_3147_cycle_1_2",5
"8306","virus_comp_3157_cycle_1_12",5
"8307","virus_comp_3157_cycle_1_13",5
"8308","virus_comp_318_cycle_1_61",5
"8309","virus_comp_3189_cycle_1_6",5
"8310","virus_comp_3192_cycle_1_2",5
"8311","virus_comp_3195_cycle_1_10",5
"8312","virus_comp_3197_cycle_1_2",5
"8313","virus_comp_3197_cycle_1_8",5
"8314","virus_comp_3208_cycle_1_4",5
"8315","virus_comp_3225_cycle_1_8",5
"8316","virus_comp_3226_cycle_1_1",5
"8317","virus_comp_3233_cycle_1_5",5
"8318","virus_comp_3236_cycle_1_3",5
"8319","virus_comp_3236_cycle_1_8",5
"8320","virus_comp_3260_cycle_1_4",5
"8321","virus_comp_3260_cycle_1_7",5
"8322","virus_comp_3264_cycle_1_4",5
"8323","virus_comp_330_cycle_1_104",5
"8324","virus_comp_330_cycle_1_106",5
"8325","virus_comp_330_cycle_1_112",5
"8326","virus_comp_330_cycle_1_116",5
"8327","virus_comp_330_cycle_1_12",5
"8328","virus_comp_330_cycle_1_17",5
"8329","virus_comp_330_cycle_1_18",5
"8330","virus_comp_330_cycle_1_23",5
"8331","virus_comp_330_cycle_1_29",5
"8332","virus_comp_330_cycle_1_3",5
"8333","virus_comp_330_cycle_1_40",5
"8334","virus_comp_330_cycle_1_5",5
"8335","virus_comp_330_cycle_1_55",5
"8336","virus_comp_330_cycle_1_56",5
"8337","virus_comp_330_cycle_1_57",5
"8338","virus_comp_330_cycle_1_6",5
"8339","virus_comp_330_cycle_1_61",5
"8340","virus_comp_330_cycle_1_64",5
"8341","virus_comp_330_cycle_1_78",5
"8342","virus_comp_330_cycle_1_80",5
"8343","virus_comp_330_cycle_1_83",5
"8344","virus_comp_330_cycle_1_88",5
"8345","virus_comp_330_cycle_1_97",5
"8346","virus_comp_330_cycle_1_99",5
"8347","virus_comp_332_cycle_1_14",5
"8348","virus_comp_332_cycle_1_23",5
"8349","virus_comp_332_cycle_1_34",5
"8350","virus_comp_332_cycle_1_37",5
"8351","virus_comp_332_cycle_1_38",5
"8352","virus_comp_332_cycle_1_47",5
"8353","virus_comp_332_cycle_1_5",5
"8354","virus_comp_332_cycle_1_76",5
"8355","virus_comp_332_cycle_1_8",5
"8356","virus_comp_332_cycle_1_80",5
"8357","virus_comp_3328_cycle_1_1",5
"8358","virus_comp_3328_cycle_1_2",5
"8359","virus_comp_3328_cycle_1_5",5
"8360","virus_comp_3358_cycle_1_1",5
"8361","virus_comp_3358_cycle_1_5",5
"8362","virus_comp_3358_cycle_1_8",5
"8363","virus_comp_3359_cycle_1_1",5
"8364","virus_comp_3368_cycle_1_2",5
"8365","virus_comp_3368_cycle_1_3",5
"8366","virus_comp_3378_cycle_1_1",5
"8367","virus_comp_3378_cycle_1_6",5
"8368","virus_comp_3378_cycle_1_8",5
"8369","virus_comp_3381_cycle_1_6",5
"8370","virus_comp_3390_cycle_1_5",5
"8371","virus_comp_3390_cycle_1_6",5
"8372","virus_comp_3396_cycle_1_1",5
"8373","virus_comp_3442_cycle_1_8",5
"8374","virus_comp_3468_cycle_1_5",5
"8375","virus_comp_3485_cycle_1_4",5
"8376","virus_comp_3485_cycle_1_5",5
"8377","virus_comp_3508_cycle_1_6",5
"8378","virus_comp_3526_cycle_1_6",5
"8379","virus_comp_3527_cycle_1_5",5
"8380","virus_comp_3531_cycle_1_1",5
"8381","virus_comp_3542_cycle_1_10",5
"8382","virus_comp_3542_cycle_1_4",5
"8383","virus_comp_3545_cycle_1_1",5
"8384","virus_comp_3568_cycle_1_3",5
"8385","virus_comp_357_cycle_1_5",5
"8386","virus_comp_3571_cycle_1_6",5
"8387","virus_comp_358_cycle_1_1",5
"8388","virus_comp_358_cycle_1_3",5
"8389","virus_comp_358_cycle_1_9",5
"8390","virus_comp_36_cycle_2_22",5
"8391","virus_comp_36_cycle_2_27",5
"8392","virus_comp_3601_cycle_1_6",5
"8393","virus_comp_3602_cycle_1_5",5
"8394","virus_comp_3616_cycle_1_1",5
"8395","virus_comp_3616_cycle_1_2",5
"8396","virus_comp_3616_cycle_1_5",5
"8397","virus_comp_3663_cycle_1_4",5
"8398","virus_comp_3688_cycle_1_4",5
"8399","virus_comp_370_cycle_1_10",5
"8400","virus_comp_370_cycle_1_24",5
"8401","virus_comp_370_cycle_1_39",5
"8402","virus_comp_370_cycle_1_43",5
"8403","virus_comp_370_cycle_1_60",5
"8404","virus_comp_370_cycle_1_63",5
"8405","virus_comp_370_cycle_1_64",5
"8406","virus_comp_370_cycle_1_65",5
"8407","virus_comp_370_cycle_1_7",5
"8408","virus_comp_370_cycle_1_71",5
"8409","virus_comp_370_cycle_1_74",5
"8410","virus_comp_370_cycle_1_9",5
"8411","virus_comp_3713_cycle_1_4",5
"8412","virus_comp_3713_cycle_1_5",5
"8413","virus_comp_372_cycle_1_102",5
"8414","virus_comp_372_cycle_1_108",5
"8415","virus_comp_372_cycle_1_2",5
"8416","virus_comp_372_cycle_1_4",5
"8417","virus_comp_372_cycle_1_98",5
"8418","virus_comp_372_cycle_1_99",5
"8419","virus_comp_3720_cycle_1_2",5
"8420","virus_comp_3730_cycle_1_6",5
"8421","virus_comp_3732_cycle_1_1",5
"8422","virus_comp_3747_cycle_1_1",5
"8423","virus_comp_3747_cycle_1_2",5
"8424","virus_comp_3755_cycle_1_7",5
"8425","virus_comp_3755_cycle_1_9",5
"8426","virus_comp_3773_cycle_1_2",5
"8427","virus_comp_3775_cycle_1_1",5
"8428","virus_comp_3776_cycle_1_5",5
"8429","virus_comp_3797_cycle_1_1",5
"8430","virus_comp_3808_cycle_1_4",5
"8431","virus_comp_3811_cycle_1_2",5
"8432","virus_comp_383_cycle_1_3",5
"8433","virus_comp_3850_cycle_1_2",5
"8434","virus_comp_3850_cycle_1_3",5
"8435","virus_comp_3907_cycle_1_4",5
"8436","virus_comp_391_cycle_1_11",5
"8437","virus_comp_391_cycle_1_2",5
"8438","virus_comp_391_cycle_1_20",5
"8439","virus_comp_391_cycle_1_25",5
"8440","virus_comp_391_cycle_1_26",5
"8441","virus_comp_391_cycle_1_4",5
"8442","virus_comp_391_cycle_1_46",5
"8443","virus_comp_391_cycle_1_52",5
"8444","virus_comp_391_cycle_1_55",5
"8445","virus_comp_391_cycle_1_7",5
"8446","virus_comp_391_cycle_1_72",5
"8447","virus_comp_391_cycle_1_75",5
"8448","virus_comp_391_cycle_1_86",5
"8449","virus_comp_3918_cycle_1_4",5
"8450","virus_comp_3918_cycle_1_6",5
"8451","virus_comp_3930_cycle_1_5",5
"8452","virus_comp_3946_cycle_1_3",5
"8453","virus_comp_3956_cycle_1_4",5
"8454","virus_comp_3958_cycle_1_2",5
"8455","virus_comp_3958_cycle_1_5",5
"8456","virus_comp_3996_cycle_1_1",5
"8457","virus_comp_3997_cycle_1_2",5
"8458","virus_comp_3997_cycle_1_4",5
"8459","virus_comp_4_cycle_1_1",5
"8460","virus_comp_4_cycle_1_4",5
"8461","virus_comp_400_cycle_3_1",5
"8462","virus_comp_400_cycle_3_17",5
"8463","virus_comp_400_cycle_3_19",5
"8464","virus_comp_400_cycle_3_26",5
"8465","virus_comp_400_cycle_3_34",5
"8466","virus_comp_400_cycle_3_46",5
"8467","virus_comp_400_cycle_3_48",5
"8468","virus_comp_400_cycle_3_56",5
"8469","virus_comp_400_cycle_3_57",5
"8470","virus_comp_400_cycle_3_72",5
"8471","virus_comp_400_cycle_3_73",5
"8472","virus_comp_400_cycle_3_76",5
"8473","virus_comp_400_cycle_3_83",5
"8474","virus_comp_4011_cycle_1_1",5
"8475","virus_comp_4045_cycle_1_5",5
"8476","virus_comp_405_cycle_1_1",5
"8477","virus_comp_405_cycle_1_2",5
"8478","virus_comp_405_cycle_1_4",5
"8479","virus_comp_407_cycle_1_23",5
"8480","virus_comp_407_cycle_1_24",5
"8481","virus_comp_407_cycle_1_26",5
"8482","virus_comp_407_cycle_1_33",5
"8483","virus_comp_407_cycle_1_34",5
"8484","virus_comp_407_cycle_1_37",5
"8485","virus_comp_4093_cycle_1_2",5
"8486","virus_comp_410_cycle_1_16",5
"8487","virus_comp_410_cycle_1_2",5
"8488","virus_comp_410_cycle_1_21",5
"8489","virus_comp_410_cycle_1_3",5
"8490","virus_comp_410_cycle_1_4",5
"8491","virus_comp_4117_cycle_1_3",5
"8492","virus_comp_4119_cycle_1_7",5
"8493","virus_comp_415_cycle_1_94",5
"8494","virus_comp_4195_cycle_1_5",5
"8495","virus_comp_4210_cycle_1_2",5
"8496","virus_comp_4236_cycle_1_2",5
"8497","virus_comp_4251_cycle_1_2",5
"8498","virus_comp_426_cycle_1_1",5
"8499","virus_comp_4271_cycle_1_6",5
"8500","virus_comp_4276_cycle_1_4",5
"8501","virus_comp_4276_cycle_1_6",5
"8502","virus_comp_429_cycle_1_1",5
"8503","virus_comp_429_cycle_1_13",5
"8504","virus_comp_429_cycle_1_19",5
"8505","virus_comp_429_cycle_1_2",5
"8506","virus_comp_429_cycle_1_21",5
"8507","virus_comp_429_cycle_1_26",5
"8508","virus_comp_429_cycle_1_27",5
"8509","virus_comp_429_cycle_1_29",5
"8510","virus_comp_429_cycle_1_3",5
"8511","virus_comp_429_cycle_1_33",5
"8512","virus_comp_429_cycle_1_4",5
"8513","virus_comp_429_cycle_1_5",5
"8514","virus_comp_429_cycle_1_56",5
"8515","virus_comp_429_cycle_1_6",5
"8516","virus_comp_429_cycle_1_7",5
"8517","virus_comp_429_cycle_1_8",5
"8518","virus_comp_429_cycle_1_83",5
"8519","virus_comp_429_cycle_1_86",5
"8520","virus_comp_429_cycle_1_87",5
"8521","virus_comp_429_cycle_1_88",5
"8522","virus_comp_429_cycle_1_89",5
"8523","virus_comp_429_cycle_1_90",5
"8524","virus_comp_4293_cycle_1_2",5
"8525","virus_comp_431_cycle_1_3",5
"8526","virus_comp_431_cycle_1_7",5
"8527","virus_comp_433_cycle_1_10",5
"8528","virus_comp_433_cycle_1_15",5
"8529","virus_comp_433_cycle_1_2",5
"8530","virus_comp_433_cycle_1_29",5
"8531","virus_comp_433_cycle_1_3",5
"8532","virus_comp_433_cycle_1_34",5
"8533","virus_comp_433_cycle_1_35",5
"8534","virus_comp_433_cycle_1_52",5
"8535","virus_comp_433_cycle_1_54",5
"8536","virus_comp_433_cycle_1_55",5
"8537","virus_comp_433_cycle_1_56",5
"8538","virus_comp_433_cycle_1_60",5
"8539","virus_comp_433_cycle_1_61",5
"8540","virus_comp_433_cycle_1_64",5
"8541","virus_comp_433_cycle_1_67",5
"8542","virus_comp_433_cycle_1_69",5
"8543","virus_comp_433_cycle_1_71",5
"8544","virus_comp_433_cycle_1_72",5
"8545","virus_comp_433_cycle_1_73",5
"8546","virus_comp_433_cycle_1_74",5
"8547","virus_comp_433_cycle_1_75",5
"8548","virus_comp_433_cycle_1_76",5
"8549","virus_comp_433_cycle_1_8",5
"8550","virus_comp_433_cycle_1_9",5
"8551","virus_comp_4339_cycle_1_1",5
"8552","virus_comp_4339_cycle_1_3",5
"8553","virus_comp_4339_cycle_1_4",5
"8554","virus_comp_4341_cycle_1_2",5
"8555","virus_comp_4341_cycle_1_6",5
"8556","virus_comp_4346_cycle_1_2",5
"8557","virus_comp_4347_cycle_1_5",5
"8558","virus_comp_4358_cycle_1_5",5
"8559","virus_comp_436_cycle_1_7",5
"8560","virus_comp_436_cycle_1_9",5
"8561","virus_comp_4360_cycle_1_1",5
"8562","virus_comp_438_cycle_1_7",5
"8563","virus_comp_439_cycle_1_24",5
"8564","virus_comp_439_cycle_1_25",5
"8565","virus_comp_439_cycle_1_35",5
"8566","virus_comp_439_cycle_1_7",5
"8567","virus_comp_439_cycle_1_8",5
"8568","virus_comp_440_cycle_1_9",5
"8569","virus_comp_4410_cycle_1_1",5
"8570","virus_comp_442_cycle_1_11",5
"8571","virus_comp_442_cycle_1_12",5
"8572","virus_comp_442_cycle_1_13",5
"8573","virus_comp_442_cycle_1_14",5
"8574","virus_comp_442_cycle_1_15",5
"8575","virus_comp_442_cycle_1_22",5
"8576","virus_comp_442_cycle_1_27",5
"8577","virus_comp_442_cycle_1_29",5
"8578","virus_comp_442_cycle_1_33",5
"8579","virus_comp_442_cycle_1_34",5
"8580","virus_comp_442_cycle_1_51",5
"8581","virus_comp_442_cycle_1_52",5
"8582","virus_comp_4437_cycle_1_1",5
"8583","virus_comp_4453_cycle_1_3",5
"8584","virus_comp_4453_cycle_1_6",5
"8585","virus_comp_4464_cycle_1_1",5
"8586","virus_comp_4466_cycle_1_4",5
"8587","virus_comp_4468_cycle_1_2",5
"8588","virus_comp_447_cycle_1_2",5
"8589","virus_comp_447_cycle_1_9",5
"8590","virus_comp_4495_cycle_1_3",5
"8591","virus_comp_4502_cycle_1_1",5
"8592","virus_comp_4511_cycle_1_3",5
"8593","virus_comp_4511_cycle_1_4",5
"8594","virus_comp_4525_cycle_1_3",5
"8595","virus_comp_4526_cycle_1_4",5
"8596","virus_comp_453_cycle_1_2",5
"8597","virus_comp_453_cycle_1_3",5
"8598","virus_comp_4531_cycle_1_1",5
"8599","virus_comp_454_cycle_1_1",5
"8600","virus_comp_454_cycle_1_2",5
"8601","virus_comp_454_cycle_1_5",5
"8602","virus_comp_455_cycle_1_2",5
"8603","virus_comp_457_cycle_1_5",5
"8604","virus_comp_4588_cycle_1_4",5
"8605","virus_comp_4602_cycle_1_6",5
"8606","virus_comp_4602_cycle_1_7",5
"8607","virus_comp_4606_cycle_1_5",5
"8608","virus_comp_463_cycle_1_3",5
"8609","virus_comp_4632_cycle_1_4",5
"8610","virus_comp_464_cycle_1_10",5
"8611","virus_comp_464_cycle_1_12",5
"8612","virus_comp_464_cycle_1_14",5
"8613","virus_comp_464_cycle_1_21",5
"8614","virus_comp_464_cycle_1_22",5
"8615","virus_comp_464_cycle_1_23",5
"8616","virus_comp_464_cycle_1_47",5
"8617","virus_comp_464_cycle_1_5",5
"8618","virus_comp_464_cycle_1_53",5
"8619","virus_comp_464_cycle_1_54",5
"8620","virus_comp_464_cycle_1_55",5
"8621","virus_comp_464_cycle_1_56",5
"8622","virus_comp_464_cycle_1_57",5
"8623","virus_comp_464_cycle_1_58",5
"8624","virus_comp_464_cycle_1_60",5
"8625","virus_comp_464_cycle_1_66",5
"8626","virus_comp_464_cycle_1_71",5
"8627","virus_comp_464_cycle_1_8",5
"8628","virus_comp_464_cycle_1_88",5
"8629","virus_comp_4650_cycle_1_6",5
"8630","virus_comp_4659_cycle_1_1",5
"8631","virus_comp_467_cycle_1_1",5
"8632","virus_comp_467_cycle_1_2",5
"8633","virus_comp_467_cycle_1_3",5
"8634","virus_comp_467_cycle_1_4",5
"8635","virus_comp_467_cycle_1_6",5
"8636","virus_comp_4690_cycle_1_3",5
"8637","virus_comp_472_cycle_1_5",5
"8638","virus_comp_4722_cycle_1_1",5
"8639","virus_comp_4722_cycle_1_5",5
"8640","virus_comp_473_cycle_1_3",5
"8641","virus_comp_473_cycle_1_4",5
"8642","virus_comp_473_cycle_1_6",5
"8643","virus_comp_473_cycle_1_7",5
"8644","virus_comp_473_cycle_1_8",5
"8645","virus_comp_4738_cycle_1_1",5
"8646","virus_comp_4738_cycle_1_2",5
"8647","virus_comp_4744_cycle_1_1",5
"8648","virus_comp_475_cycle_1_1",5
"8649","virus_comp_475_cycle_1_17",5
"8650","virus_comp_475_cycle_1_22",5
"8651","virus_comp_475_cycle_1_40",5
"8652","virus_comp_475_cycle_1_9",5
"8653","virus_comp_4763_cycle_1_1",5
"8654","virus_comp_4768_cycle_1_7",5
"8655","virus_comp_477_cycle_1_5",5
"8656","virus_comp_479_cycle_1_17",5
"8657","virus_comp_481_cycle_1_1",5
"8658","virus_comp_4830_cycle_1_3",5
"8659","virus_comp_4853_cycle_1_3",5
"8660","virus_comp_4856_cycle_1_1",5
"8661","virus_comp_4856_cycle_1_3",5
"8662","virus_comp_4875_cycle_1_1",5
"8663","virus_comp_488_cycle_1_1",5
"8664","virus_comp_488_cycle_1_3",5
"8665","virus_comp_488_cycle_1_4",5
"8666","virus_comp_488_cycle_1_5",5
"8667","virus_comp_488_cycle_1_7",5
"8668","virus_comp_488_cycle_1_8",5
"8669","virus_comp_490_cycle_1_2",5
"8670","virus_comp_4924_cycle_1_4",5
"8671","virus_comp_4926_cycle_1_1",5
"8672","virus_comp_4933_cycle_1_5",5
"8673","virus_comp_4933_cycle_1_6",5
"8674","virus_comp_4933_cycle_1_8",5
"8675","virus_comp_4946_cycle_1_5",5
"8676","virus_comp_4948_cycle_1_1",5
"8677","virus_comp_4948_cycle_1_2",5
"8678","virus_comp_4952_cycle_1_2",5
"8679","virus_comp_496_cycle_1_1",5
"8680","virus_comp_496_cycle_1_18",5
"8681","virus_comp_496_cycle_1_2",5
"8682","virus_comp_496_cycle_1_27",5
"8683","virus_comp_496_cycle_1_29",5
"8684","virus_comp_496_cycle_1_3",5
"8685","virus_comp_496_cycle_1_31",5
"8686","virus_comp_496_cycle_1_36",5
"8687","virus_comp_496_cycle_1_41",5
"8688","virus_comp_496_cycle_1_43",5
"8689","virus_comp_496_cycle_1_46",5
"8690","virus_comp_496_cycle_1_5",5
"8691","virus_comp_496_cycle_1_51",5
"8692","virus_comp_496_cycle_1_53",5
"8693","virus_comp_496_cycle_1_76",5
"8694","virus_comp_496_cycle_1_8",5
"8695","virus_comp_496_cycle_1_81",5
"8696","virus_comp_496_cycle_1_82",5
"8697","virus_comp_496_cycle_1_83",5
"8698","virus_comp_496_cycle_1_85",5
"8699","virus_comp_498_cycle_1_14",5
"8700","virus_comp_498_cycle_1_99",5
"8701","virus_comp_499_cycle_1_4",5
"8702","virus_comp_4991_cycle_1_6",5
"8703","virus_comp_4991_cycle_1_7",5
"8704","virus_comp_4995_cycle_1_4",5
"8705","virus_comp_4995_cycle_1_5",5
"8706","virus_comp_501_cycle_1_10",5
"8707","virus_comp_5023_cycle_1_3",5
"8708","virus_comp_5035_cycle_1_1",5
"8709","virus_comp_5035_cycle_1_2",5
"8710","virus_comp_505_cycle_1_7",5
"8711","virus_comp_506_cycle_1_5",5
"8712","virus_comp_5079_cycle_1_5",5
"8713","virus_comp_5079_cycle_1_8",5
"8714","virus_comp_5084_cycle_1_7",5
"8715","virus_comp_510_cycle_1_12",5
"8716","virus_comp_5105_cycle_1_2",5
"8717","virus_comp_513_cycle_1_4",5
"8718","virus_comp_513_cycle_1_8",5
"8719","virus_comp_516_cycle_1_16",5
"8720","virus_comp_516_cycle_1_2",5
"8721","virus_comp_516_cycle_1_46",5
"8722","virus_comp_516_cycle_1_79",5
"8723","virus_comp_516_cycle_1_80",5
"8724","virus_comp_516_cycle_1_92",5
"8725","virus_comp_5179_cycle_1_1",5
"8726","virus_comp_5179_cycle_1_3",5
"8727","virus_comp_5181_cycle_1_2",5
"8728","virus_comp_521_cycle_1_7",5
"8729","virus_comp_522_cycle_1_13",5
"8730","virus_comp_522_cycle_1_9",5
"8731","virus_comp_523_cycle_1_7",5
"8732","virus_comp_5238_cycle_1_6",5
"8733","virus_comp_524_cycle_1_2",5
"8734","virus_comp_527_cycle_1_7",5
"8735","virus_comp_529_cycle_1_4",5
"8736","virus_comp_5292_cycle_1_8",5
"8737","virus_comp_5304_cycle_1_4",5
"8738","virus_comp_5304_cycle_1_5",5
"8739","virus_comp_531_cycle_1_4",5
"8740","virus_comp_531_cycle_1_5",5
"8741","virus_comp_531_cycle_1_6",5
"8742","virus_comp_5321_cycle_1_1",5
"8743","virus_comp_5339_cycle_1_6",5
"8744","virus_comp_5339_cycle_1_7",5
"8745","virus_comp_536_cycle_1_4",5
"8746","virus_comp_536_cycle_1_9",5
"8747","virus_comp_5366_cycle_1_6",5
"8748","virus_comp_5397_cycle_1_6",5
"8749","virus_comp_5406_cycle_1_2",5
"8750","virus_comp_542_cycle_2_103",5
"8751","virus_comp_542_cycle_2_15",5
"8752","virus_comp_542_cycle_2_17",5
"8753","virus_comp_542_cycle_2_18",5
"8754","virus_comp_542_cycle_2_24",5
"8755","virus_comp_542_cycle_2_26",5
"8756","virus_comp_542_cycle_2_28",5
"8757","virus_comp_542_cycle_2_57",5
"8758","virus_comp_542_cycle_2_58",5
"8759","virus_comp_542_cycle_2_9",5
"8760","virus_comp_542_cycle_2_92",5
"8761","virus_comp_542_cycle_2_96",5
"8762","virus_comp_542_cycle_2_97",5
"8763","virus_comp_542_cycle_2_99",5
"8764","virus_comp_548_cycle_1_3",5
"8765","virus_comp_551_cycle_1_13",5
"8766","virus_comp_551_cycle_1_23",5
"8767","virus_comp_551_cycle_1_31",5
"8768","virus_comp_5521_cycle_1_5",5
"8769","virus_comp_558_cycle_1_3",5
"8770","virus_comp_5588_cycle_1_4",5
"8771","virus_comp_5588_cycle_1_5",5
"8772","virus_comp_5634_cycle_1_3",5
"8773","virus_comp_5634_cycle_1_4",5
"8774","virus_comp_564_cycle_1_1",5
"8775","virus_comp_564_cycle_1_7",5
"8776","virus_comp_565_cycle_1_12",5
"8777","virus_comp_565_cycle_1_15",5
"8778","virus_comp_565_cycle_1_17",5
"8779","virus_comp_565_cycle_1_18",5
"8780","virus_comp_565_cycle_1_19",5
"8781","virus_comp_565_cycle_1_25",5
"8782","virus_comp_565_cycle_1_26",5
"8783","virus_comp_565_cycle_1_27",5
"8784","virus_comp_565_cycle_1_28",5
"8785","virus_comp_565_cycle_1_29",5
"8786","virus_comp_565_cycle_1_30",5
"8787","virus_comp_565_cycle_1_32",5
"8788","virus_comp_565_cycle_1_34",5
"8789","virus_comp_565_cycle_1_35",5
"8790","virus_comp_565_cycle_1_40",5
"8791","virus_comp_565_cycle_1_41",5
"8792","virus_comp_565_cycle_1_43",5
"8793","virus_comp_565_cycle_1_44",5
"8794","virus_comp_565_cycle_1_45",5
"8795","virus_comp_565_cycle_1_46",5
"8796","virus_comp_565_cycle_1_47",5
"8797","virus_comp_565_cycle_1_48",5
"8798","virus_comp_565_cycle_1_49",5
"8799","virus_comp_565_cycle_1_5",5
"8800","virus_comp_565_cycle_1_51",5
"8801","virus_comp_565_cycle_1_54",5
"8802","virus_comp_565_cycle_1_55",5
"8803","virus_comp_565_cycle_1_56",5
"8804","virus_comp_565_cycle_1_57",5
"8805","virus_comp_565_cycle_1_58",5
"8806","virus_comp_567_cycle_1_15",5
"8807","virus_comp_568_cycle_1_31",5
"8808","virus_comp_5707_cycle_1_3",5
"8809","virus_comp_5762_cycle_1_1",5
"8810","virus_comp_5831_cycle_1_4",5
"8811","virus_comp_587_cycle_1_11",5
"8812","virus_comp_587_cycle_1_7",5
"8813","virus_comp_587_cycle_1_78",5
"8814","virus_comp_587_cycle_1_87",5
"8815","virus_comp_5871_cycle_1_3",5
"8816","virus_comp_5883_cycle_1_1",5
"8817","virus_comp_589_cycle_1_1",5
"8818","virus_comp_589_cycle_1_12",5
"8819","virus_comp_589_cycle_1_16",5
"8820","virus_comp_589_cycle_1_30",5
"8821","virus_comp_589_cycle_1_34",5
"8822","virus_comp_589_cycle_1_50",5
"8823","virus_comp_589_cycle_1_51",5
"8824","virus_comp_589_cycle_1_57",5
"8825","virus_comp_589_cycle_1_65",5
"8826","virus_comp_590_cycle_2_11",5
"8827","virus_comp_590_cycle_2_20",5
"8828","virus_comp_590_cycle_2_21",5
"8829","virus_comp_590_cycle_2_36",5
"8830","virus_comp_590_cycle_2_38",5
"8831","virus_comp_590_cycle_2_42",5
"8832","virus_comp_5922_cycle_1_1",5
"8833","virus_comp_5925_cycle_1_1",5
"8834","virus_comp_593_cycle_1_105",5
"8835","virus_comp_593_cycle_1_107",5
"8836","virus_comp_593_cycle_1_112",5
"8837","virus_comp_593_cycle_1_15",5
"8838","virus_comp_593_cycle_1_26",5
"8839","virus_comp_593_cycle_1_52",5
"8840","virus_comp_593_cycle_1_53",5
"8841","virus_comp_593_cycle_1_62",5
"8842","virus_comp_593_cycle_1_66",5
"8843","virus_comp_593_cycle_1_67",5
"8844","virus_comp_593_cycle_1_81",5
"8845","virus_comp_593_cycle_1_82",5
"8846","virus_comp_593_cycle_1_87",5
"8847","virus_comp_593_cycle_1_88",5
"8848","virus_comp_593_cycle_1_97",5
"8849","virus_comp_5934_cycle_1_4",5
"8850","virus_comp_598_cycle_1_13",5
"8851","virus_comp_60_cycle_1_10",5
"8852","virus_comp_60_cycle_1_29",5
"8853","virus_comp_60_cycle_1_30",5
"8854","virus_comp_60_cycle_1_5",5
"8855","virus_comp_60_cycle_1_6",5
"8856","virus_comp_602_cycle_1_12",5
"8857","virus_comp_602_cycle_1_13",5
"8858","virus_comp_602_cycle_1_4",5
"8859","virus_comp_602_cycle_1_7",5
"8860","virus_comp_6037_cycle_1_1",5
"8861","virus_comp_604_cycle_1_3",5
"8862","virus_comp_604_cycle_1_6",5
"8863","virus_comp_605_cycle_1_14",5
"8864","virus_comp_609_cycle_1_61",5
"8865","virus_comp_609_cycle_1_66",5
"8866","virus_comp_611_cycle_1_18",5
"8867","virus_comp_611_cycle_1_62",5
"8868","virus_comp_6129_cycle_1_4",5
"8869","virus_comp_613_cycle_1_20",5
"8870","virus_comp_613_cycle_1_25",5
"8871","virus_comp_613_cycle_1_6",5
"8872","virus_comp_613_cycle_1_8",5
"8873","virus_comp_613_cycle_1_9",5
"8874","virus_comp_6165_cycle_1_4",5
"8875","virus_comp_6165_cycle_1_5",5
"8876","virus_comp_619_cycle_1_10",5
"8877","virus_comp_619_cycle_1_11",5
"8878","virus_comp_619_cycle_1_3",5
"8879","virus_comp_619_cycle_1_8",5
"8880","virus_comp_62_cycle_1_24",5
"8881","virus_comp_62_cycle_1_34",5
"8882","virus_comp_623_cycle_1_4",5
"8883","virus_comp_631_cycle_1_2",5
"8884","virus_comp_6315_cycle_1_7",5
"8885","virus_comp_6322_cycle_1_5",5
"8886","virus_comp_634_cycle_1_2",5
"8887","virus_comp_634_cycle_1_29",5
"8888","virus_comp_634_cycle_1_30",5
"8889","virus_comp_634_cycle_1_31",5
"8890","virus_comp_634_cycle_1_6",5
"8891","virus_comp_634_cycle_1_76",5
"8892","virus_comp_636_cycle_1_11",5
"8893","virus_comp_636_cycle_1_13",5
"8894","virus_comp_636_cycle_1_32",5
"8895","virus_comp_636_cycle_1_33",5
"8896","virus_comp_636_cycle_1_58",5
"8897","virus_comp_636_cycle_1_6",5
"8898","virus_comp_636_cycle_1_7",5
"8899","virus_comp_6364_cycle_1_2",5
"8900","virus_comp_637_cycle_1_1",5
"8901","virus_comp_6380_cycle_1_1",5
"8902","virus_comp_6397_cycle_1_1",5
"8903","virus_comp_6397_cycle_1_3",5
"8904","virus_comp_648_cycle_1_5",5
"8905","virus_comp_651_cycle_1_37",5
"8906","virus_comp_651_cycle_1_41",5
"8907","virus_comp_651_cycle_1_43",5
"8908","virus_comp_651_cycle_1_44",5
"8909","virus_comp_651_cycle_1_53",5
"8910","virus_comp_651_cycle_1_55",5
"8911","virus_comp_651_cycle_1_62",5
"8912","virus_comp_651_cycle_1_64",5
"8913","virus_comp_651_cycle_1_67",5
"8914","virus_comp_651_cycle_1_8",5
"8915","virus_comp_655_cycle_1_3",5
"8916","virus_comp_657_cycle_1_32",5
"8917","virus_comp_657_cycle_1_45",5
"8918","virus_comp_6609_cycle_1_1",5
"8919","virus_comp_662_cycle_1_1",5
"8920","virus_comp_662_cycle_1_3",5
"8921","virus_comp_662_cycle_1_4",5
"8922","virus_comp_6645_cycle_1_2",5
"8923","virus_comp_6652_cycle_1_4",5
"8924","virus_comp_666_cycle_1_2",5
"8925","virus_comp_666_cycle_1_4",5
"8926","virus_comp_668_cycle_1_6",5
"8927","virus_comp_67_cycle_1_25",5
"8928","virus_comp_67_cycle_1_42",5
"8929","virus_comp_6723_cycle_1_4",5
"8930","virus_comp_684_cycle_1_12",5
"8931","virus_comp_684_cycle_1_28",5
"8932","virus_comp_684_cycle_1_57",5
"8933","virus_comp_684_cycle_1_61",5
"8934","virus_comp_684_cycle_1_64",5
"8935","virus_comp_684_cycle_1_65",5
"8936","virus_comp_6850_cycle_1_4",5
"8937","virus_comp_6853_cycle_1_2",5
"8938","virus_comp_6853_cycle_1_3",5
"8939","virus_comp_6896_cycle_1_5",5
"8940","virus_comp_69_cycle_1_10",5
"8941","virus_comp_69_cycle_1_17",5
"8942","virus_comp_69_cycle_1_22",5
"8943","virus_comp_69_cycle_1_34",5
"8944","virus_comp_69_cycle_1_41",5
"8945","virus_comp_69_cycle_1_50",5
"8946","virus_comp_6926_cycle_1_4",5
"8947","virus_comp_699_cycle_1_36",5
"8948","virus_comp_699_cycle_1_61",5
"8949","virus_comp_699_cycle_1_74",5
"8950","virus_comp_699_cycle_1_75",5
"8951","virus_comp_6999_cycle_1_3",5
"8952","virus_comp_707_cycle_1_50",5
"8953","virus_comp_707_cycle_1_58",5
"8954","virus_comp_708_cycle_1_13",5
"8955","virus_comp_708_cycle_1_6",5
"8956","virus_comp_7082_cycle_1_1",5
"8957","virus_comp_7129_cycle_1_2",5
"8958","virus_comp_717_cycle_1_3",5
"8959","virus_comp_719_cycle_1_4",5
"8960","virus_comp_720_cycle_1_18",5
"8961","virus_comp_720_cycle_1_6",5
"8962","virus_comp_721_cycle_1_15",5
"8963","virus_comp_721_cycle_1_4",5
"8964","virus_comp_721_cycle_1_9",5
"8965","virus_comp_7214_cycle_1_5",5
"8966","virus_comp_722_cycle_1_14",5
"8967","virus_comp_722_cycle_1_17",5
"8968","virus_comp_722_cycle_1_36",5
"8969","virus_comp_722_cycle_1_37",5
"8970","virus_comp_722_cycle_1_42",5
"8971","virus_comp_7258_cycle_1_1",5
"8972","virus_comp_7258_cycle_1_2",5
"8973","virus_comp_7258_cycle_1_4",5
"8974","virus_comp_7258_cycle_1_5",5
"8975","virus_comp_7271_cycle_1_4",5
"8976","virus_comp_7286_cycle_1_1",5
"8977","virus_comp_729_cycle_1_11",5
"8978","virus_comp_729_cycle_1_17",5
"8979","virus_comp_729_cycle_1_21",5
"8980","virus_comp_729_cycle_1_23",5
"8981","virus_comp_729_cycle_1_56",5
"8982","virus_comp_729_cycle_1_64",5
"8983","virus_comp_729_cycle_1_8",5
"8984","virus_comp_7290_cycle_1_4",5
"8985","virus_comp_732_cycle_1_2",5
"8986","virus_comp_732_cycle_1_3",5
"8987","virus_comp_7324_cycle_1_1",5
"8988","virus_comp_733_cycle_1_15",5
"8989","virus_comp_733_cycle_1_2",5
"8990","virus_comp_733_cycle_1_48",5
"8991","virus_comp_7338_cycle_1_3",5
"8992","virus_comp_7405_cycle_1_3",5
"8993","virus_comp_741_cycle_1_4",5
"8994","virus_comp_7421_cycle_1_2",5
"8995","virus_comp_7444_cycle_1_1",5
"8996","virus_comp_749_cycle_1_1",5
"8997","virus_comp_749_cycle_1_34",5
"8998","virus_comp_749_cycle_1_41",5
"8999","virus_comp_749_cycle_1_42",5
"9000","virus_comp_749_cycle_1_63",5
"9001","virus_comp_753_cycle_1_1",5
"9002","virus_comp_7540_cycle_1_1",5
"9003","virus_comp_7541_cycle_1_2",5
"9004","virus_comp_7546_cycle_1_1",5
"9005","virus_comp_755_cycle_1_3",5
"9006","virus_comp_757_cycle_1_24",5
"9007","virus_comp_757_cycle_1_27",5
"9008","virus_comp_757_cycle_1_30",5
"9009","virus_comp_757_cycle_1_38",5
"9010","virus_comp_757_cycle_1_46",5
"9011","virus_comp_757_cycle_1_59",5
"9012","virus_comp_757_cycle_1_6",5
"9013","virus_comp_760_cycle_1_3",5
"9014","virus_comp_7606_cycle_1_2",5
"9015","virus_comp_766_cycle_1_1",5
"9016","virus_comp_766_cycle_1_19",5
"9017","virus_comp_766_cycle_1_2",5
"9018","virus_comp_766_cycle_1_5",5
"9019","virus_comp_767_cycle_1_3",5
"9020","virus_comp_767_cycle_1_9",5
"9021","virus_comp_7794_cycle_1_2",5
"9022","virus_comp_7806_cycle_1_1",5
"9023","virus_comp_7870_cycle_1_1",5
"9024","virus_comp_790_cycle_1_16",5
"9025","virus_comp_790_cycle_1_21",5
"9026","virus_comp_790_cycle_1_22",5
"9027","virus_comp_790_cycle_1_27",5
"9028","virus_comp_790_cycle_1_31",5
"9029","virus_comp_790_cycle_1_35",5
"9030","virus_comp_790_cycle_1_36",5
"9031","virus_comp_790_cycle_1_43",5
"9032","virus_comp_790_cycle_1_44",5
"9033","virus_comp_791_cycle_1_11",5
"9034","virus_comp_792_cycle_1_10",5
"9035","virus_comp_7982_cycle_1_4",5
"9036","virus_comp_8013_cycle_1_3",5
"9037","virus_comp_8065_cycle_1_1",5
"9038","virus_comp_8146_cycle_1_3",5
"9039","virus_comp_821_cycle_5_22",5
"9040","virus_comp_821_cycle_5_28",5
"9041","virus_comp_821_cycle_5_31",5
"9042","virus_comp_821_cycle_5_4",5
"9043","virus_comp_8233_cycle_1_4",5
"9044","virus_comp_830_cycle_1_23",5
"9045","virus_comp_830_cycle_1_28",5
"9046","virus_comp_8300_cycle_1_2",5
"9047","virus_comp_8345_cycle_1_2",5
"9048","virus_comp_8367_cycle_1_2",5
"9049","virus_comp_8367_cycle_1_3",5
"9050","virus_comp_8375_cycle_1_4",5
"9051","virus_comp_838_cycle_1_24",5
"9052","virus_comp_838_cycle_1_33",5
"9053","virus_comp_838_cycle_1_51",5
"9054","virus_comp_838_cycle_1_54",5
"9055","virus_comp_839_cycle_1_20",5
"9056","virus_comp_840_cycle_1_1",5
"9057","virus_comp_840_cycle_1_15",5
"9058","virus_comp_840_cycle_1_2",5
"9059","virus_comp_841_cycle_1_11",5
"9060","virus_comp_841_cycle_1_15",5
"9061","virus_comp_841_cycle_1_21",5
"9062","virus_comp_844_cycle_1_16",5
"9063","virus_comp_844_cycle_1_24",5
"9064","virus_comp_844_cycle_1_28",5
"9065","virus_comp_844_cycle_1_29",5
"9066","virus_comp_844_cycle_1_32",5
"9067","virus_comp_844_cycle_1_33",5
"9068","virus_comp_844_cycle_1_6",5
"9069","virus_comp_844_cycle_1_9",5
"9070","virus_comp_8503_cycle_1_1",5
"9071","virus_comp_8503_cycle_1_3",5
"9072","virus_comp_8506_cycle_1_5",5
"9073","virus_comp_851_cycle_1_1",5
"9074","virus_comp_851_cycle_1_16",5
"9075","virus_comp_851_cycle_1_20",5
"9076","virus_comp_851_cycle_1_22",5
"9077","virus_comp_851_cycle_1_32",5
"9078","virus_comp_851_cycle_1_4",5
"9079","virus_comp_851_cycle_1_9",5
"9080","virus_comp_853_cycle_1_19",5
"9081","virus_comp_853_cycle_1_47",5
"9082","virus_comp_853_cycle_1_50",5
"9083","virus_comp_853_cycle_1_54",5
"9084","virus_comp_853_cycle_1_60",5
"9085","virus_comp_853_cycle_1_9",5
"9086","virus_comp_858_cycle_1_1",5
"9087","virus_comp_858_cycle_1_16",5
"9088","virus_comp_858_cycle_1_2",5
"9089","virus_comp_8593_cycle_1_4",5
"9090","virus_comp_860_cycle_1_7",5
"9091","virus_comp_861_cycle_1_15",5
"9092","virus_comp_862_cycle_1_2",5
"9093","virus_comp_862_cycle_1_5",5
"9094","virus_comp_863_cycle_1_15",5
"9095","virus_comp_863_cycle_1_17",5
"9096","virus_comp_863_cycle_1_21",5
"9097","virus_comp_8643_cycle_1_1",5
"9098","virus_comp_8643_cycle_1_2",5
"9099","virus_comp_867_cycle_1_2",5
"9100","virus_comp_8676_cycle_1_1",5
"9101","virus_comp_8676_cycle_1_2",5
"9102","virus_comp_868_cycle_1_7",5
"9103","virus_comp_869_cycle_1_10",5
"9104","virus_comp_869_cycle_1_11",5
"9105","virus_comp_869_cycle_1_14",5
"9106","virus_comp_869_cycle_1_17",5
"9107","virus_comp_869_cycle_1_19",5
"9108","virus_comp_869_cycle_1_20",5
"9109","virus_comp_869_cycle_1_21",5
"9110","virus_comp_869_cycle_1_36",5
"9111","virus_comp_869_cycle_1_38",5
"9112","virus_comp_869_cycle_1_39",5
"9113","virus_comp_869_cycle_1_4",5
"9114","virus_comp_869_cycle_1_43",5
"9115","virus_comp_869_cycle_1_64",5
"9116","virus_comp_869_cycle_1_8",5
"9117","virus_comp_869_cycle_1_83",5
"9118","virus_comp_870_cycle_1_10",5
"9119","virus_comp_871_cycle_1_3",5
"9120","virus_comp_871_cycle_1_5",5
"9121","virus_comp_871_cycle_1_7",5
"9122","virus_comp_872_cycle_1_20",5
"9123","virus_comp_872_cycle_1_50",5
"9124","virus_comp_872_cycle_1_6",5
"9125","virus_comp_872_cycle_1_7",5
"9126","virus_comp_872_cycle_1_8",5
"9127","virus_comp_875_cycle_1_10",5
"9128","virus_comp_875_cycle_1_6",5
"9129","virus_comp_875_cycle_1_8",5
"9130","virus_comp_8750_cycle_1_1",5
"9131","virus_comp_877_cycle_1_6",5
"9132","virus_comp_88_cycle_1_1",5
"9133","virus_comp_88_cycle_1_8",5
"9134","virus_comp_8822_cycle_1_6",5
"9135","virus_comp_884_cycle_1_5",5
"9136","virus_comp_887_cycle_1_21",5
"9137","virus_comp_887_cycle_1_24",5
"9138","virus_comp_887_cycle_1_26",5
"9139","virus_comp_887_cycle_1_33",5
"9140","virus_comp_887_cycle_1_37",5
"9141","virus_comp_887_cycle_1_39",5
"9142","virus_comp_887_cycle_1_51",5
"9143","virus_comp_887_cycle_1_52",5
"9144","virus_comp_887_cycle_1_53",5
"9145","virus_comp_887_cycle_1_57",5
"9146","virus_comp_887_cycle_1_59",5
"9147","virus_comp_887_cycle_1_6",5
"9148","virus_comp_887_cycle_1_60",5
"9149","virus_comp_887_cycle_1_61",5
"9150","virus_comp_887_cycle_1_68",5
"9151","virus_comp_887_cycle_1_71",5
"9152","virus_comp_894_cycle_1_1",5
"9153","virus_comp_894_cycle_1_7",5
"9154","virus_comp_901_cycle_1_9",5
"9155","virus_comp_905_cycle_1_18",5
"9156","virus_comp_905_cycle_1_22",5
"9157","virus_comp_905_cycle_1_23",5
"9158","virus_comp_905_cycle_1_29",5
"9159","virus_comp_905_cycle_1_31",5
"9160","virus_comp_905_cycle_1_8",5
"9161","virus_comp_906_cycle_1_16",5
"9162","virus_comp_906_cycle_1_17",5
"9163","virus_comp_909_cycle_1_22",5
"9164","virus_comp_912_cycle_1_14",5
"9165","virus_comp_912_cycle_1_31",5
"9166","virus_comp_912_cycle_1_32",5
"9167","virus_comp_912_cycle_1_35",5
"9168","virus_comp_9132_cycle_1_2",5
"9169","virus_comp_921_cycle_1_5",5
"9170","virus_comp_922_cycle_1_1",5
"9171","virus_comp_922_cycle_1_2",5
"9172","virus_comp_922_cycle_1_5",5
"9173","virus_comp_924_cycle_2_11",5
"9174","virus_comp_924_cycle_2_12",5
"9175","virus_comp_924_cycle_2_17",5
"9176","virus_comp_924_cycle_2_18",5
"9177","virus_comp_924_cycle_2_21",5
"9178","virus_comp_924_cycle_2_3",5
"9179","virus_comp_924_cycle_2_6",5
"9180","virus_comp_924_cycle_2_8",5
"9181","virus_comp_932_cycle_1_2",5
"9182","virus_comp_932_cycle_1_3",5
"9183","virus_comp_932_cycle_1_6",5
"9184","virus_comp_934_cycle_1_20",5
"9185","virus_comp_934_cycle_1_22",5
"9186","virus_comp_935_cycle_1_8",5
"9187","virus_comp_936_cycle_1_3",5
"9188","virus_comp_9370_cycle_1_1",5
"9189","virus_comp_9426_cycle_1_2",5
"9190","virus_comp_9426_cycle_1_3",5
"9191","virus_comp_945_cycle_1_7",5
"9192","virus_comp_949_cycle_1_11",5
"9193","virus_comp_949_cycle_1_14",5
"9194","virus_comp_952_cycle_1_5",5
"9195","virus_comp_952_cycle_1_8",5
"9196","virus_comp_9529_cycle_1_1",5
"9197","virus_comp_957_cycle_1_12",5
"9198","virus_comp_958_cycle_1_15",5
"9199","virus_comp_958_cycle_1_16",5
"9200","virus_comp_958_cycle_1_17",5
"9201","virus_comp_958_cycle_1_19",5
"9202","virus_comp_9673_cycle_1_2",5
"9203","virus_comp_9681_cycle_1_2",5
"9204","virus_comp_971_cycle_1_1",5
"9205","virus_comp_971_cycle_1_10",5
"9206","virus_comp_971_cycle_1_11",5
"9207","virus_comp_971_cycle_1_13",5
"9208","virus_comp_971_cycle_1_14",5
"9209","virus_comp_971_cycle_1_18",5
"9210","virus_comp_971_cycle_1_19",5
"9211","virus_comp_971_cycle_1_6",5
"9212","virus_comp_9827_cycle_1_1",5
"9213","virus_comp_984_cycle_1_12",5
"9214","virus_comp_984_cycle_1_13",5
"9215","virus_comp_984_cycle_1_15",5
"9216","virus_comp_984_cycle_1_27",5
"9217","virus_comp_984_cycle_1_35",5
"9218","virus_comp_984_cycle_1_38",5
"9219","virus_comp_984_cycle_1_39",5
"9220","virus_comp_984_cycle_1_40",5
"9221","virus_comp_9900_cycle_1_1",5
"9222","virus_comp_996_cycle_1_8",5
"9223","virus_comp_9975_cycle_1_1",5
"9224","virus_comp_998_cycle_1_2",5
"9225","virus_comp_998_cycle_1_20",5
"9226","virus_comp_998_cycle_1_3",5
"9227","virus_comp_998_cycle_1_5",5
"9228","virus_comp_998_cycle_1_8",5
"9229","virus_comp_999_cycle_1_24",5
"9230","virus_comp_999_cycle_1_26",5
"9231","edge_1291_103",5
"9232","edge_1291_110",5
"9233","edge_1291_115",5
"9234","edge_1291_122",5
"9235","edge_1291_125",5
"9236","edge_1291_134",5
"9237","edge_1291_135",5
"9238","edge_1329_102",5
"9239","edge_1329_126",5
"9240","edge_1329_130",5
"9241","edge_1329_36",5
"9242","edge_1329_50",5
"9243","edge_1329_90",5
"9244","edge_1468_1",5
"9245","edge_1468_17",5
"9246","edge_1468_24",5
"9247","edge_1468_29",5
"9248","edge_1468_59",5
"9249","edge_1468_63",5
"9250","edge_1468_64",5
"9251","edge_1468_67",5
"9252","edge_1468_9",5
"9253","edge_1474_1",5
"9254","edge_1474_17",5
"9255","edge_1474_4",5
"9256","edge_1474_8",5
"9257","edge_1476_18",5
"9258","edge_1476_5",5
"9259","edge_1476_6",5
"9260","edge_1476_7",5
"9261","edge_1476_9",5
"9262","edge_1495_1",5
"9263","edge_1495_27",5
"9264","edge_1495_32",5
"9265","edge_1495_34",5
"9266","edge_1495_38",5
"9267","edge_1495_41",5
"9268","edge_1495_44",5
"9269","edge_1495_45",5
"9270","edge_1495_48",5
"9271","edge_1496_16",5
"9272","edge_1497_2",5
"9273","edge_1497_6",5
"9274","edge_1497_7",5
"9275","edge_1501_1",5
"9276","edge_1501_2",5
"9277","edge_1501_26",5
"9278","edge_1501_3",5
"9279","edge_1501_5",5
"9280","edge_1512_20",5
"9281","edge_1512_33",5
"9282","edge_1512_5",5
"9283","edge_1512_52",5
"9284","edge_1512_55",5
"9285","edge_1512_66",5
"9286","edge_1512_68",5
"9287","edge_1512_8",5
"9288","edge_1515_25",5
"9289","edge_1515_3",5
"9290","edge_1515_31",5
"9291","edge_1594_1",5
"9292","edge_1594_13",5
"9293","edge_1594_14",5
"9294","edge_1594_2",5
"9295","edge_1594_29",5
"9296","edge_1594_33",5
"9297","edge_1594_45",5
"9298","edge_1594_52",5
"9299","edge_1596_10",5
"9300","edge_1596_2",5
"9301","edge_1596_24",5
"9302","edge_1596_3",5
"9303","edge_1596_32",5
"9304","edge_1596_34",5
"9305","edge_1596_37",5
"9306","edge_1596_6",5
"9307","edge_1596_7",5
"9308","edge_16_10",5
"9309","edge_16_6",5
"9310","edge_1627_10",5
"9311","edge_1627_18",5
"9312","edge_1627_27",5
"9313","edge_1627_30",5
"9314","edge_1631_11",5
"9315","edge_1631_19",5
"9316","edge_1631_3",5
"9317","edge_1631_31",5
"9318","edge_1631_39",5
"9319","edge_1631_41",5
"9320","edge_1632_10",5
"9321","edge_1632_4",5
"9322","edge_1632_6",5
"9323","edge_1632_7",5
"9324","edge_1632_8",5
"9325","edge_1633_10",5
"9326","edge_1633_11",5
"9327","edge_1633_20",5
"9328","edge_1633_28",5
"9329","edge_1641_2",5
"9330","edge_1641_27",5
"9331","edge_1641_29",5
"9332","edge_1641_3",5
"9333","edge_1641_31",5
"9334","edge_1641_32",5
"9335","edge_1641_34",5
"9336","edge_1641_37",5
"9337","edge_1641_4",5
"9338","edge_1641_42",5
"9339","edge_1641_43",5
"9340","edge_1641_49",5
"9341","edge_1641_5",5
"9342","edge_1641_50",5
"9343","edge_1641_52",5
"9344","edge_1641_57",5
"9345","edge_1641_61",5
"9346","edge_1641_65",5
"9347","edge_1641_67",5
"9348","edge_1641_69",5
"9349","edge_1641_9",5
"9350","edge_1672_54",5
"9351","edge_1707_14",5
"9352","edge_1707_6",5
"9353","edge_1709_11",5
"9354","edge_1709_13",5
"9355","edge_1709_14",5
"9356","edge_1709_16",5
"9357","edge_1709_19",5
"9358","edge_1709_21",5
"9359","edge_1709_45",5
"9360","edge_1709_47",5
"9361","edge_1709_55",5
"9362","edge_1709_58",5
"9363","edge_1709_6",5
"9364","edge_1710_4",5
"9365","edge_1732_16",5
"9366","edge_1732_22",5
"9367","edge_1732_46",5
"9368","edge_1732_5",5
"9369","edge_1732_54",5
"9370","edge_1732_60",5
"9371","edge_1732_77",5
"9372","edge_1782_30",5
"9373","edge_1782_35",5
"9374","edge_1782_5",5
"9375","edge_1801_1",5
"9376","edge_1801_18",5
"9377","edge_1801_19",5
"9378","edge_1801_2",5
"9379","edge_1801_27",5
"9380","edge_1801_30",5
"9381","edge_1803_10",5
"9382","edge_1803_15",5
"9383","edge_1803_23",5
"9384","edge_1803_24",5
"9385","edge_1803_27",5
"9386","edge_1803_32",5
"9387","edge_1803_7",5
"9388","edge_1845_10",5
"9389","edge_1845_14",5
"9390","edge_1845_38",5
"9391","edge_1857_19",5
"9392","edge_1857_28",5
"9393","edge_1857_42",5
"9394","edge_1857_72",5
"9395","edge_1857_73",5
"9396","edge_1857_74",5
"9397","edge_1857_75",5
"9398","edge_1857_79",5
"9399","edge_1862_13",5
"9400","edge_1862_17",5
"9401","edge_1862_2",5
"9402","edge_1862_20",5
"9403","edge_1862_5",5
"9404","edge_1862_6",5
"9405","edge_1862_8",5
"9406","edge_1877_18",5
"9407","edge_1877_20",5
"9408","edge_1877_26",5
"9409","edge_1896_18",5
"9410","edge_1896_20",5
"9411","edge_1896_35",5
"9412","edge_1896_41",5
"9413","edge_1896_44",5
"9414","edge_1896_5",5
"9415","edge_1896_7",5
"9416","edge_1905_2",5
"9417","edge_1905_3",5
"9418","edge_1907_57",5
"9419","edge_1957_38",5
"9420","edge_1957_39",5
"9421","edge_1957_43",5
"9422","edge_1957_44",5
"9423","edge_1979_5",5
"9424","edge_1979_6",5
"9425","edge_1987_6",5
"9426","edge_1989_16",5
"9427","edge_1989_27",5
"9428","edge_1989_47",5
"9429","edge_1989_5",5
"9430","edge_1989_7",5
"9431","edge_1989_8",5
"9432","edge_1990_3",5
"9433","edge_1997_52",5
"9434","edge_1997_55",5
"9435","edge_1997_56",5
"9436","edge_1997_62",5
"9437","edge_2044_1",5
"9438","edge_2044_13",5
"9439","edge_2044_14",5
"9440","edge_2044_16",5
"9441","edge_2044_21",5
"9442","edge_2044_23",5
"9443","edge_2044_3",5
"9444","edge_2044_41",5
"9445","edge_2143_16",5
"9446","edge_2143_19",5
"9447","edge_2143_24",5
"9448","edge_2143_38",5
"9449","edge_2143_40",5
"9450","edge_2143_43",5
"9451","edge_2143_47",5
"9452","edge_2143_49",5
"9453","edge_2143_51",5
"9454","edge_2143_53",5
"9455","edge_2143_54",5
"9456","edge_2143_55",5
"9457","edge_2143_57",5
"9458","edge_2143_6",5
"9459","edge_2143_7",5
"9460","edge_2143_8",5
"9461","edge_2143_9",5
"9462","edge_2194_18",5
"9463","edge_2194_33",5
"9464","edge_2194_35",5
"9465","edge_2261_25",5
"9466","edge_2261_26",5
"9467","edge_2261_28",5
"9468","edge_2291_5",5
"9469","edge_2320_3",5
"9470","edge_2375_2",5
"9471","edge_2375_3",5
"9472","edge_2381_34",5
"9473","edge_2381_35",5
"9474","edge_2381_39",5
"9475","edge_2429_4",5
"9476","edge_2454_15",5
"9477","edge_2454_17",5
"9478","edge_2454_2",5
"9479","edge_2454_3",5
"9480","edge_2454_4",5
"9481","edge_2454_5",5
"9482","edge_2455_2",5
"9483","edge_2455_6",5
"9484","edge_2461_11",5
"9485","edge_2461_26",5
"9486","edge_2483_6",5
"9487","edge_2484_11",5
"9488","edge_2484_18",5
"9489","edge_2484_24",5
"9490","edge_2484_37",5
"9491","edge_2484_6",5
"9492","edge_2484_8",5
"9493","edge_2486_17",5
"9494","edge_2486_21",5
"9495","edge_2486_22",5
"9496","edge_2486_28",5
"9497","edge_2486_3",5
"9498","edge_2486_34",5
"9499","edge_2486_39",5
"9500","edge_2486_8",5
"9501","edge_263_10",5
"9502","edge_263_12",5
"9503","edge_263_2",5
"9504","edge_263_28",5
"9505","edge_263_6",5
"9506","edge_284_24",5
"9507","edge_284_27",5
"9508","edge_2859_1",5
"9509","edge_2859_11",5
"9510","edge_2859_15",5
"9511","edge_2859_16",5
"9512","edge_2859_17",5
"9513","edge_2859_18",5
"9514","edge_2859_19",5
"9515","edge_2859_20",5
"9516","edge_2859_4",5
"9517","edge_2859_8",5
"9518","edge_294_3",5
"9519","edge_295_34",5
"9520","edge_306_1",5
"9521","edge_3176_1",5
"9522","edge_329_9",5
"9523","edge_330_1",5
"9524","edge_330_15",5
"9525","edge_330_18",5
"9526","edge_330_21",5
"9527","edge_330_24",5
"9528","edge_330_3",5
"9529","edge_330_32",5
"9530","edge_330_37",5
"9531","edge_330_40",5
"9532","edge_330_42",5
"9533","edge_330_47",5
"9534","edge_330_49",5
"9535","edge_330_6",5
"9536","edge_330_9",5
"9537","edge_3509_2",5
"9538","edge_3509_3",5
"9539","edge_3513_17",5
"9540","edge_3739_18",5
"9541","edge_48622_10",5
"9542","edge_48622_12",5
"9543","edge_48622_13",5
"9544","edge_48622_4",5
"9545","edge_48622_6",5
"9546","edge_48622_7",5
"9547","edge_48622_9",5
"9548","edge_48728_15",5
"9549","edge_48728_6",5
"9550","edge_48732_1",5
"9551","edge_48732_11",5
"9552","edge_48732_12",5
"9553","edge_48732_16",5
"9554","edge_48732_17",5
"9555","edge_48732_2",5
"9556","edge_48754_1",5
"9557","edge_48754_10",5
"9558","edge_48754_7",5
"9559","edge_48754_9",5
"9560","edge_48771_3",5
"9561","edge_48771_4",5
"9562","edge_48907_7",5
"9563","edge_48908_6",5
"9564","edge_48908_7",5
"9565","edge_49045_8",5
"9566","edge_61_42",5
"9567","edge_61_43",5
"9568","edge_75_18",5
"9569","edge_75_26",5
"9570","edge_75_32",5
"9571","edge_75_34",5
"9572","edge_957_14",5
"9573","edge_957_20",5
"9574","edge_957_45",5
"9575","edge_957_6",5
"9576","edge_957_7",5
"9577","edge_959_11",5
"9578","edge_959_25",5
"9579","edge_959_42",5
"9580","edge_959_65",5
"9581","edge_959_68",5
"9582","edge_959_73",5
"9583","edge_959_78",5
"9584","edge_959_79",5
"9585","edge_965_15",5
"9586","edge_965_16",5
"9587","edge_965_20",5
"9588","edge_965_36",5
"9589","edge_965_8",5
"9590","edge_965_9",5
"9591","edge_967_7",5
"9592","edge_976_5",5
"9593","edge_976_9",5
"9594","virus_comp_10_cycle_1_2",4
"9595","virus_comp_10005_cycle_1_1",4
"9596","virus_comp_1001_cycle_1_1",4
"9597","virus_comp_1001_cycle_1_10",4
"9598","virus_comp_1001_cycle_1_11",4
"9599","virus_comp_1001_cycle_1_12",4
"9600","virus_comp_1001_cycle_1_13",4
"9601","virus_comp_1001_cycle_1_15",4
"9602","virus_comp_1001_cycle_1_16",4
"9603","virus_comp_1001_cycle_1_17",4
"9604","virus_comp_1001_cycle_1_18",4
"9605","virus_comp_1001_cycle_1_2",4
"9606","virus_comp_1001_cycle_1_21",4
"9607","virus_comp_1001_cycle_1_22",4
"9608","virus_comp_1001_cycle_1_23",4
"9609","virus_comp_1001_cycle_1_24",4
"9610","virus_comp_1001_cycle_1_25",4
"9611","virus_comp_1001_cycle_1_26",4
"9612","virus_comp_1001_cycle_1_28",4
"9613","virus_comp_1001_cycle_1_3",4
"9614","virus_comp_1001_cycle_1_30",4
"9615","virus_comp_1001_cycle_1_31",4
"9616","virus_comp_1001_cycle_1_32",4
"9617","virus_comp_1001_cycle_1_33",4
"9618","virus_comp_1001_cycle_1_34",4
"9619","virus_comp_1001_cycle_1_35",4
"9620","virus_comp_1001_cycle_1_36",4
"9621","virus_comp_1001_cycle_1_5",4
"9622","virus_comp_1001_cycle_1_6",4
"9623","virus_comp_1001_cycle_1_7",4
"9624","virus_comp_1001_cycle_1_8",4
"9625","virus_comp_1001_cycle_1_9",4
"9626","virus_comp_1004_cycle_1_1",4
"9627","virus_comp_1005_cycle_1_2",4
"9628","virus_comp_10054_cycle_1_3",4
"9629","virus_comp_1007_cycle_1_11",4
"9630","virus_comp_1007_cycle_1_22",4
"9631","virus_comp_1007_cycle_1_27",4
"9632","virus_comp_1007_cycle_1_31",4
"9633","virus_comp_1007_cycle_1_33",4
"9634","virus_comp_1007_cycle_1_8",4
"9635","virus_comp_1011_cycle_1_12",4
"9636","virus_comp_10118_cycle_1_4",4
"9637","virus_comp_10151_cycle_1_1",4
"9638","virus_comp_10151_cycle_1_5",4
"9639","virus_comp_10164_cycle_1_3",4
"9640","virus_comp_1017_cycle_1_1",4
"9641","virus_comp_1017_cycle_1_2",4
"9642","virus_comp_1017_cycle_1_3",4
"9643","virus_comp_1017_cycle_1_4",4
"9644","virus_comp_1017_cycle_1_7",4
"9645","virus_comp_1017_cycle_3_13",4
"9646","virus_comp_1017_cycle_3_19",4
"9647","virus_comp_1017_cycle_3_3",4
"9648","virus_comp_1017_cycle_3_5",4
"9649","virus_comp_10176_cycle_1_1",4
"9650","virus_comp_1019_cycle_1_3",4
"9651","virus_comp_1019_cycle_1_8",4
"9652","virus_comp_10197_cycle_1_3",4
"9653","virus_comp_1020_cycle_1_2",4
"9654","virus_comp_1020_cycle_1_3",4
"9655","virus_comp_1020_cycle_1_4",4
"9656","virus_comp_1022_cycle_1_7",4
"9657","virus_comp_1022_cycle_1_8",4
"9658","virus_comp_1027_cycle_1_27",4
"9659","virus_comp_1029_cycle_1_2",4
"9660","virus_comp_1030_cycle_1_11",4
"9661","virus_comp_1030_cycle_1_3",4
"9662","virus_comp_1035_cycle_1_2",4
"9663","virus_comp_1036_cycle_1_2",4
"9664","virus_comp_1038_cycle_1_1",4
"9665","virus_comp_1041_cycle_1_10",4
"9666","virus_comp_1041_cycle_1_13",4
"9667","virus_comp_1041_cycle_1_25",4
"9668","virus_comp_1041_cycle_1_27",4
"9669","virus_comp_1041_cycle_1_30",4
"9670","virus_comp_1041_cycle_1_32",4
"9671","virus_comp_1041_cycle_1_33",4
"9672","virus_comp_1041_cycle_1_35",4
"9673","virus_comp_1041_cycle_1_9",4
"9674","virus_comp_1045_cycle_1_3",4
"9675","virus_comp_10481_cycle_1_2",4
"9676","virus_comp_10495_cycle_1_2",4
"9677","virus_comp_10503_cycle_1_2",4
"9678","virus_comp_10513_cycle_1_2",4
"9679","virus_comp_10513_cycle_1_3",4
"9680","virus_comp_1053_cycle_1_1",4
"9681","virus_comp_10536_cycle_1_1",4
"9682","virus_comp_1054_cycle_1_11",4
"9683","virus_comp_1054_cycle_1_12",4
"9684","virus_comp_1054_cycle_1_16",4
"9685","virus_comp_1054_cycle_1_8",4
"9686","virus_comp_1055_cycle_1_1",4
"9687","virus_comp_10550_cycle_1_1",4
"9688","virus_comp_10550_cycle_1_2",4
"9689","virus_comp_1056_cycle_1_2",4
"9690","virus_comp_1058_cycle_1_16",4
"9691","virus_comp_1058_cycle_1_17",4
"9692","virus_comp_1058_cycle_1_18",4
"9693","virus_comp_1058_cycle_1_26",4
"9694","virus_comp_1058_cycle_1_27",4
"9695","virus_comp_1058_cycle_1_28",4
"9696","virus_comp_1058_cycle_1_29",4
"9697","virus_comp_1058_cycle_1_8",4
"9698","virus_comp_10592_cycle_1_3",4
"9699","virus_comp_1061_cycle_1_10",4
"9700","virus_comp_1061_cycle_1_12",4
"9701","virus_comp_1061_cycle_1_13",4
"9702","virus_comp_1061_cycle_1_16",4
"9703","virus_comp_1061_cycle_1_17",4
"9704","virus_comp_1061_cycle_1_2",4
"9705","virus_comp_1061_cycle_1_22",4
"9706","virus_comp_1061_cycle_1_23",4
"9707","virus_comp_1061_cycle_1_24",4
"9708","virus_comp_1061_cycle_1_25",4
"9709","virus_comp_1061_cycle_1_3",4
"9710","virus_comp_1061_cycle_1_4",4
"9711","virus_comp_1061_cycle_1_7",4
"9712","virus_comp_1061_cycle_1_8",4
"9713","virus_comp_1061_cycle_1_9",4
"9714","virus_comp_1063_cycle_1_1",4
"9715","virus_comp_1063_cycle_1_2",4
"9716","virus_comp_1063_cycle_1_3",4
"9717","virus_comp_1063_cycle_1_4",4
"9718","virus_comp_1065_cycle_1_2",4
"9719","virus_comp_1065_cycle_1_5",4
"9720","virus_comp_10706_cycle_1_1",4
"9721","virus_comp_10706_cycle_1_2",4
"9722","virus_comp_10706_cycle_1_3",4
"9723","virus_comp_10706_cycle_1_4",4
"9724","virus_comp_1071_cycle_1_14",4
"9725","virus_comp_1071_cycle_1_16",4
"9726","virus_comp_10711_cycle_1_4",4
"9727","virus_comp_1073_cycle_1_12",4
"9728","virus_comp_1073_cycle_1_14",4
"9729","virus_comp_10732_cycle_1_2",4
"9730","virus_comp_10732_cycle_1_4",4
"9731","virus_comp_1075_cycle_1_19",4
"9732","virus_comp_1075_cycle_1_25",4
"9733","virus_comp_10775_cycle_1_2",4
"9734","virus_comp_1078_cycle_1_25",4
"9735","virus_comp_1078_cycle_1_28",4
"9736","virus_comp_1081_cycle_1_14",4
"9737","virus_comp_1081_cycle_1_6",4
"9738","virus_comp_10842_cycle_1_1",4
"9739","virus_comp_1086_cycle_1_14",4
"9740","virus_comp_1086_cycle_1_19",4
"9741","virus_comp_10873_cycle_1_2",4
"9742","virus_comp_10888_cycle_1_3",4
"9743","virus_comp_10888_cycle_1_4",4
"9744","virus_comp_1093_cycle_1_11",4
"9745","virus_comp_1093_cycle_1_17",4
"9746","virus_comp_1093_cycle_1_18",4
"9747","virus_comp_1093_cycle_1_19",4
"9748","virus_comp_1093_cycle_1_20",4
"9749","virus_comp_1093_cycle_1_21",4
"9750","virus_comp_1093_cycle_1_3",4
"9751","virus_comp_1093_cycle_1_6",4
"9752","virus_comp_1093_cycle_1_7",4
"9753","virus_comp_1093_cycle_1_8",4
"9754","virus_comp_1093_cycle_1_9",4
"9755","virus_comp_1094_cycle_1_1",4
"9756","virus_comp_10956_cycle_1_1",4
"9757","virus_comp_10958_cycle_1_3",4
"9758","virus_comp_1097_cycle_1_10",4
"9759","virus_comp_1098_cycle_1_10",4
"9760","virus_comp_1098_cycle_1_11",4
"9761","virus_comp_1098_cycle_1_12",4
"9762","virus_comp_1098_cycle_1_13",4
"9763","virus_comp_1098_cycle_1_14",4
"9764","virus_comp_1098_cycle_1_15",4
"9765","virus_comp_1098_cycle_1_17",4
"9766","virus_comp_1098_cycle_1_2",4
"9767","virus_comp_1098_cycle_1_27",4
"9768","virus_comp_1099_cycle_1_1",4
"9769","virus_comp_11007_cycle_1_3",4
"9770","virus_comp_1102_cycle_1_10",4
"9771","virus_comp_11046_cycle_1_2",4
"9772","virus_comp_1109_cycle_1_28",4
"9773","virus_comp_1109_cycle_1_8",4
"9774","virus_comp_1115_cycle_1_12",4
"9775","virus_comp_1115_cycle_1_13",4
"9776","virus_comp_1115_cycle_1_17",4
"9777","virus_comp_1115_cycle_1_2",4
"9778","virus_comp_1115_cycle_1_20",4
"9779","virus_comp_1115_cycle_1_6",4
"9780","virus_comp_11158_cycle_1_1",4
"9781","virus_comp_11168_cycle_1_2",4
"9782","virus_comp_1121_cycle_1_13",4
"9783","virus_comp_1121_cycle_1_7",4
"9784","virus_comp_1121_cycle_1_8",4
"9785","virus_comp_1121_cycle_1_9",4
"9786","virus_comp_1121_cycle_2_10",4
"9787","virus_comp_1121_cycle_2_11",4
"9788","virus_comp_1124_cycle_1_2",4
"9789","virus_comp_1125_cycle_1_11",4
"9790","virus_comp_1125_cycle_1_12",4
"9791","virus_comp_1125_cycle_1_4",4
"9792","virus_comp_1125_cycle_1_6",4
"9793","virus_comp_1125_cycle_1_8",4
"9794","virus_comp_11357_cycle_1_1",4
"9795","virus_comp_1139_cycle_1_10",4
"9796","virus_comp_1139_cycle_1_5",4
"9797","virus_comp_1140_cycle_1_6",4
"9798","virus_comp_1141_cycle_1_7",4
"9799","virus_comp_1142_cycle_1_4",4
"9800","virus_comp_1143_cycle_1_4",4
"9801","virus_comp_11434_cycle_1_2",4
"9802","virus_comp_11447_cycle_1_2",4
"9803","virus_comp_1145_cycle_1_6",4
"9804","virus_comp_11451_cycle_1_2",4
"9805","virus_comp_1147_cycle_1_4",4
"9806","virus_comp_11485_cycle_1_3",4
"9807","virus_comp_1149_cycle_1_15",4
"9808","virus_comp_11501_cycle_1_3",4
"9809","virus_comp_1152_cycle_1_11",4
"9810","virus_comp_1152_cycle_1_2",4
"9811","virus_comp_11538_cycle_1_1",4
"9812","virus_comp_1158_cycle_2_4",4
"9813","virus_comp_1159_cycle_1_5",4
"9814","virus_comp_11606_cycle_1_2",4
"9815","virus_comp_1162_cycle_1_12",4
"9816","virus_comp_11677_cycle_1_3",4
"9817","virus_comp_1173_cycle_1_10",4
"9818","virus_comp_1173_cycle_1_12",4
"9819","virus_comp_1173_cycle_1_19",4
"9820","virus_comp_1173_cycle_1_20",4
"9821","virus_comp_1173_cycle_1_24",4
"9822","virus_comp_11758_cycle_1_2",4
"9823","virus_comp_11758_cycle_1_5",4
"9824","virus_comp_1179_cycle_1_12",4
"9825","virus_comp_11848_cycle_1_1",4
"9826","virus_comp_11877_cycle_1_1",4
"9827","virus_comp_11899_cycle_1_4",4
"9828","virus_comp_119_cycle_1_73",4
"9829","virus_comp_119_cycle_1_74",4
"9830","virus_comp_1191_cycle_1_13",4
"9831","virus_comp_1191_cycle_1_14",4
"9832","virus_comp_1191_cycle_1_6",4
"9833","virus_comp_1191_cycle_1_7",4
"9834","virus_comp_1193_cycle_1_10",4
"9835","virus_comp_1193_cycle_1_11",4
"9836","virus_comp_1193_cycle_1_12",4
"9837","virus_comp_1193_cycle_1_13",4
"9838","virus_comp_1193_cycle_1_14",4
"9839","virus_comp_1193_cycle_1_15",4
"9840","virus_comp_1193_cycle_1_3",4
"9841","virus_comp_1193_cycle_1_4",4
"9842","virus_comp_1196_cycle_1_2",4
"9843","virus_comp_1196_cycle_1_7",4
"9844","virus_comp_1201_cycle_1_1",4
"9845","virus_comp_1201_cycle_1_10",4
"9846","virus_comp_1201_cycle_1_16",4
"9847","virus_comp_1201_cycle_1_17",4
"9848","virus_comp_1201_cycle_1_2",4
"9849","virus_comp_1201_cycle_1_3",4
"9850","virus_comp_1201_cycle_1_8",4
"9851","virus_comp_1201_cycle_1_9",4
"9852","virus_comp_12018_cycle_1_1",4
"9853","virus_comp_12102_cycle_1_2",4
"9854","virus_comp_1214_cycle_1_6",4
"9855","virus_comp_1214_cycle_1_8",4
"9856","virus_comp_1217_cycle_1_7",4
"9857","virus_comp_1223_cycle_1_15",4
"9858","virus_comp_12244_cycle_1_1",4
"9859","virus_comp_12244_cycle_1_2",4
"9860","virus_comp_12257_cycle_1_3",4
"9861","virus_comp_1228_cycle_1_1",4
"9862","virus_comp_1229_cycle_1_2",4
"9863","virus_comp_12292_cycle_1_1",4
"9864","virus_comp_12292_cycle_1_2",4
"9865","virus_comp_1231_cycle_1_12",4
"9866","virus_comp_1231_cycle_1_2",4
"9867","virus_comp_1231_cycle_1_3",4
"9868","virus_comp_1231_cycle_1_4",4
"9869","virus_comp_1231_cycle_1_5",4
"9870","virus_comp_1231_cycle_1_6",4
"9871","virus_comp_1231_cycle_1_7",4
"9872","virus_comp_12356_cycle_1_1",4
"9873","virus_comp_12390_cycle_1_1",4
"9874","virus_comp_1240_cycle_1_1",4
"9875","virus_comp_1242_cycle_1_18",4
"9876","virus_comp_1249_cycle_1_16",4
"9877","virus_comp_1249_cycle_1_19",4
"9878","virus_comp_1249_cycle_1_6",4
"9879","virus_comp_12492_cycle_1_1",4
"9880","virus_comp_1251_cycle_1_1",4
"9881","virus_comp_1251_cycle_1_3",4
"9882","virus_comp_1253_cycle_1_4",4
"9883","virus_comp_1256_cycle_1_3",4
"9884","virus_comp_1256_cycle_1_4",4
"9885","virus_comp_12573_cycle_1_1",4
"9886","virus_comp_1259_cycle_1_3",4
"9887","virus_comp_126_cycle_1_10",4
"9888","virus_comp_126_cycle_1_108",4
"9889","virus_comp_126_cycle_1_110",4
"9890","virus_comp_126_cycle_1_111",4
"9891","virus_comp_126_cycle_1_116",4
"9892","virus_comp_126_cycle_1_119",4
"9893","virus_comp_126_cycle_1_122",4
"9894","virus_comp_126_cycle_1_123",4
"9895","virus_comp_126_cycle_1_126",4
"9896","virus_comp_126_cycle_1_131",4
"9897","virus_comp_126_cycle_1_139",4
"9898","virus_comp_126_cycle_1_140",4
"9899","virus_comp_126_cycle_1_141",4
"9900","virus_comp_126_cycle_1_142",4
"9901","virus_comp_126_cycle_1_144",4
"9902","virus_comp_126_cycle_1_145",4
"9903","virus_comp_126_cycle_1_146",4
"9904","virus_comp_126_cycle_1_148",4
"9905","virus_comp_126_cycle_1_151",4
"9906","virus_comp_126_cycle_1_155",4
"9907","virus_comp_126_cycle_1_158",4
"9908","virus_comp_126_cycle_1_159",4
"9909","virus_comp_126_cycle_1_161",4
"9910","virus_comp_126_cycle_1_164",4
"9911","virus_comp_126_cycle_1_173",4
"9912","virus_comp_126_cycle_1_176",4
"9913","virus_comp_126_cycle_1_178",4
"9914","virus_comp_126_cycle_1_180",4
"9915","virus_comp_126_cycle_1_183",4
"9916","virus_comp_126_cycle_1_186",4
"9917","virus_comp_126_cycle_1_188",4
"9918","virus_comp_126_cycle_1_198",4
"9919","virus_comp_126_cycle_1_2",4
"9920","virus_comp_126_cycle_1_216",4
"9921","virus_comp_126_cycle_1_220",4
"9922","virus_comp_126_cycle_1_34",4
"9923","virus_comp_126_cycle_1_4",4
"9924","virus_comp_126_cycle_1_42",4
"9925","virus_comp_126_cycle_1_5",4
"9926","virus_comp_126_cycle_1_55",4
"9927","virus_comp_126_cycle_1_62",4
"9928","virus_comp_126_cycle_1_78",4
"9929","virus_comp_126_cycle_1_79",4
"9930","virus_comp_126_cycle_1_81",4
"9931","virus_comp_126_cycle_1_93",4
"9932","virus_comp_1261_cycle_1_1",4
"9933","virus_comp_1262_cycle_1_1",4
"9934","virus_comp_1265_cycle_1_10",4
"9935","virus_comp_1265_cycle_1_11",4
"9936","virus_comp_1265_cycle_1_14",4
"9937","virus_comp_1265_cycle_1_17",4
"9938","virus_comp_1265_cycle_1_18",4
"9939","virus_comp_1265_cycle_1_20",4
"9940","virus_comp_1265_cycle_1_21",4
"9941","virus_comp_1265_cycle_1_24",4
"9942","virus_comp_1265_cycle_1_26",4
"9943","virus_comp_1265_cycle_1_3",4
"9944","virus_comp_1265_cycle_1_8",4
"9945","virus_comp_1265_cycle_1_9",4
"9946","virus_comp_12699_cycle_1_1",4
"9947","virus_comp_12706_cycle_1_1",4
"9948","virus_comp_1271_cycle_1_13",4
"9949","virus_comp_1271_cycle_1_14",4
"9950","virus_comp_1271_cycle_1_15",4
"9951","virus_comp_1271_cycle_1_17",4
"9952","virus_comp_1271_cycle_1_8",4
"9953","virus_comp_12715_cycle_1_2",4
"9954","virus_comp_1272_cycle_1_17",4
"9955","virus_comp_1272_cycle_1_18",4
"9956","virus_comp_1272_cycle_1_3",4
"9957","virus_comp_1272_cycle_1_5",4
"9958","virus_comp_1272_cycle_1_9",4
"9959","virus_comp_1276_cycle_1_1",4
"9960","virus_comp_12768_cycle_1_1",4
"9961","virus_comp_1278_cycle_1_1",4
"9962","virus_comp_1278_cycle_1_14",4
"9963","virus_comp_1278_cycle_1_2",4
"9964","virus_comp_1282_cycle_1_1",4
"9965","virus_comp_1282_cycle_1_11",4
"9966","virus_comp_1282_cycle_1_12",4
"9967","virus_comp_1282_cycle_1_13",4
"9968","virus_comp_1282_cycle_1_14",4
"9969","virus_comp_1282_cycle_1_2",4
"9970","virus_comp_1282_cycle_1_3",4
"9971","virus_comp_1282_cycle_1_5",4
"9972","virus_comp_1282_cycle_1_7",4
"9973","virus_comp_1282_cycle_1_8",4
"9974","virus_comp_12841_cycle_1_1",4
"9975","virus_comp_1285_cycle_1_2",4
"9976","virus_comp_1285_cycle_1_24",4
"9977","virus_comp_1285_cycle_1_3",4
"9978","virus_comp_1286_cycle_1_11",4
"9979","virus_comp_1286_cycle_1_17",4
"9980","virus_comp_1286_cycle_1_3",4
"9981","virus_comp_1286_cycle_1_8",4
"9982","virus_comp_129_cycle_1_8",4
"9983","virus_comp_1296_cycle_1_6",4
"9984","virus_comp_1297_cycle_1_1",4
"9985","virus_comp_1297_cycle_1_5",4
"9986","virus_comp_1297_cycle_1_6",4
"9987","virus_comp_1298_cycle_1_5",4
"9988","virus_comp_13_cycle_1_3",4
"9989","virus_comp_1302_cycle_1_2",4
"9990","virus_comp_1302_cycle_1_6",4
"9991","virus_comp_1302_cycle_1_7",4
"9992","virus_comp_1307_cycle_1_7",4
"9993","virus_comp_1311_cycle_1_10",4
"9994","virus_comp_1311_cycle_1_11",4
"9995","virus_comp_1311_cycle_1_12",4
"9996","virus_comp_1311_cycle_1_13",4
"9997","virus_comp_1311_cycle_1_15",4
"9998","virus_comp_1311_cycle_1_5",4
"9999","virus_comp_1311_cycle_1_7",4
"10000","virus_comp_1311_cycle_1_8",4
"10001","virus_comp_1313_cycle_1_13",4
"10002","virus_comp_1313_cycle_1_18",4
"10003","virus_comp_1313_cycle_1_19",4
"10004","virus_comp_1313_cycle_1_2",4
"10005","virus_comp_1313_cycle_1_5",4
"10006","virus_comp_1314_cycle_1_21",4
"10007","virus_comp_1317_cycle_1_11",4
"10008","virus_comp_1317_cycle_1_13",4
"10009","virus_comp_1317_cycle_1_15",4
"10010","virus_comp_1317_cycle_1_3",4
"10011","virus_comp_1317_cycle_1_5",4
"10012","virus_comp_13210_cycle_1_2",4
"10013","virus_comp_1324_cycle_1_1",4
"10014","virus_comp_1325_cycle_1_11",4
"10015","virus_comp_1325_cycle_1_7",4
"10016","virus_comp_1326_cycle_1_4",4
"10017","virus_comp_1326_cycle_1_5",4
"10018","virus_comp_1326_cycle_1_6",4
"10019","virus_comp_1326_cycle_1_7",4
"10020","virus_comp_1327_cycle_1_2",4
"10021","virus_comp_1327_cycle_1_3",4
"10022","virus_comp_1327_cycle_1_4",4
"10023","virus_comp_1329_cycle_1_5",4
"10024","virus_comp_13306_cycle_1_2",4
"10025","virus_comp_13374_cycle_1_1",4
"10026","virus_comp_1338_cycle_1_5",4
"10027","virus_comp_1338_cycle_1_6",4
"10028","virus_comp_13404_cycle_1_3",4
"10029","virus_comp_13460_cycle_1_1",4
"10030","virus_comp_1350_cycle_1_2",4
"10031","virus_comp_1350_cycle_1_3",4
"10032","virus_comp_13528_cycle_1_1",4
"10033","virus_comp_13574_cycle_1_1",4
"10034","virus_comp_13587_cycle_1_3",4
"10035","virus_comp_1359_cycle_1_14",4
"10036","virus_comp_1359_cycle_1_19",4
"10037","virus_comp_13616_cycle_1_2",4
"10038","virus_comp_1364_cycle_1_2",4
"10039","virus_comp_1364_cycle_1_3",4
"10040","virus_comp_1366_cycle_1_10",4
"10041","virus_comp_1366_cycle_1_12",4
"10042","virus_comp_1366_cycle_1_13",4
"10043","virus_comp_1366_cycle_1_14",4
"10044","virus_comp_1366_cycle_1_15",4
"10045","virus_comp_1366_cycle_1_7",4
"10046","virus_comp_1366_cycle_1_9",4
"10047","virus_comp_1368_cycle_1_3",4
"10048","virus_comp_1369_cycle_1_13",4
"10049","virus_comp_1371_cycle_1_1",4
"10050","virus_comp_1377_cycle_1_1",4
"10051","virus_comp_1377_cycle_1_2",4
"10052","virus_comp_1377_cycle_1_3",4
"10053","virus_comp_1377_cycle_1_4",4
"10054","virus_comp_13800_cycle_1_1",4
"10055","virus_comp_13800_cycle_1_2",4
"10056","virus_comp_13800_cycle_1_3",4
"10057","virus_comp_13800_cycle_1_4",4
"10058","virus_comp_13829_cycle_1_3",4
"10059","virus_comp_1390_cycle_1_13",4
"10060","virus_comp_1390_cycle_1_18",4
"10061","virus_comp_1390_cycle_1_6",4
"10062","virus_comp_1400_cycle_1_24",4
"10063","virus_comp_1403_cycle_1_11",4
"10064","virus_comp_1403_cycle_1_5",4
"10065","virus_comp_1405_cycle_1_11",4
"10066","virus_comp_1405_cycle_1_12",4
"10067","virus_comp_1405_cycle_1_2",4
"10068","virus_comp_14137_cycle_1_4",4
"10069","virus_comp_1416_cycle_1_2",4
"10070","virus_comp_14164_cycle_1_2",4
"10071","virus_comp_1420_cycle_1_12",4
"10072","virus_comp_1420_cycle_1_2",4
"10073","virus_comp_1420_cycle_1_9",4
"10074","virus_comp_1423_cycle_1_6",4
"10075","virus_comp_14232_cycle_1_2",4
"10076","virus_comp_1426_cycle_1_12",4
"10077","virus_comp_1430_cycle_1_23",4
"10078","virus_comp_1430_cycle_1_25",4
"10079","virus_comp_1430_cycle_1_26",4
"10080","virus_comp_1430_cycle_1_4",4
"10081","virus_comp_1430_cycle_1_7",4
"10082","virus_comp_1430_cycle_1_8",4
"10083","virus_comp_1436_cycle_1_13",4
"10084","virus_comp_14393_cycle_1_3",4
"10085","virus_comp_14461_cycle_1_1",4
"10086","virus_comp_14475_cycle_1_1",4
"10087","virus_comp_1448_cycle_1_11",4
"10088","virus_comp_1448_cycle_1_12",4
"10089","virus_comp_1448_cycle_1_15",4
"10090","virus_comp_1448_cycle_1_16",4
"10091","virus_comp_1448_cycle_1_3",4
"10092","virus_comp_1448_cycle_1_9",4
"10093","virus_comp_1455_cycle_1_20",4
"10094","virus_comp_1455_cycle_1_22",4
"10095","virus_comp_1455_cycle_1_25",4
"10096","virus_comp_1455_cycle_1_26",4
"10097","virus_comp_1455_cycle_1_27",4
"10098","virus_comp_1455_cycle_1_3",4
"10099","virus_comp_1455_cycle_1_5",4
"10100","virus_comp_1458_cycle_1_2",4
"10101","virus_comp_14592_cycle_1_1",4
"10102","virus_comp_1465_cycle_1_15",4
"10103","virus_comp_1465_cycle_1_6",4
"10104","virus_comp_1465_cycle_1_7",4
"10105","virus_comp_1465_cycle_1_8",4
"10106","virus_comp_1469_cycle_1_6",4
"10107","virus_comp_1470_cycle_1_1",4
"10108","virus_comp_1470_cycle_1_13",4
"10109","virus_comp_1470_cycle_1_17",4
"10110","virus_comp_1473_cycle_1_2",4
"10111","virus_comp_1473_cycle_1_5",4
"10112","virus_comp_1473_cycle_1_7",4
"10113","virus_comp_148_cycle_1_4",4
"10114","virus_comp_148_cycle_1_5",4
"10115","virus_comp_1480_cycle_1_15",4
"10116","virus_comp_1480_cycle_1_16",4
"10117","virus_comp_1480_cycle_1_17",4
"10118","virus_comp_1480_cycle_1_19",4
"10119","virus_comp_1480_cycle_1_20",4
"10120","virus_comp_1480_cycle_1_29",4
"10121","virus_comp_1480_cycle_1_3",4
"10122","virus_comp_1480_cycle_1_30",4
"10123","virus_comp_1480_cycle_1_38",4
"10124","virus_comp_1480_cycle_1_4",4
"10125","virus_comp_1480_cycle_1_48",4
"10126","virus_comp_1480_cycle_1_49",4
"10127","virus_comp_1480_cycle_1_6",4
"10128","virus_comp_1485_cycle_1_1",4
"10129","virus_comp_1485_cycle_1_9",4
"10130","virus_comp_14850_cycle_1_2",4
"10131","virus_comp_14891_cycle_1_1",4
"10132","virus_comp_149_cycle_1_11",4
"10133","virus_comp_149_cycle_1_3",4
"10134","virus_comp_149_cycle_1_4",4
"10135","virus_comp_149_cycle_1_7",4
"10136","virus_comp_149_cycle_1_8",4
"10137","virus_comp_1492_cycle_1_8",4
"10138","virus_comp_1493_cycle_1_13",4
"10139","virus_comp_1493_cycle_1_14",4
"10140","virus_comp_1493_cycle_1_15",4
"10141","virus_comp_1493_cycle_1_2",4
"10142","virus_comp_1493_cycle_1_7",4
"10143","virus_comp_14954_cycle_1_1",4
"10144","virus_comp_14954_cycle_1_2",4
"10145","virus_comp_14970_cycle_1_2",4
"10146","virus_comp_150_cycle_1_1",4
"10147","virus_comp_150_cycle_1_106",4
"10148","virus_comp_150_cycle_1_112",4
"10149","virus_comp_150_cycle_1_12",4
"10150","virus_comp_150_cycle_1_121",4
"10151","virus_comp_150_cycle_1_126",4
"10152","virus_comp_150_cycle_1_127",4
"10153","virus_comp_150_cycle_1_128",4
"10154","virus_comp_150_cycle_1_129",4
"10155","virus_comp_150_cycle_1_134",4
"10156","virus_comp_150_cycle_1_135",4
"10157","virus_comp_150_cycle_1_139",4
"10158","virus_comp_150_cycle_1_140",4
"10159","virus_comp_150_cycle_1_141",4
"10160","virus_comp_150_cycle_1_142",4
"10161","virus_comp_150_cycle_1_159",4
"10162","virus_comp_150_cycle_1_160",4
"10163","virus_comp_150_cycle_1_164",4
"10164","virus_comp_150_cycle_1_167",4
"10165","virus_comp_150_cycle_1_170",4
"10166","virus_comp_150_cycle_1_173",4
"10167","virus_comp_150_cycle_1_175",4
"10168","virus_comp_150_cycle_1_179",4
"10169","virus_comp_150_cycle_1_182",4
"10170","virus_comp_150_cycle_1_194",4
"10171","virus_comp_150_cycle_1_195",4
"10172","virus_comp_150_cycle_1_200",4
"10173","virus_comp_150_cycle_1_209",4
"10174","virus_comp_150_cycle_1_212",4
"10175","virus_comp_150_cycle_1_213",4
"10176","virus_comp_150_cycle_1_214",4
"10177","virus_comp_150_cycle_1_215",4
"10178","virus_comp_150_cycle_1_216",4
"10179","virus_comp_150_cycle_1_23",4
"10180","virus_comp_150_cycle_1_28",4
"10181","virus_comp_150_cycle_1_3",4
"10182","virus_comp_150_cycle_1_5",4
"10183","virus_comp_150_cycle_1_55",4
"10184","virus_comp_150_cycle_1_56",4
"10185","virus_comp_150_cycle_1_57",4
"10186","virus_comp_150_cycle_1_59",4
"10187","virus_comp_150_cycle_1_66",4
"10188","virus_comp_150_cycle_1_68",4
"10189","virus_comp_150_cycle_1_8",4
"10190","virus_comp_150_cycle_1_85",4
"10191","virus_comp_150_cycle_1_86",4
"10192","virus_comp_150_cycle_1_91",4
"10193","virus_comp_150_cycle_1_95",4
"10194","virus_comp_150_cycle_1_96",4
"10195","virus_comp_1504_cycle_1_2",4
"10196","virus_comp_1505_cycle_1_1",4
"10197","virus_comp_15066_cycle_1_2",4
"10198","virus_comp_1513_cycle_1_4",4
"10199","virus_comp_1517_cycle_1_1",4
"10200","virus_comp_1517_cycle_1_20",4
"10201","virus_comp_1517_cycle_1_26",4
"10202","virus_comp_1518_cycle_1_18",4
"10203","virus_comp_1518_cycle_1_3",4
"10204","virus_comp_1518_cycle_1_7",4
"10205","virus_comp_15205_cycle_1_3",4
"10206","virus_comp_15215_cycle_1_1",4
"10207","virus_comp_15218_cycle_1_2",4
"10208","virus_comp_1523_cycle_1_11",4
"10209","virus_comp_1523_cycle_1_7",4
"10210","virus_comp_1533_cycle_1_2",4
"10211","virus_comp_1541_cycle_1_3",4
"10212","virus_comp_1544_cycle_1_10",4
"10213","virus_comp_1544_cycle_1_12",4
"10214","virus_comp_15443_cycle_1_1",4
"10215","virus_comp_155_cycle_1_108",4
"10216","virus_comp_155_cycle_1_117",4
"10217","virus_comp_155_cycle_1_122",4
"10218","virus_comp_155_cycle_1_123",4
"10219","virus_comp_155_cycle_1_127",4
"10220","virus_comp_155_cycle_1_129",4
"10221","virus_comp_155_cycle_1_130",4
"10222","virus_comp_155_cycle_1_143",4
"10223","virus_comp_155_cycle_1_144",4
"10224","virus_comp_155_cycle_1_145",4
"10225","virus_comp_155_cycle_1_146",4
"10226","virus_comp_155_cycle_1_147",4
"10227","virus_comp_155_cycle_1_148",4
"10228","virus_comp_155_cycle_1_149",4
"10229","virus_comp_155_cycle_1_150",4
"10230","virus_comp_155_cycle_1_160",4
"10231","virus_comp_155_cycle_1_161",4
"10232","virus_comp_155_cycle_1_166",4
"10233","virus_comp_155_cycle_1_180",4
"10234","virus_comp_155_cycle_1_181",4
"10235","virus_comp_155_cycle_1_183",4
"10236","virus_comp_155_cycle_1_184",4
"10237","virus_comp_155_cycle_1_187",4
"10238","virus_comp_155_cycle_1_40",4
"10239","virus_comp_155_cycle_1_46",4
"10240","virus_comp_155_cycle_1_55",4
"10241","virus_comp_155_cycle_1_56",4
"10242","virus_comp_155_cycle_1_74",4
"10243","virus_comp_155_cycle_1_80",4
"10244","virus_comp_155_cycle_1_85",4
"10245","virus_comp_155_cycle_1_86",4
"10246","virus_comp_155_cycle_1_87",4
"10247","virus_comp_155_cycle_1_88",4
"10248","virus_comp_155_cycle_1_91",4
"10249","virus_comp_155_cycle_1_94",4
"10250","virus_comp_155_cycle_1_95",4
"10251","virus_comp_155_cycle_1_96",4
"10252","virus_comp_155_cycle_2_106",4
"10253","virus_comp_155_cycle_2_15",4
"10254","virus_comp_155_cycle_2_61",4
"10255","virus_comp_155_cycle_2_92",4
"10256","virus_comp_15564_cycle_1_2",4
"10257","virus_comp_15574_cycle_1_1",4
"10258","virus_comp_1559_cycle_1_1",4
"10259","virus_comp_1559_cycle_1_9",4
"10260","virus_comp_1560_cycle_1_3",4
"10261","virus_comp_1560_cycle_1_8",4
"10262","virus_comp_1565_cycle_1_1",4
"10263","virus_comp_1565_cycle_1_10",4
"10264","virus_comp_1565_cycle_1_11",4
"10265","virus_comp_1565_cycle_1_12",4
"10266","virus_comp_1565_cycle_1_2",4
"10267","virus_comp_1565_cycle_1_3",4
"10268","virus_comp_1565_cycle_1_4",4
"10269","virus_comp_1565_cycle_1_5",4
"10270","virus_comp_1565_cycle_1_6",4
"10271","virus_comp_1565_cycle_1_7",4
"10272","virus_comp_1565_cycle_1_8",4
"10273","virus_comp_1565_cycle_1_9",4
"10274","virus_comp_15679_cycle_1_4",4
"10275","virus_comp_1570_cycle_1_2",4
"10276","virus_comp_1570_cycle_1_3",4
"10277","virus_comp_1570_cycle_1_6",4
"10278","virus_comp_1570_cycle_1_7",4
"10279","virus_comp_15711_cycle_1_2",4
"10280","virus_comp_15711_cycle_1_3",4
"10281","virus_comp_1573_cycle_1_1",4
"10282","virus_comp_1573_cycle_1_10",4
"10283","virus_comp_1573_cycle_1_11",4
"10284","virus_comp_1573_cycle_1_12",4
"10285","virus_comp_1573_cycle_1_13",4
"10286","virus_comp_1573_cycle_1_14",4
"10287","virus_comp_1573_cycle_1_15",4
"10288","virus_comp_1573_cycle_1_16",4
"10289","virus_comp_1573_cycle_1_17",4
"10290","virus_comp_1573_cycle_1_18",4
"10291","virus_comp_1573_cycle_1_2",4
"10292","virus_comp_1573_cycle_1_20",4
"10293","virus_comp_1573_cycle_1_21",4
"10294","virus_comp_1573_cycle_1_22",4
"10295","virus_comp_1573_cycle_1_3",4
"10296","virus_comp_1573_cycle_1_4",4
"10297","virus_comp_1573_cycle_1_7",4
"10298","virus_comp_1573_cycle_1_8",4
"10299","virus_comp_1573_cycle_1_9",4
"10300","virus_comp_1575_cycle_1_6",4
"10301","virus_comp_15755_cycle_1_3",4
"10302","virus_comp_15758_cycle_1_2",4
"10303","virus_comp_15758_cycle_1_3",4
"10304","virus_comp_1581_cycle_1_2",4
"10305","virus_comp_15810_cycle_1_1",4
"10306","virus_comp_1583_cycle_1_10",4
"10307","virus_comp_1583_cycle_1_11",4
"10308","virus_comp_1583_cycle_1_12",4
"10309","virus_comp_1583_cycle_1_16",4
"10310","virus_comp_1583_cycle_1_17",4
"10311","virus_comp_1583_cycle_1_18",4
"10312","virus_comp_1583_cycle_1_6",4
"10313","virus_comp_1583_cycle_1_7",4
"10314","virus_comp_1583_cycle_1_8",4
"10315","virus_comp_1584_cycle_1_1",4
"10316","virus_comp_1589_cycle_1_3",4
"10317","virus_comp_1589_cycle_1_7",4
"10318","virus_comp_1589_cycle_1_8",4
"10319","virus_comp_1592_cycle_1_12",4
"10320","virus_comp_1592_cycle_1_17",4
"10321","virus_comp_1592_cycle_1_18",4
"10322","virus_comp_1592_cycle_1_2",4
"10323","virus_comp_1593_cycle_1_5",4
"10324","virus_comp_1597_cycle_1_3",4
"10325","virus_comp_15983_cycle_1_2",4
"10326","virus_comp_1600_cycle_1_12",4
"10327","virus_comp_1600_cycle_1_5",4
"10328","virus_comp_1601_cycle_1_9",4
"10329","virus_comp_16028_cycle_1_2",4
"10330","virus_comp_16028_cycle_1_3",4
"10331","virus_comp_1611_cycle_1_17",4
"10332","virus_comp_1611_cycle_1_24",4
"10333","virus_comp_1611_cycle_1_9",4
"10334","virus_comp_1616_cycle_1_2",4
"10335","virus_comp_16164_cycle_1_3",4
"10336","virus_comp_16195_cycle_1_1",4
"10337","virus_comp_16204_cycle_1_1",4
"10338","virus_comp_16204_cycle_1_4",4
"10339","virus_comp_16214_cycle_1_2",4
"10340","virus_comp_1622_cycle_1_13",4
"10341","virus_comp_1625_cycle_1_3",4
"10342","virus_comp_1625_cycle_1_9",4
"10343","virus_comp_16274_cycle_1_3",4
"10344","virus_comp_16293_cycle_1_2",4
"10345","virus_comp_163_cycle_1_4",4
"10346","virus_comp_16339_cycle_1_1",4
"10347","virus_comp_1634_cycle_1_12",4
"10348","virus_comp_16373_cycle_1_1",4
"10349","virus_comp_1638_cycle_1_5",4
"10350","virus_comp_1638_cycle_1_7",4
"10351","virus_comp_164_cycle_1_17",4
"10352","virus_comp_164_cycle_1_20",4
"10353","virus_comp_164_cycle_1_21",4
"10354","virus_comp_164_cycle_1_24",4
"10355","virus_comp_164_cycle_1_25",4
"10356","virus_comp_164_cycle_1_27",4
"10357","virus_comp_1640_cycle_1_8",4
"10358","virus_comp_1640_cycle_1_9",4
"10359","virus_comp_1641_cycle_1_8",4
"10360","virus_comp_1641_cycle_1_9",4
"10361","virus_comp_1644_cycle_1_10",4
"10362","virus_comp_1644_cycle_1_12",4
"10363","virus_comp_1644_cycle_1_6",4
"10364","virus_comp_1644_cycle_1_9",4
"10365","virus_comp_16454_cycle_1_2",4
"10366","virus_comp_16462_cycle_1_3",4
"10367","virus_comp_16477_cycle_1_2",4
"10368","virus_comp_16495_cycle_1_4",4
"10369","virus_comp_16495_cycle_1_5",4
"10370","virus_comp_16553_cycle_1_1",4
"10371","virus_comp_16586_cycle_1_1",4
"10372","virus_comp_16587_cycle_1_1",4
"10373","virus_comp_1660_cycle_1_14",4
"10374","virus_comp_1660_cycle_1_7",4
"10375","virus_comp_1660_cycle_1_9",4
"10376","virus_comp_1661_cycle_1_5",4
"10377","virus_comp_1662_cycle_1_5",4
"10378","virus_comp_16630_cycle_1_2",4
"10379","virus_comp_16636_cycle_1_3",4
"10380","virus_comp_1665_cycle_1_2",4
"10381","virus_comp_1665_cycle_1_3",4
"10382","virus_comp_1665_cycle_1_4",4
"10383","virus_comp_1673_cycle_1_10",4
"10384","virus_comp_1673_cycle_1_11",4
"10385","virus_comp_1675_cycle_1_10",4
"10386","virus_comp_1675_cycle_1_13",4
"10387","virus_comp_1675_cycle_1_7",4
"10388","virus_comp_1675_cycle_1_8",4
"10389","virus_comp_1676_cycle_1_10",4
"10390","virus_comp_1676_cycle_1_17",4
"10391","virus_comp_1676_cycle_1_4",4
"10392","virus_comp_1676_cycle_1_9",4
"10393","virus_comp_16774_cycle_1_3",4
"10394","virus_comp_1687_cycle_1_9",4
"10395","virus_comp_16870_cycle_1_1",4
"10396","virus_comp_16870_cycle_1_2",4
"10397","virus_comp_1692_cycle_1_15",4
"10398","virus_comp_1692_cycle_1_6",4
"10399","virus_comp_1694_cycle_1_16",4
"10400","virus_comp_1697_cycle_1_12",4
"10401","virus_comp_1698_cycle_1_6",4
"10402","virus_comp_1701_cycle_1_5",4
"10403","virus_comp_17015_cycle_1_1",4
"10404","virus_comp_1706_cycle_1_2",4
"10405","virus_comp_1706_cycle_1_6",4
"10406","virus_comp_17086_cycle_1_3",4
"10407","virus_comp_17112_cycle_1_1",4
"10408","virus_comp_17112_cycle_1_2",4
"10409","virus_comp_1722_cycle_1_1",4
"10410","virus_comp_1722_cycle_1_2",4
"10411","virus_comp_17247_cycle_1_2",4
"10412","virus_comp_17247_cycle_1_3",4
"10413","virus_comp_1729_cycle_1_11",4
"10414","virus_comp_1729_cycle_1_3",4
"10415","virus_comp_1729_cycle_1_6",4
"10416","virus_comp_1729_cycle_1_8",4
"10417","virus_comp_1729_cycle_1_9",4
"10418","virus_comp_1732_cycle_1_5",4
"10419","virus_comp_1739_cycle_1_10",4
"10420","virus_comp_1739_cycle_1_11",4
"10421","virus_comp_1739_cycle_1_13",4
"10422","virus_comp_1739_cycle_1_14",4
"10423","virus_comp_1739_cycle_1_2",4
"10424","virus_comp_1739_cycle_1_3",4
"10425","virus_comp_1739_cycle_1_4",4
"10426","virus_comp_1739_cycle_1_7",4
"10427","virus_comp_1740_cycle_1_4",4
"10428","virus_comp_17471_cycle_1_3",4
"10429","virus_comp_1749_cycle_1_1",4
"10430","virus_comp_1749_cycle_1_2",4
"10431","virus_comp_17501_cycle_1_1",4
"10432","virus_comp_1764_cycle_1_1",4
"10433","virus_comp_1764_cycle_1_4",4
"10434","virus_comp_1764_cycle_1_5",4
"10435","virus_comp_1767_cycle_1_12",4
"10436","virus_comp_17732_cycle_1_2",4
"10437","virus_comp_17777_cycle_1_10",4
"10438","virus_comp_17784_cycle_1_2",4
"10439","virus_comp_17784_cycle_1_3",4
"10440","virus_comp_17786_cycle_1_2",4
"10441","virus_comp_17789_cycle_1_22",4
"10442","virus_comp_1779_cycle_1_2",4
"10443","virus_comp_17792_cycle_1_7",4
"10444","virus_comp_17792_cycle_1_9",4
"10445","virus_comp_17797_cycle_1_23",4
"10446","virus_comp_17797_cycle_1_4",4
"10447","virus_comp_17799_cycle_1_12",4
"10448","virus_comp_17799_cycle_1_14",4
"10449","virus_comp_17799_cycle_1_2",4
"10450","virus_comp_17799_cycle_1_3",4
"10451","virus_comp_17799_cycle_1_5",4
"10452","virus_comp_17799_cycle_1_6",4
"10453","virus_comp_178_cycle_1_1",4
"10454","virus_comp_178_cycle_1_2",4
"10455","virus_comp_178_cycle_1_3",4
"10456","virus_comp_178_cycle_1_4",4
"10457","virus_comp_17800_cycle_1_100",4
"10458","virus_comp_17800_cycle_1_105",4
"10459","virus_comp_17800_cycle_1_108",4
"10460","virus_comp_17800_cycle_1_109",4
"10461","virus_comp_17800_cycle_1_111",4
"10462","virus_comp_17800_cycle_1_116",4
"10463","virus_comp_17800_cycle_1_122",4
"10464","virus_comp_17800_cycle_1_125",4
"10465","virus_comp_17800_cycle_1_126",4
"10466","virus_comp_17800_cycle_1_127",4
"10467","virus_comp_17800_cycle_1_128",4
"10468","virus_comp_17800_cycle_1_129",4
"10469","virus_comp_17800_cycle_1_13",4
"10470","virus_comp_17800_cycle_1_130",4
"10471","virus_comp_17800_cycle_1_132",4
"10472","virus_comp_17800_cycle_1_133",4
"10473","virus_comp_17800_cycle_1_138",4
"10474","virus_comp_17800_cycle_1_139",4
"10475","virus_comp_17800_cycle_1_140",4
"10476","virus_comp_17800_cycle_1_141",4
"10477","virus_comp_17800_cycle_1_142",4
"10478","virus_comp_17800_cycle_1_144",4
"10479","virus_comp_17800_cycle_1_145",4
"10480","virus_comp_17800_cycle_1_148",4
"10481","virus_comp_17800_cycle_1_149",4
"10482","virus_comp_17800_cycle_1_15",4
"10483","virus_comp_17800_cycle_1_151",4
"10484","virus_comp_17800_cycle_1_154",4
"10485","virus_comp_17800_cycle_1_155",4
"10486","virus_comp_17800_cycle_1_156",4
"10487","virus_comp_17800_cycle_1_157",4
"10488","virus_comp_17800_cycle_1_16",4
"10489","virus_comp_17800_cycle_1_160",4
"10490","virus_comp_17800_cycle_1_161",4
"10491","virus_comp_17800_cycle_1_162",4
"10492","virus_comp_17800_cycle_1_164",4
"10493","virus_comp_17800_cycle_1_165",4
"10494","virus_comp_17800_cycle_1_17",4
"10495","virus_comp_17800_cycle_1_18",4
"10496","virus_comp_17800_cycle_1_19",4
"10497","virus_comp_17800_cycle_1_20",4
"10498","virus_comp_17800_cycle_1_24",4
"10499","virus_comp_17800_cycle_1_32",4
"10500","virus_comp_17800_cycle_1_33",4
"10501","virus_comp_17800_cycle_1_36",4
"10502","virus_comp_17800_cycle_1_37",4
"10503","virus_comp_17800_cycle_1_38",4
"10504","virus_comp_17800_cycle_1_40",4
"10505","virus_comp_17800_cycle_1_42",4
"10506","virus_comp_17800_cycle_1_44",4
"10507","virus_comp_17800_cycle_1_45",4
"10508","virus_comp_17800_cycle_1_50",4
"10509","virus_comp_17800_cycle_1_51",4
"10510","virus_comp_17800_cycle_1_53",4
"10511","virus_comp_17800_cycle_1_57",4
"10512","virus_comp_17800_cycle_1_59",4
"10513","virus_comp_17800_cycle_1_60",4
"10514","virus_comp_17800_cycle_1_61",4
"10515","virus_comp_17800_cycle_1_62",4
"10516","virus_comp_17800_cycle_1_64",4
"10517","virus_comp_17800_cycle_1_66",4
"10518","virus_comp_17800_cycle_1_71",4
"10519","virus_comp_17800_cycle_1_72",4
"10520","virus_comp_17800_cycle_1_75",4
"10521","virus_comp_17800_cycle_1_76",4
"10522","virus_comp_17800_cycle_1_78",4
"10523","virus_comp_17800_cycle_1_82",4
"10524","virus_comp_17800_cycle_1_83",4
"10525","virus_comp_17800_cycle_1_86",4
"10526","virus_comp_17800_cycle_1_87",4
"10527","virus_comp_17800_cycle_1_88",4
"10528","virus_comp_17800_cycle_1_89",4
"10529","virus_comp_17800_cycle_1_93",4
"10530","virus_comp_17800_cycle_1_94",4
"10531","virus_comp_17800_cycle_1_95",4
"10532","virus_comp_17800_cycle_1_97",4
"10533","virus_comp_17805_cycle_1_106",4
"10534","virus_comp_17805_cycle_1_112",4
"10535","virus_comp_17805_cycle_1_123",4
"10536","virus_comp_17805_cycle_1_132",4
"10537","virus_comp_17805_cycle_1_134",4
"10538","virus_comp_17805_cycle_1_135",4
"10539","virus_comp_17805_cycle_1_14",4
"10540","virus_comp_17805_cycle_1_19",4
"10541","virus_comp_17805_cycle_1_21",4
"10542","virus_comp_17805_cycle_1_23",4
"10543","virus_comp_17805_cycle_1_24",4
"10544","virus_comp_17805_cycle_1_37",4
"10545","virus_comp_17805_cycle_1_39",4
"10546","virus_comp_17805_cycle_1_45",4
"10547","virus_comp_17805_cycle_1_51",4
"10548","virus_comp_17805_cycle_1_54",4
"10549","virus_comp_17805_cycle_1_57",4
"10550","virus_comp_17805_cycle_1_7",4
"10551","virus_comp_17805_cycle_1_77",4
"10552","virus_comp_17805_cycle_1_79",4
"10553","virus_comp_17805_cycle_1_96",4
"10554","virus_comp_17807_cycle_1_2",4
"10555","virus_comp_17807_cycle_1_3",4
"10556","virus_comp_17807_cycle_1_8",4
"10557","virus_comp_17807_cycle_1_9",4
"10558","virus_comp_17813_cycle_1_2",4
"10559","virus_comp_17816_cycle_1_1",4
"10560","virus_comp_17816_cycle_1_17",4
"10561","virus_comp_17816_cycle_1_18",4
"10562","virus_comp_17816_cycle_1_19",4
"10563","virus_comp_17816_cycle_1_3",4
"10564","virus_comp_17817_cycle_1_14",4
"10565","virus_comp_17817_cycle_1_25",4
"10566","virus_comp_17817_cycle_1_31",4
"10567","virus_comp_17817_cycle_1_33",4
"10568","virus_comp_17817_cycle_1_36",4
"10569","virus_comp_17817_cycle_1_45",4
"10570","virus_comp_17817_cycle_1_50",4
"10571","virus_comp_17817_cycle_1_63",4
"10572","virus_comp_17819_cycle_1_6",4
"10573","virus_comp_17821_cycle_1_10",4
"10574","virus_comp_17821_cycle_1_101",4
"10575","virus_comp_17821_cycle_1_14",4
"10576","virus_comp_17821_cycle_1_15",4
"10577","virus_comp_17821_cycle_1_16",4
"10578","virus_comp_17821_cycle_1_17",4
"10579","virus_comp_17821_cycle_1_18",4
"10580","virus_comp_17821_cycle_1_19",4
"10581","virus_comp_17821_cycle_1_20",4
"10582","virus_comp_17821_cycle_1_21",4
"10583","virus_comp_17821_cycle_1_22",4
"10584","virus_comp_17821_cycle_1_23",4
"10585","virus_comp_17821_cycle_1_24",4
"10586","virus_comp_17821_cycle_1_25",4
"10587","virus_comp_17821_cycle_1_26",4
"10588","virus_comp_17821_cycle_1_27",4
"10589","virus_comp_17821_cycle_1_28",4
"10590","virus_comp_17821_cycle_1_29",4
"10591","virus_comp_17821_cycle_1_30",4
"10592","virus_comp_17821_cycle_1_31",4
"10593","virus_comp_17821_cycle_1_32",4
"10594","virus_comp_17821_cycle_1_33",4
"10595","virus_comp_17821_cycle_1_34",4
"10596","virus_comp_17821_cycle_1_35",4
"10597","virus_comp_17821_cycle_1_36",4
"10598","virus_comp_17821_cycle_1_37",4
"10599","virus_comp_17821_cycle_1_38",4
"10600","virus_comp_17821_cycle_1_39",4
"10601","virus_comp_17821_cycle_1_40",4
"10602","virus_comp_17821_cycle_1_41",4
"10603","virus_comp_17821_cycle_1_42",4
"10604","virus_comp_17821_cycle_1_43",4
"10605","virus_comp_17821_cycle_1_44",4
"10606","virus_comp_17821_cycle_1_45",4
"10607","virus_comp_17821_cycle_1_46",4
"10608","virus_comp_17821_cycle_1_47",4
"10609","virus_comp_17821_cycle_1_49",4
"10610","virus_comp_17821_cycle_1_50",4
"10611","virus_comp_17821_cycle_1_51",4
"10612","virus_comp_17821_cycle_1_52",4
"10613","virus_comp_17821_cycle_1_6",4
"10614","virus_comp_17821_cycle_1_67",4
"10615","virus_comp_17821_cycle_1_68",4
"10616","virus_comp_17821_cycle_1_69",4
"10617","virus_comp_17821_cycle_1_7",4
"10618","virus_comp_17821_cycle_1_70",4
"10619","virus_comp_17821_cycle_1_71",4
"10620","virus_comp_17821_cycle_1_72",4
"10621","virus_comp_17821_cycle_1_73",4
"10622","virus_comp_17821_cycle_1_74",4
"10623","virus_comp_17821_cycle_1_75",4
"10624","virus_comp_17821_cycle_1_76",4
"10625","virus_comp_17821_cycle_1_77",4
"10626","virus_comp_17821_cycle_1_78",4
"10627","virus_comp_17821_cycle_1_79",4
"10628","virus_comp_17821_cycle_1_80",4
"10629","virus_comp_17821_cycle_1_81",4
"10630","virus_comp_17821_cycle_1_82",4
"10631","virus_comp_17821_cycle_1_83",4
"10632","virus_comp_17821_cycle_1_84",4
"10633","virus_comp_17821_cycle_1_85",4
"10634","virus_comp_17821_cycle_1_86",4
"10635","virus_comp_17821_cycle_1_87",4
"10636","virus_comp_17821_cycle_1_9",4
"10637","virus_comp_17821_cycle_1_90",4
"10638","virus_comp_17821_cycle_1_91",4
"10639","virus_comp_17821_cycle_1_92",4
"10640","virus_comp_17821_cycle_1_93",4
"10641","virus_comp_17821_cycle_1_98",4
"10642","virus_comp_17821_cycle_1_99",4
"10643","virus_comp_17822_cycle_1_15",4
"10644","virus_comp_17822_cycle_1_16",4
"10645","virus_comp_17822_cycle_1_17",4
"10646","virus_comp_17822_cycle_1_4",4
"10647","virus_comp_17822_cycle_1_5",4
"10648","virus_comp_17825_cycle_1_8",4
"10649","virus_comp_17826_cycle_1_18",4
"10650","virus_comp_17826_cycle_1_27",4
"10651","virus_comp_17826_cycle_1_4",4
"10652","virus_comp_17831_cycle_1_1",4
"10653","virus_comp_17831_cycle_1_2",4
"10654","virus_comp_17831_cycle_1_5",4
"10655","virus_comp_17831_cycle_1_9",4
"10656","virus_comp_17832_cycle_1_7",4
"10657","virus_comp_17832_cycle_1_8",4
"10658","virus_comp_17833_cycle_1_10",4
"10659","virus_comp_17833_cycle_1_11",4
"10660","virus_comp_17833_cycle_1_3",4
"10661","virus_comp_17833_cycle_1_38",4
"10662","virus_comp_17833_cycle_1_42",4
"10663","virus_comp_17836_cycle_1_5",4
"10664","virus_comp_17837_cycle_1_12",4
"10665","virus_comp_17838_cycle_1_1",4
"10666","virus_comp_17838_cycle_1_12",4
"10667","virus_comp_17838_cycle_1_18",4
"10668","virus_comp_17838_cycle_1_2",4
"10669","virus_comp_17838_cycle_1_23",4
"10670","virus_comp_17838_cycle_1_29",4
"10671","virus_comp_17838_cycle_1_30",4
"10672","virus_comp_17838_cycle_1_34",4
"10673","virus_comp_17838_cycle_1_37",4
"10674","virus_comp_17838_cycle_1_44",4
"10675","virus_comp_17838_cycle_1_45",4
"10676","virus_comp_17838_cycle_1_48",4
"10677","virus_comp_17838_cycle_1_49",4
"10678","virus_comp_17838_cycle_1_50",4
"10679","virus_comp_17838_cycle_1_51",4
"10680","virus_comp_17838_cycle_1_52",4
"10681","virus_comp_17838_cycle_1_53",4
"10682","virus_comp_17838_cycle_1_56",4
"10683","virus_comp_17838_cycle_1_64",4
"10684","virus_comp_17838_cycle_1_66",4
"10685","virus_comp_17838_cycle_1_67",4
"10686","virus_comp_17838_cycle_1_73",4
"10687","virus_comp_17838_cycle_1_77",4
"10688","virus_comp_17839_cycle_1_24",4
"10689","virus_comp_17839_cycle_1_3",4
"10690","virus_comp_17839_cycle_1_34",4
"10691","virus_comp_17839_cycle_1_35",4
"10692","virus_comp_17839_cycle_1_38",4
"10693","virus_comp_17839_cycle_1_49",4
"10694","virus_comp_17839_cycle_1_5",4
"10695","virus_comp_17839_cycle_1_51",4
"10696","virus_comp_17839_cycle_1_53",4
"10697","virus_comp_17840_cycle_1_19",4
"10698","virus_comp_17840_cycle_1_24",4
"10699","virus_comp_17840_cycle_1_25",4
"10700","virus_comp_17840_cycle_1_26",4
"10701","virus_comp_17840_cycle_1_30",4
"10702","virus_comp_17840_cycle_1_31",4
"10703","virus_comp_17840_cycle_1_35",4
"10704","virus_comp_17840_cycle_1_40",4
"10705","virus_comp_17840_cycle_1_49",4
"10706","virus_comp_17840_cycle_1_5",4
"10707","virus_comp_17840_cycle_1_51",4
"10708","virus_comp_17840_cycle_1_61",4
"10709","virus_comp_17840_cycle_1_7",4
"10710","virus_comp_17840_cycle_1_70",4
"10711","virus_comp_17840_cycle_1_75",4
"10712","virus_comp_17840_cycle_1_79",4
"10713","virus_comp_17840_cycle_1_88",4
"10714","virus_comp_17843_cycle_1_1",4
"10715","virus_comp_17843_cycle_1_10",4
"10716","virus_comp_17843_cycle_1_11",4
"10717","virus_comp_17843_cycle_1_14",4
"10718","virus_comp_17843_cycle_1_15",4
"10719","virus_comp_17843_cycle_1_18",4
"10720","virus_comp_17843_cycle_1_19",4
"10721","virus_comp_17843_cycle_1_2",4
"10722","virus_comp_17843_cycle_1_20",4
"10723","virus_comp_17843_cycle_1_22",4
"10724","virus_comp_17843_cycle_1_25",4
"10725","virus_comp_17843_cycle_1_29",4
"10726","virus_comp_17843_cycle_1_3",4
"10727","virus_comp_17843_cycle_1_32",4
"10728","virus_comp_17843_cycle_1_33",4
"10729","virus_comp_17843_cycle_1_34",4
"10730","virus_comp_17843_cycle_1_37",4
"10731","virus_comp_17843_cycle_1_42",4
"10732","virus_comp_17843_cycle_1_46",4
"10733","virus_comp_17843_cycle_1_5",4
"10734","virus_comp_17843_cycle_1_55",4
"10735","virus_comp_17843_cycle_1_56",4
"10736","virus_comp_17843_cycle_1_6",4
"10737","virus_comp_17843_cycle_1_60",4
"10738","virus_comp_17843_cycle_1_61",4
"10739","virus_comp_17843_cycle_1_73",4
"10740","virus_comp_17843_cycle_1_74",4
"10741","virus_comp_17843_cycle_1_75",4
"10742","virus_comp_17843_cycle_1_83",4
"10743","virus_comp_17843_cycle_1_87",4
"10744","virus_comp_17843_cycle_1_9",4
"10745","virus_comp_17844_cycle_1_9",4
"10746","virus_comp_17845_cycle_1_8",4
"10747","virus_comp_17846_cycle_1_5",4
"10748","virus_comp_17849_cycle_1_8",4
"10749","virus_comp_17849_cycle_1_9",4
"10750","virus_comp_17858_cycle_1_10",4
"10751","virus_comp_17858_cycle_1_27",4
"10752","virus_comp_17858_cycle_1_6",4
"10753","virus_comp_17860_cycle_1_25",4
"10754","virus_comp_17861_cycle_1_12",4
"10755","virus_comp_17861_cycle_1_18",4
"10756","virus_comp_17861_cycle_1_21",4
"10757","virus_comp_17861_cycle_1_24",4
"10758","virus_comp_17861_cycle_1_28",4
"10759","virus_comp_17861_cycle_1_31",4
"10760","virus_comp_17861_cycle_1_38",4
"10761","virus_comp_17861_cycle_1_47",4
"10762","virus_comp_17861_cycle_1_59",4
"10763","virus_comp_17861_cycle_1_60",4
"10764","virus_comp_17861_cycle_1_61",4
"10765","virus_comp_17861_cycle_1_65",4
"10766","virus_comp_17862_cycle_1_1",4
"10767","virus_comp_17862_cycle_1_15",4
"10768","virus_comp_17862_cycle_1_2",4
"10769","virus_comp_17863_cycle_1_26",4
"10770","virus_comp_17863_cycle_1_42",4
"10771","virus_comp_17863_cycle_1_52",4
"10772","virus_comp_17863_cycle_1_63",4
"10773","virus_comp_17863_cycle_1_64",4
"10774","virus_comp_17863_cycle_1_65",4
"10775","virus_comp_17863_cycle_1_66",4
"10776","virus_comp_17866_cycle_1_13",4
"10777","virus_comp_17866_cycle_1_17",4
"10778","virus_comp_17866_cycle_1_18",4
"10779","virus_comp_17866_cycle_1_21",4
"10780","virus_comp_17866_cycle_1_24",4
"10781","virus_comp_17866_cycle_1_26",4
"10782","virus_comp_17866_cycle_1_27",4
"10783","virus_comp_17866_cycle_1_28",4
"10784","virus_comp_17866_cycle_1_29",4
"10785","virus_comp_17866_cycle_1_3",4
"10786","virus_comp_17866_cycle_1_4",4
"10787","virus_comp_17866_cycle_1_53",4
"10788","virus_comp_17866_cycle_1_54",4
"10789","virus_comp_17866_cycle_1_6",4
"10790","virus_comp_17866_cycle_1_62",4
"10791","virus_comp_17866_cycle_1_64",4
"10792","virus_comp_17866_cycle_1_66",4
"10793","virus_comp_17866_cycle_1_68",4
"10794","virus_comp_17866_cycle_1_7",4
"10795","virus_comp_17869_cycle_1_14",4
"10796","virus_comp_17869_cycle_1_16",4
"10797","virus_comp_17869_cycle_1_18",4
"10798","virus_comp_17869_cycle_1_22",4
"10799","virus_comp_17869_cycle_1_23",4
"10800","virus_comp_17869_cycle_1_26",4
"10801","virus_comp_17869_cycle_1_29",4
"10802","virus_comp_17869_cycle_1_32",4
"10803","virus_comp_17869_cycle_1_39",4
"10804","virus_comp_17869_cycle_1_40",4
"10805","virus_comp_17869_cycle_1_49",4
"10806","virus_comp_17869_cycle_1_52",4
"10807","virus_comp_17873_cycle_1_12",4
"10808","virus_comp_17873_cycle_1_13",4
"10809","virus_comp_17873_cycle_1_19",4
"10810","virus_comp_17873_cycle_1_29",4
"10811","virus_comp_17873_cycle_1_30",4
"10812","virus_comp_17874_cycle_1_11",4
"10813","virus_comp_17875_cycle_1_2",4
"10814","virus_comp_17875_cycle_1_5",4
"10815","virus_comp_17877_cycle_1_1",4
"10816","virus_comp_17877_cycle_1_42",4
"10817","virus_comp_17877_cycle_1_8",4
"10818","virus_comp_17881_cycle_1_11",4
"10819","virus_comp_17881_cycle_1_14",4
"10820","virus_comp_17881_cycle_1_15",4
"10821","virus_comp_17881_cycle_1_19",4
"10822","virus_comp_17881_cycle_1_2",4
"10823","virus_comp_17881_cycle_1_21",4
"10824","virus_comp_17881_cycle_1_25",4
"10825","virus_comp_17881_cycle_1_26",4
"10826","virus_comp_17881_cycle_1_31",4
"10827","virus_comp_17881_cycle_1_32",4
"10828","virus_comp_17881_cycle_1_35",4
"10829","virus_comp_17881_cycle_1_36",4
"10830","virus_comp_17881_cycle_1_37",4
"10831","virus_comp_17881_cycle_1_39",4
"10832","virus_comp_17881_cycle_1_4",4
"10833","virus_comp_17881_cycle_1_40",4
"10834","virus_comp_17881_cycle_1_41",4
"10835","virus_comp_17881_cycle_1_48",4
"10836","virus_comp_17881_cycle_1_5",4
"10837","virus_comp_17881_cycle_1_50",4
"10838","virus_comp_17881_cycle_1_52",4
"10839","virus_comp_17881_cycle_1_53",4
"10840","virus_comp_17881_cycle_1_57",4
"10841","virus_comp_17881_cycle_1_59",4
"10842","virus_comp_17881_cycle_1_63",4
"10843","virus_comp_17881_cycle_1_9",4
"10844","virus_comp_17886_cycle_1_3",4
"10845","virus_comp_17886_cycle_1_4",4
"10846","virus_comp_17886_cycle_1_6",4
"10847","virus_comp_17887_cycle_1_14",4
"10848","virus_comp_17887_cycle_1_17",4
"10849","virus_comp_17887_cycle_1_22",4
"10850","virus_comp_17887_cycle_1_25",4
"10851","virus_comp_17887_cycle_1_3",4
"10852","virus_comp_17887_cycle_1_31",4
"10853","virus_comp_17887_cycle_1_50",4
"10854","virus_comp_17887_cycle_1_6",4
"10855","virus_comp_17889_cycle_1_18",4
"10856","virus_comp_17889_cycle_1_28",4
"10857","virus_comp_17889_cycle_1_32",4
"10858","virus_comp_17889_cycle_1_39",4
"10859","virus_comp_17889_cycle_1_41",4
"10860","virus_comp_17889_cycle_1_61",4
"10861","virus_comp_17889_cycle_1_65",4
"10862","virus_comp_17894_cycle_1_2",4
"10863","virus_comp_17895_cycle_1_13",4
"10864","virus_comp_17895_cycle_1_15",4
"10865","virus_comp_17895_cycle_1_21",4
"10866","virus_comp_17895_cycle_1_22",4
"10867","virus_comp_17895_cycle_1_3",4
"10868","virus_comp_17895_cycle_1_4",4
"10869","virus_comp_17898_cycle_1_2",4
"10870","virus_comp_17899_cycle_1_7",4
"10871","virus_comp_17900_cycle_1_13",4
"10872","virus_comp_17900_cycle_1_21",4
"10873","virus_comp_17901_cycle_1_9",4
"10874","virus_comp_17903_cycle_1_12",4
"10875","virus_comp_17903_cycle_1_19",4
"10876","virus_comp_17903_cycle_1_20",4
"10877","virus_comp_17903_cycle_1_25",4
"10878","virus_comp_17906_cycle_1_14",4
"10879","virus_comp_17906_cycle_1_18",4
"10880","virus_comp_17906_cycle_1_35",4
"10881","virus_comp_17906_cycle_1_53",4
"10882","virus_comp_17906_cycle_1_55",4
"10883","virus_comp_17906_cycle_1_62",4
"10884","virus_comp_17906_cycle_1_7",4
"10885","virus_comp_17907_cycle_1_16",4
"10886","virus_comp_17907_cycle_1_3",4
"10887","virus_comp_17907_cycle_1_8",4
"10888","virus_comp_17909_cycle_1_8",4
"10889","virus_comp_17910_cycle_1_10",4
"10890","virus_comp_17910_cycle_1_17",4
"10891","virus_comp_17910_cycle_1_30",4
"10892","virus_comp_17910_cycle_1_31",4
"10893","virus_comp_17910_cycle_1_35",4
"10894","virus_comp_17910_cycle_1_36",4
"10895","virus_comp_17910_cycle_1_7",4
"10896","virus_comp_17911_cycle_1_14",4
"10897","virus_comp_17911_cycle_1_21",4
"10898","virus_comp_17911_cycle_1_23",4
"10899","virus_comp_17911_cycle_1_25",4
"10900","virus_comp_17911_cycle_1_26",4
"10901","virus_comp_17911_cycle_1_28",4
"10902","virus_comp_17911_cycle_1_32",4
"10903","virus_comp_17911_cycle_1_34",4
"10904","virus_comp_17911_cycle_1_35",4
"10905","virus_comp_17911_cycle_1_36",4
"10906","virus_comp_17911_cycle_1_4",4
"10907","virus_comp_17911_cycle_1_40",4
"10908","virus_comp_17911_cycle_1_44",4
"10909","virus_comp_17911_cycle_1_45",4
"10910","virus_comp_17911_cycle_1_47",4
"10911","virus_comp_17911_cycle_1_5",4
"10912","virus_comp_17915_cycle_1_2",4
"10913","virus_comp_17917_cycle_1_2",4
"10914","virus_comp_17919_cycle_1_18",4
"10915","virus_comp_17919_cycle_1_19",4
"10916","virus_comp_17919_cycle_1_23",4
"10917","virus_comp_1792_cycle_1_2",4
"10918","virus_comp_17920_cycle_1_20",4
"10919","virus_comp_17923_cycle_1_13",4
"10920","virus_comp_17923_cycle_1_14",4
"10921","virus_comp_17923_cycle_1_6",4
"10922","virus_comp_17923_cycle_1_7",4
"10923","virus_comp_17924_cycle_1_1",4
"10924","virus_comp_17924_cycle_1_13",4
"10925","virus_comp_17924_cycle_1_16",4
"10926","virus_comp_17924_cycle_1_19",4
"10927","virus_comp_17924_cycle_1_3",4
"10928","virus_comp_17924_cycle_1_35",4
"10929","virus_comp_17924_cycle_1_40",4
"10930","virus_comp_17924_cycle_1_44",4
"10931","virus_comp_17924_cycle_1_8",4
"10932","virus_comp_17925_cycle_1_11",4
"10933","virus_comp_17925_cycle_1_13",4
"10934","virus_comp_17925_cycle_1_24",4
"10935","virus_comp_17925_cycle_1_31",4
"10936","virus_comp_17925_cycle_1_6",4
"10937","virus_comp_17927_cycle_1_10",4
"10938","virus_comp_17927_cycle_1_11",4
"10939","virus_comp_17927_cycle_1_26",4
"10940","virus_comp_17927_cycle_1_9",4
"10941","virus_comp_17933_cycle_1_13",4
"10942","virus_comp_17933_cycle_1_14",4
"10943","virus_comp_17933_cycle_1_15",4
"10944","virus_comp_17933_cycle_1_19",4
"10945","virus_comp_17933_cycle_1_22",4
"10946","virus_comp_17933_cycle_1_9",4
"10947","virus_comp_17934_cycle_1_10",4
"10948","virus_comp_17934_cycle_1_11",4
"10949","virus_comp_17934_cycle_1_13",4
"10950","virus_comp_17934_cycle_1_14",4
"10951","virus_comp_17934_cycle_1_15",4
"10952","virus_comp_17934_cycle_1_16",4
"10953","virus_comp_17934_cycle_1_17",4
"10954","virus_comp_17935_cycle_1_18",4
"10955","virus_comp_17935_cycle_1_27",4
"10956","virus_comp_17935_cycle_1_6",4
"10957","virus_comp_17938_cycle_1_3",4
"10958","virus_comp_17945_cycle_1_1",4
"10959","virus_comp_17945_cycle_1_22",4
"10960","virus_comp_17948_cycle_1_6",4
"10961","virus_comp_17948_cycle_1_8",4
"10962","virus_comp_17949_cycle_1_25",4
"10963","virus_comp_1795_cycle_1_6",4
"10964","virus_comp_17951_cycle_1_25",4
"10965","virus_comp_17954_cycle_1_18",4
"10966","virus_comp_17954_cycle_1_19",4
"10967","virus_comp_17954_cycle_1_5",4
"10968","virus_comp_17954_cycle_1_9",4
"10969","virus_comp_17955_cycle_1_10",4
"10970","virus_comp_17955_cycle_1_12",4
"10971","virus_comp_17955_cycle_1_14",4
"10972","virus_comp_17955_cycle_1_5",4
"10973","virus_comp_17955_cycle_1_7",4
"10974","virus_comp_1796_cycle_1_15",4
"10975","virus_comp_1796_cycle_1_4",4
"10976","virus_comp_17965_cycle_1_25",4
"10977","virus_comp_17965_cycle_1_4",4
"10978","virus_comp_17965_cycle_1_6",4
"10979","virus_comp_17968_cycle_1_12",4
"10980","virus_comp_1797_cycle_1_11",4
"10981","virus_comp_1797_cycle_1_15",4
"10982","virus_comp_1797_cycle_1_16",4
"10983","virus_comp_1797_cycle_1_6",4
"10984","virus_comp_1797_cycle_1_7",4
"10985","virus_comp_1797_cycle_1_8",4
"10986","virus_comp_17970_cycle_1_15",4
"10987","virus_comp_17970_cycle_1_19",4
"10988","virus_comp_17970_cycle_1_20",4
"10989","virus_comp_17970_cycle_1_21",4
"10990","virus_comp_17970_cycle_1_25",4
"10991","virus_comp_17970_cycle_1_26",4
"10992","virus_comp_17970_cycle_1_30",4
"10993","virus_comp_17970_cycle_1_33",4
"10994","virus_comp_17970_cycle_1_37",4
"10995","virus_comp_17970_cycle_1_44",4
"10996","virus_comp_17970_cycle_1_5",4
"10997","virus_comp_17971_cycle_1_8",4
"10998","virus_comp_17977_cycle_1_1",4
"10999","virus_comp_17980_cycle_1_21",4
"11000","virus_comp_17980_cycle_1_23",4
"11001","virus_comp_17980_cycle_1_26",4
"11002","virus_comp_17980_cycle_1_29",4
"11003","virus_comp_17981_cycle_1_11",4
"11004","virus_comp_17984_cycle_1_13",4
"11005","virus_comp_17984_cycle_1_29",4
"11006","virus_comp_17985_cycle_1_11",4
"11007","virus_comp_17985_cycle_1_6",4
"11008","virus_comp_17990_cycle_1_13",4
"11009","virus_comp_17990_cycle_1_2",4
"11010","virus_comp_17990_cycle_1_3",4
"11011","virus_comp_17991_cycle_1_11",4
"11012","virus_comp_17991_cycle_1_15",4
"11013","virus_comp_17991_cycle_1_17",4
"11014","virus_comp_17991_cycle_1_21",4
"11015","virus_comp_17991_cycle_1_23",4
"11016","virus_comp_17991_cycle_1_5",4
"11017","virus_comp_17991_cycle_1_6",4
"11018","virus_comp_17991_cycle_1_9",4
"11019","virus_comp_17994_cycle_1_4",4
"11020","virus_comp_17995_cycle_1_11",4
"11021","virus_comp_17995_cycle_1_12",4
"11022","virus_comp_17995_cycle_1_23",4
"11023","virus_comp_17995_cycle_1_8",4
"11024","virus_comp_1800_cycle_1_1",4
"11025","virus_comp_1800_cycle_1_3",4
"11026","virus_comp_18003_cycle_1_3",4
"11027","virus_comp_18003_cycle_1_5",4
"11028","virus_comp_18005_cycle_1_2",4
"11029","virus_comp_18006_cycle_1_3",4
"11030","virus_comp_18011_cycle_1_2",4
"11031","virus_comp_18011_cycle_1_3",4
"11032","virus_comp_18011_cycle_1_5",4
"11033","virus_comp_18011_cycle_1_6",4
"11034","virus_comp_18011_cycle_1_7",4
"11035","virus_comp_18011_cycle_1_9",4
"11036","virus_comp_18013_cycle_1_11",4
"11037","virus_comp_18013_cycle_1_12",4
"11038","virus_comp_18013_cycle_1_5",4
"11039","virus_comp_18016_cycle_1_14",4
"11040","virus_comp_18016_cycle_1_18",4
"11041","virus_comp_18016_cycle_1_19",4
"11042","virus_comp_18016_cycle_1_7",4
"11043","virus_comp_18018_cycle_1_15",4
"11044","virus_comp_18018_cycle_1_16",4
"11045","virus_comp_18018_cycle_1_17",4
"11046","virus_comp_18018_cycle_1_20",4
"11047","virus_comp_18023_cycle_1_6",4
"11048","virus_comp_18023_cycle_1_8",4
"11049","virus_comp_18026_cycle_1_9",4
"11050","virus_comp_18027_cycle_1_3",4
"11051","virus_comp_18028_cycle_1_5",4
"11052","virus_comp_18030_cycle_1_2",4
"11053","virus_comp_18030_cycle_1_9",4
"11054","virus_comp_18032_cycle_1_10",4
"11055","virus_comp_18032_cycle_1_11",4
"11056","virus_comp_18032_cycle_1_14",4
"11057","virus_comp_18032_cycle_1_7",4
"11058","virus_comp_18033_cycle_1_3",4
"11059","virus_comp_18033_cycle_1_7",4
"11060","virus_comp_18036_cycle_1_6",4
"11061","virus_comp_18037_cycle_1_4",4
"11062","virus_comp_18037_cycle_1_7",4
"11063","virus_comp_18040_cycle_1_13",4
"11064","virus_comp_18042_cycle_1_13",4
"11065","virus_comp_18042_cycle_1_18",4
"11066","virus_comp_18042_cycle_1_2",4
"11067","virus_comp_18042_cycle_1_8",4
"11068","virus_comp_18044_cycle_1_10",4
"11069","virus_comp_18044_cycle_1_2",4
"11070","virus_comp_18052_cycle_1_13",4
"11071","virus_comp_18052_cycle_1_15",4
"11072","virus_comp_18052_cycle_1_19",4
"11073","virus_comp_18052_cycle_1_22",4
"11074","virus_comp_18052_cycle_1_26",4
"11075","virus_comp_18052_cycle_1_5",4
"11076","virus_comp_18053_cycle_1_11",4
"11077","virus_comp_18053_cycle_1_2",4
"11078","virus_comp_18053_cycle_1_8",4
"11079","virus_comp_18054_cycle_1_1",4
"11080","virus_comp_18054_cycle_1_19",4
"11081","virus_comp_18054_cycle_1_8",4
"11082","virus_comp_18054_cycle_1_9",4
"11083","virus_comp_18055_cycle_1_1",4
"11084","virus_comp_18055_cycle_1_10",4
"11085","virus_comp_18055_cycle_1_15",4
"11086","virus_comp_18064_cycle_1_2",4
"11087","virus_comp_18064_cycle_1_3",4
"11088","virus_comp_18064_cycle_1_4",4
"11089","virus_comp_18064_cycle_1_9",4
"11090","virus_comp_18065_cycle_1_3",4
"11091","virus_comp_18067_cycle_1_10",4
"11092","virus_comp_18067_cycle_1_7",4
"11093","virus_comp_18071_cycle_1_5",4
"11094","virus_comp_18071_cycle_1_7",4
"11095","virus_comp_18078_cycle_1_10",4
"11096","virus_comp_18078_cycle_1_5",4
"11097","virus_comp_18078_cycle_1_7",4
"11098","virus_comp_18080_cycle_1_3",4
"11099","virus_comp_18083_cycle_1_14",4
"11100","virus_comp_18085_cycle_1_5",4
"11101","virus_comp_18088_cycle_1_9",4
"11102","virus_comp_18089_cycle_1_11",4
"11103","virus_comp_18089_cycle_1_2",4
"11104","virus_comp_18089_cycle_1_4",4
"11105","virus_comp_18089_cycle_1_8",4
"11106","virus_comp_1809_cycle_1_9",4
"11107","virus_comp_18091_cycle_1_12",4
"11108","virus_comp_18091_cycle_1_15",4
"11109","virus_comp_18091_cycle_1_16",4
"11110","virus_comp_18091_cycle_1_7",4
"11111","virus_comp_18094_cycle_1_1",4
"11112","virus_comp_181_cycle_1_1",4
"11113","virus_comp_18104_cycle_1_8",4
"11114","virus_comp_18113_cycle_1_2",4
"11115","virus_comp_18113_cycle_1_3",4
"11116","virus_comp_18118_cycle_1_1",4
"11117","virus_comp_18118_cycle_1_14",4
"11118","virus_comp_18118_cycle_1_2",4
"11119","virus_comp_18118_cycle_1_9",4
"11120","virus_comp_18121_cycle_1_1",4
"11121","virus_comp_18123_cycle_1_10",4
"11122","virus_comp_18123_cycle_1_9",4
"11123","virus_comp_18127_cycle_1_2",4
"11124","virus_comp_18127_cycle_1_4",4
"11125","virus_comp_18128_cycle_1_1",4
"11126","virus_comp_18128_cycle_1_11",4
"11127","virus_comp_18128_cycle_1_2",4
"11128","virus_comp_18128_cycle_1_3",4
"11129","virus_comp_18128_cycle_1_5",4
"11130","virus_comp_18128_cycle_1_6",4
"11131","virus_comp_18128_cycle_1_8",4
"11132","virus_comp_18131_cycle_1_11",4
"11133","virus_comp_18131_cycle_1_8",4
"11134","virus_comp_18134_cycle_1_3",4
"11135","virus_comp_18134_cycle_1_6",4
"11136","virus_comp_18134_cycle_1_8",4
"11137","virus_comp_18136_cycle_1_12",4
"11138","virus_comp_1816_cycle_1_4",4
"11139","virus_comp_1816_cycle_1_5",4
"11140","virus_comp_18161_cycle_1_18",4
"11141","virus_comp_18162_cycle_1_2",4
"11142","virus_comp_18162_cycle_1_4",4
"11143","virus_comp_18170_cycle_1_10",4
"11144","virus_comp_18170_cycle_1_5",4
"11145","virus_comp_18170_cycle_1_7",4
"11146","virus_comp_18170_cycle_1_9",4
"11147","virus_comp_18176_cycle_1_5",4
"11148","virus_comp_18177_cycle_1_6",4
"11149","virus_comp_18177_cycle_1_8",4
"11150","virus_comp_18181_cycle_1_3",4
"11151","virus_comp_18186_cycle_1_3",4
"11152","virus_comp_18186_cycle_1_4",4
"11153","virus_comp_18186_cycle_1_5",4
"11154","virus_comp_18186_cycle_1_6",4
"11155","virus_comp_18190_cycle_1_5",4
"11156","virus_comp_18191_cycle_1_2",4
"11157","virus_comp_18191_cycle_1_7",4
"11158","virus_comp_18197_cycle_1_4",4
"11159","virus_comp_18198_cycle_1_7",4
"11160","virus_comp_18200_cycle_1_9",4
"11161","virus_comp_18201_cycle_1_2",4
"11162","virus_comp_18201_cycle_1_5",4
"11163","virus_comp_18202_cycle_1_2",4
"11164","virus_comp_18202_cycle_1_4",4
"11165","virus_comp_18205_cycle_1_6",4
"11166","virus_comp_18205_cycle_1_8",4
"11167","virus_comp_18207_cycle_1_3",4
"11168","virus_comp_18207_cycle_1_4",4
"11169","virus_comp_18209_cycle_1_6",4
"11170","virus_comp_18216_cycle_1_4",4
"11171","virus_comp_18216_cycle_1_7",4
"11172","virus_comp_18232_cycle_1_8",4
"11173","virus_comp_18240_cycle_1_1",4
"11174","virus_comp_18240_cycle_1_12",4
"11175","virus_comp_18240_cycle_1_15",4
"11176","virus_comp_18240_cycle_1_7",4
"11177","virus_comp_18243_cycle_1_12",4
"11178","virus_comp_18243_cycle_1_5",4
"11179","virus_comp_18243_cycle_1_7",4
"11180","virus_comp_18243_cycle_1_8",4
"11181","virus_comp_18244_cycle_1_11",4
"11182","virus_comp_18244_cycle_1_2",4
"11183","virus_comp_18253_cycle_1_3",4
"11184","virus_comp_18253_cycle_1_4",4
"11185","virus_comp_18253_cycle_1_5",4
"11186","virus_comp_18253_cycle_1_6",4
"11187","virus_comp_18253_cycle_1_7",4
"11188","virus_comp_18269_cycle_1_2",4
"11189","virus_comp_18269_cycle_1_3",4
"11190","virus_comp_18275_cycle_1_4",4
"11191","virus_comp_18275_cycle_1_7",4
"11192","virus_comp_18276_cycle_1_2",4
"11193","virus_comp_18289_cycle_1_11",4
"11194","virus_comp_18289_cycle_1_5",4
"11195","virus_comp_18290_cycle_1_3",4
"11196","virus_comp_18299_cycle_1_2",4
"11197","virus_comp_1830_cycle_1_10",4
"11198","virus_comp_1830_cycle_1_8",4
"11199","virus_comp_18309_cycle_1_1",4
"11200","virus_comp_18309_cycle_1_6",4
"11201","virus_comp_18332_cycle_1_3",4
"11202","virus_comp_18347_cycle_1_1",4
"11203","virus_comp_18347_cycle_1_5",4
"11204","virus_comp_18352_cycle_1_4",4
"11205","virus_comp_18353_cycle_1_9",4
"11206","virus_comp_18354_cycle_1_5",4
"11207","virus_comp_18354_cycle_1_8",4
"11208","virus_comp_18356_cycle_1_2",4
"11209","virus_comp_18362_cycle_1_2",4
"11210","virus_comp_18365_cycle_1_2",4
"11211","virus_comp_18373_cycle_1_1",4
"11212","virus_comp_18380_cycle_1_5",4
"11213","virus_comp_18383_cycle_1_7",4
"11214","virus_comp_18397_cycle_1_1",4
"11215","virus_comp_18397_cycle_1_7",4
"11216","virus_comp_18405_cycle_1_4",4
"11217","virus_comp_18412_cycle_1_1",4
"11218","virus_comp_18412_cycle_1_2",4
"11219","virus_comp_18412_cycle_1_5",4
"11220","virus_comp_18424_cycle_1_3",4
"11221","virus_comp_18449_cycle_1_3",4
"11222","virus_comp_18459_cycle_1_4",4
"11223","virus_comp_18480_cycle_1_2",4
"11224","virus_comp_18487_cycle_1_3",4
"11225","virus_comp_18493_cycle_1_2",4
"11226","virus_comp_18513_cycle_1_2",4
"11227","virus_comp_1853_cycle_1_14",4
"11228","virus_comp_1853_cycle_1_15",4
"11229","virus_comp_18538_cycle_1_1",4
"11230","virus_comp_18547_cycle_1_2",4
"11231","virus_comp_18550_cycle_1_3",4
"11232","virus_comp_1865_cycle_1_16",4
"11233","virus_comp_1904_cycle_1_6",4
"11234","virus_comp_1904_cycle_1_9",4
"11235","virus_comp_1908_cycle_1_8",4
"11236","virus_comp_1927_cycle_1_4",4
"11237","virus_comp_1929_cycle_1_6",4
"11238","virus_comp_193_cycle_1_152",4
"11239","virus_comp_193_cycle_1_24",4
"11240","virus_comp_193_cycle_1_25",4
"11241","virus_comp_193_cycle_1_26",4
"11242","virus_comp_193_cycle_1_27",4
"11243","virus_comp_1932_cycle_1_4",4
"11244","virus_comp_1933_cycle_1_6",4
"11245","virus_comp_1945_cycle_1_3",4
"11246","virus_comp_1945_cycle_1_4",4
"11247","virus_comp_1945_cycle_1_6",4
"11248","virus_comp_195_cycle_1_104",4
"11249","virus_comp_195_cycle_1_11",4
"11250","virus_comp_195_cycle_1_110",4
"11251","virus_comp_195_cycle_1_118",4
"11252","virus_comp_195_cycle_1_122",4
"11253","virus_comp_195_cycle_1_123",4
"11254","virus_comp_195_cycle_1_124",4
"11255","virus_comp_195_cycle_1_125",4
"11256","virus_comp_195_cycle_1_126",4
"11257","virus_comp_195_cycle_1_127",4
"11258","virus_comp_195_cycle_1_128",4
"11259","virus_comp_195_cycle_1_129",4
"11260","virus_comp_195_cycle_1_13",4
"11261","virus_comp_195_cycle_1_130",4
"11262","virus_comp_195_cycle_1_131",4
"11263","virus_comp_195_cycle_1_132",4
"11264","virus_comp_195_cycle_1_134",4
"11265","virus_comp_195_cycle_1_135",4
"11266","virus_comp_195_cycle_1_136",4
"11267","virus_comp_195_cycle_1_137",4
"11268","virus_comp_195_cycle_1_14",4
"11269","virus_comp_195_cycle_1_140",4
"11270","virus_comp_195_cycle_1_141",4
"11271","virus_comp_195_cycle_1_142",4
"11272","virus_comp_195_cycle_1_144",4
"11273","virus_comp_195_cycle_1_145",4
"11274","virus_comp_195_cycle_1_146",4
"11275","virus_comp_195_cycle_1_147",4
"11276","virus_comp_195_cycle_1_150",4
"11277","virus_comp_195_cycle_1_151",4
"11278","virus_comp_195_cycle_1_152",4
"11279","virus_comp_195_cycle_1_153",4
"11280","virus_comp_195_cycle_1_154",4
"11281","virus_comp_195_cycle_1_155",4
"11282","virus_comp_195_cycle_1_156",4
"11283","virus_comp_195_cycle_1_157",4
"11284","virus_comp_195_cycle_1_16",4
"11285","virus_comp_195_cycle_1_160",4
"11286","virus_comp_195_cycle_1_161",4
"11287","virus_comp_195_cycle_1_167",4
"11288","virus_comp_195_cycle_1_168",4
"11289","virus_comp_195_cycle_1_169",4
"11290","virus_comp_195_cycle_1_174",4
"11291","virus_comp_195_cycle_1_175",4
"11292","virus_comp_195_cycle_1_178",4
"11293","virus_comp_195_cycle_1_22",4
"11294","virus_comp_195_cycle_1_24",4
"11295","virus_comp_195_cycle_1_26",4
"11296","virus_comp_195_cycle_1_32",4
"11297","virus_comp_195_cycle_1_35",4
"11298","virus_comp_195_cycle_1_42",4
"11299","virus_comp_195_cycle_1_46",4
"11300","virus_comp_195_cycle_1_53",4
"11301","virus_comp_195_cycle_1_65",4
"11302","virus_comp_195_cycle_1_81",4
"11303","virus_comp_195_cycle_1_82",4
"11304","virus_comp_195_cycle_1_86",4
"11305","virus_comp_195_cycle_1_87",4
"11306","virus_comp_195_cycle_1_89",4
"11307","virus_comp_195_cycle_1_90",4
"11308","virus_comp_195_cycle_1_94",4
"11309","virus_comp_1950_cycle_1_9",4
"11310","virus_comp_1951_cycle_1_2",4
"11311","virus_comp_1951_cycle_1_4",4
"11312","virus_comp_1951_cycle_1_5",4
"11313","virus_comp_1952_cycle_1_1",4
"11314","virus_comp_1966_cycle_1_5",4
"11315","virus_comp_1966_cycle_1_6",4
"11316","virus_comp_197_cycle_1_109",4
"11317","virus_comp_197_cycle_1_110",4
"11318","virus_comp_197_cycle_1_125",4
"11319","virus_comp_197_cycle_1_126",4
"11320","virus_comp_197_cycle_1_17",4
"11321","virus_comp_197_cycle_1_19",4
"11322","virus_comp_197_cycle_1_34",4
"11323","virus_comp_197_cycle_1_4",4
"11324","virus_comp_197_cycle_1_46",4
"11325","virus_comp_197_cycle_1_5",4
"11326","virus_comp_197_cycle_1_53",4
"11327","virus_comp_197_cycle_1_74",4
"11328","virus_comp_197_cycle_1_76",4
"11329","virus_comp_197_cycle_1_79",4
"11330","virus_comp_197_cycle_1_85",4
"11331","virus_comp_197_cycle_1_86",4
"11332","virus_comp_197_cycle_1_89",4
"11333","virus_comp_197_cycle_1_93",4
"11334","virus_comp_197_cycle_1_96",4
"11335","virus_comp_1983_cycle_1_1",4
"11336","virus_comp_1983_cycle_1_10",4
"11337","virus_comp_1983_cycle_1_2",4
"11338","virus_comp_1983_cycle_1_6",4
"11339","virus_comp_1983_cycle_1_7",4
"11340","virus_comp_199_cycle_1_2",4
"11341","virus_comp_199_cycle_1_5",4
"11342","virus_comp_199_cycle_1_6",4
"11343","virus_comp_1997_cycle_1_10",4
"11344","virus_comp_1997_cycle_1_11",4
"11345","virus_comp_1997_cycle_1_12",4
"11346","virus_comp_1997_cycle_1_15",4
"11347","virus_comp_1997_cycle_1_16",4
"11348","virus_comp_1997_cycle_1_17",4
"11349","virus_comp_1997_cycle_1_2",4
"11350","virus_comp_1997_cycle_1_3",4
"11351","virus_comp_1997_cycle_1_5",4
"11352","virus_comp_1997_cycle_1_6",4
"11353","virus_comp_1997_cycle_1_7",4
"11354","virus_comp_1997_cycle_1_8",4
"11355","virus_comp_1997_cycle_1_9",4
"11356","virus_comp_2005_cycle_1_11",4
"11357","virus_comp_2008_cycle_1_8",4
"11358","virus_comp_201_cycle_1_1",4
"11359","virus_comp_2011_cycle_1_2",4
"11360","virus_comp_2011_cycle_1_6",4
"11361","virus_comp_2012_cycle_1_6",4
"11362","virus_comp_2017_cycle_1_7",4
"11363","virus_comp_2024_cycle_1_3",4
"11364","virus_comp_2024_cycle_1_4",4
"11365","virus_comp_2024_cycle_1_5",4
"11366","virus_comp_2025_cycle_1_3",4
"11367","virus_comp_2025_cycle_1_5",4
"11368","virus_comp_2025_cycle_1_8",4
"11369","virus_comp_2026_cycle_1_1",4
"11370","virus_comp_2026_cycle_1_3",4
"11371","virus_comp_2026_cycle_1_4",4
"11372","virus_comp_2026_cycle_1_5",4
"11373","virus_comp_2026_cycle_1_6",4
"11374","virus_comp_2026_cycle_1_7",4
"11375","virus_comp_2026_cycle_1_9",4
"11376","virus_comp_2029_cycle_1_4",4
"11377","virus_comp_2030_cycle_1_2",4
"11378","virus_comp_2032_cycle_1_8",4
"11379","virus_comp_2033_cycle_1_5",4
"11380","virus_comp_2033_cycle_1_8",4
"11381","virus_comp_2044_cycle_1_7",4
"11382","virus_comp_2046_cycle_1_6",4
"11383","virus_comp_2046_cycle_1_8",4
"11384","virus_comp_2050_cycle_1_4",4
"11385","virus_comp_2057_cycle_1_1",4
"11386","virus_comp_2057_cycle_1_10",4
"11387","virus_comp_2057_cycle_1_8",4
"11388","virus_comp_206_cycle_1_1",4
"11389","virus_comp_206_cycle_1_10",4
"11390","virus_comp_206_cycle_1_12",4
"11391","virus_comp_206_cycle_1_13",4
"11392","virus_comp_206_cycle_1_18",4
"11393","virus_comp_206_cycle_1_19",4
"11394","virus_comp_206_cycle_1_2",4
"11395","virus_comp_206_cycle_1_20",4
"11396","virus_comp_206_cycle_1_22",4
"11397","virus_comp_206_cycle_1_24",4
"11398","virus_comp_206_cycle_1_27",4
"11399","virus_comp_206_cycle_1_3",4
"11400","virus_comp_206_cycle_1_31",4
"11401","virus_comp_206_cycle_1_35",4
"11402","virus_comp_206_cycle_1_36",4
"11403","virus_comp_206_cycle_1_39",4
"11404","virus_comp_206_cycle_1_4",4
"11405","virus_comp_206_cycle_1_40",4
"11406","virus_comp_206_cycle_1_46",4
"11407","virus_comp_206_cycle_1_47",4
"11408","virus_comp_206_cycle_1_54",4
"11409","virus_comp_206_cycle_1_56",4
"11410","virus_comp_206_cycle_1_57",4
"11411","virus_comp_206_cycle_1_60",4
"11412","virus_comp_206_cycle_1_62",4
"11413","virus_comp_206_cycle_1_64",4
"11414","virus_comp_206_cycle_1_65",4
"11415","virus_comp_206_cycle_1_9",4
"11416","virus_comp_2060_cycle_1_3",4
"11417","virus_comp_2068_cycle_1_10",4
"11418","virus_comp_2068_cycle_1_2",4
"11419","virus_comp_2068_cycle_1_3",4
"11420","virus_comp_2068_cycle_1_8",4
"11421","virus_comp_2068_cycle_1_9",4
"11422","virus_comp_2071_cycle_1_4",4
"11423","virus_comp_2072_cycle_1_7",4
"11424","virus_comp_2072_cycle_1_9",4
"11425","virus_comp_2075_cycle_1_2",4
"11426","virus_comp_2075_cycle_1_7",4
"11427","virus_comp_2080_cycle_1_6",4
"11428","virus_comp_2089_cycle_1_2",4
"11429","virus_comp_2089_cycle_1_6",4
"11430","virus_comp_2091_cycle_1_2",4
"11431","virus_comp_2092_cycle_1_1",4
"11432","virus_comp_2093_cycle_1_3",4
"11433","virus_comp_2094_cycle_1_1",4
"11434","virus_comp_2094_cycle_1_11",4
"11435","virus_comp_2094_cycle_1_13",4
"11436","virus_comp_2094_cycle_1_4",4
"11437","virus_comp_2094_cycle_1_9",4
"11438","virus_comp_2096_cycle_1_2",4
"11439","virus_comp_2097_cycle_1_1",4
"11440","virus_comp_2097_cycle_1_2",4
"11441","virus_comp_2097_cycle_1_3",4
"11442","virus_comp_2097_cycle_1_6",4
"11443","virus_comp_2097_cycle_1_8",4
"11444","virus_comp_2097_cycle_1_9",4
"11445","virus_comp_2102_cycle_1_3",4
"11446","virus_comp_2102_cycle_1_5",4
"11447","virus_comp_2109_cycle_1_12",4
"11448","virus_comp_2109_cycle_1_4",4
"11449","virus_comp_2118_cycle_1_1",4
"11450","virus_comp_2118_cycle_1_7",4
"11451","virus_comp_2119_cycle_1_7",4
"11452","virus_comp_2122_cycle_1_4",4
"11453","virus_comp_2132_cycle_1_9",4
"11454","virus_comp_2133_cycle_1_7",4
"11455","virus_comp_2134_cycle_1_4",4
"11456","virus_comp_2134_cycle_1_6",4
"11457","virus_comp_2134_cycle_1_7",4
"11458","virus_comp_2139_cycle_1_13",4
"11459","virus_comp_2139_cycle_1_5",4
"11460","virus_comp_2141_cycle_1_11",4
"11461","virus_comp_2152_cycle_1_1",4
"11462","virus_comp_2155_cycle_1_7",4
"11463","virus_comp_2155_cycle_1_8",4
"11464","virus_comp_2155_cycle_1_9",4
"11465","virus_comp_2156_cycle_1_1",4
"11466","virus_comp_2156_cycle_1_2",4
"11467","virus_comp_2163_cycle_1_1",4
"11468","virus_comp_2163_cycle_1_13",4
"11469","virus_comp_2163_cycle_1_16",4
"11470","virus_comp_2163_cycle_1_4",4
"11471","virus_comp_2163_cycle_1_5",4
"11472","virus_comp_2169_cycle_1_10",4
"11473","virus_comp_2169_cycle_1_13",4
"11474","virus_comp_2169_cycle_1_2",4
"11475","virus_comp_2170_cycle_1_1",4
"11476","virus_comp_2170_cycle_1_3",4
"11477","virus_comp_2170_cycle_1_9",4
"11478","virus_comp_2171_cycle_1_10",4
"11479","virus_comp_2176_cycle_1_4",4
"11480","virus_comp_2176_cycle_1_6",4
"11481","virus_comp_2176_cycle_1_9",4
"11482","virus_comp_2179_cycle_1_3",4
"11483","virus_comp_2183_cycle_1_10",4
"11484","virus_comp_2183_cycle_1_2",4
"11485","virus_comp_2183_cycle_1_7",4
"11486","virus_comp_2190_cycle_1_4",4
"11487","virus_comp_2192_cycle_1_6",4
"11488","virus_comp_2194_cycle_1_10",4
"11489","virus_comp_2194_cycle_1_7",4
"11490","virus_comp_2197_cycle_1_16",4
"11491","virus_comp_2197_cycle_1_8",4
"11492","virus_comp_2210_cycle_1_4",4
"11493","virus_comp_2211_cycle_1_2",4
"11494","virus_comp_2215_cycle_1_5",4
"11495","virus_comp_2223_cycle_1_4",4
"11496","virus_comp_2229_cycle_1_12",4
"11497","virus_comp_2229_cycle_1_2",4
"11498","virus_comp_2229_cycle_1_7",4
"11499","virus_comp_223_cycle_1_2",4
"11500","virus_comp_2232_cycle_1_8",4
"11501","virus_comp_2233_cycle_1_1",4
"11502","virus_comp_2233_cycle_1_6",4
"11503","virus_comp_2242_cycle_1_11",4
"11504","virus_comp_2242_cycle_1_12",4
"11505","virus_comp_2244_cycle_1_3",4
"11506","virus_comp_2246_cycle_1_8",4
"11507","virus_comp_2247_cycle_1_11",4
"11508","virus_comp_2247_cycle_1_9",4
"11509","virus_comp_2248_cycle_1_10",4
"11510","virus_comp_2248_cycle_1_11",4
"11511","virus_comp_2248_cycle_1_2",4
"11512","virus_comp_2248_cycle_1_6",4
"11513","virus_comp_2248_cycle_1_8",4
"11514","virus_comp_2251_cycle_1_7",4
"11515","virus_comp_2253_cycle_1_11",4
"11516","virus_comp_2256_cycle_1_4",4
"11517","virus_comp_2257_cycle_1_1",4
"11518","virus_comp_2257_cycle_1_2",4
"11519","virus_comp_2257_cycle_1_4",4
"11520","virus_comp_2257_cycle_1_6",4
"11521","virus_comp_2258_cycle_1_1",4
"11522","virus_comp_2258_cycle_1_2",4
"11523","virus_comp_2258_cycle_1_3",4
"11524","virus_comp_2258_cycle_1_4",4
"11525","virus_comp_2258_cycle_1_5",4
"11526","virus_comp_2258_cycle_1_6",4
"11527","virus_comp_2258_cycle_1_7",4
"11528","virus_comp_2260_cycle_1_7",4
"11529","virus_comp_2264_cycle_1_1",4
"11530","virus_comp_2264_cycle_1_6",4
"11531","virus_comp_2269_cycle_1_4",4
"11532","virus_comp_2270_cycle_1_4",4
"11533","virus_comp_2270_cycle_1_7",4
"11534","virus_comp_2273_cycle_1_1",4
"11535","virus_comp_2276_cycle_1_1",4
"11536","virus_comp_2276_cycle_1_3",4
"11537","virus_comp_2276_cycle_1_4",4
"11538","virus_comp_2276_cycle_1_5",4
"11539","virus_comp_2276_cycle_1_6",4
"11540","virus_comp_2276_cycle_1_7",4
"11541","virus_comp_2283_cycle_1_3",4
"11542","virus_comp_2285_cycle_1_3",4
"11543","virus_comp_2285_cycle_1_4",4
"11544","virus_comp_2285_cycle_1_5",4
"11545","virus_comp_2285_cycle_1_6",4
"11546","virus_comp_2285_cycle_1_7",4
"11547","virus_comp_2285_cycle_1_9",4
"11548","virus_comp_2287_cycle_1_6",4
"11549","virus_comp_229_cycle_1_39",4
"11550","virus_comp_229_cycle_1_60",4
"11551","virus_comp_229_cycle_1_63",4
"11552","virus_comp_230_cycle_1_173",4
"11553","virus_comp_2301_cycle_1_1",4
"11554","virus_comp_2301_cycle_1_2",4
"11555","virus_comp_2301_cycle_1_4",4
"11556","virus_comp_2301_cycle_1_6",4
"11557","virus_comp_2302_cycle_1_9",4
"11558","virus_comp_2305_cycle_1_10",4
"11559","virus_comp_2305_cycle_1_5",4
"11560","virus_comp_2305_cycle_1_7",4
"11561","virus_comp_2305_cycle_1_9",4
"11562","virus_comp_2307_cycle_1_3",4
"11563","virus_comp_2307_cycle_1_6",4
"11564","virus_comp_2308_cycle_1_3",4
"11565","virus_comp_2308_cycle_1_5",4
"11566","virus_comp_231_cycle_1_2",4
"11567","virus_comp_2311_cycle_1_1",4
"11568","virus_comp_2311_cycle_1_2",4
"11569","virus_comp_2311_cycle_1_4",4
"11570","virus_comp_2315_cycle_1_4",4
"11571","virus_comp_2315_cycle_1_8",4
"11572","virus_comp_2320_cycle_1_3",4
"11573","virus_comp_2320_cycle_1_9",4
"11574","virus_comp_2321_cycle_1_1",4
"11575","virus_comp_2321_cycle_1_10",4
"11576","virus_comp_2321_cycle_1_11",4
"11577","virus_comp_2321_cycle_1_2",4
"11578","virus_comp_2321_cycle_1_5",4
"11579","virus_comp_2321_cycle_1_6",4
"11580","virus_comp_2321_cycle_1_7",4
"11581","virus_comp_2321_cycle_1_8",4
"11582","virus_comp_2321_cycle_1_9",4
"11583","virus_comp_2322_cycle_1_5",4
"11584","virus_comp_2323_cycle_1_10",4
"11585","virus_comp_2323_cycle_1_13",4
"11586","virus_comp_2323_cycle_1_6",4
"11587","virus_comp_2323_cycle_1_7",4
"11588","virus_comp_2323_cycle_1_8",4
"11589","virus_comp_2323_cycle_1_9",4
"11590","virus_comp_2324_cycle_1_1",4
"11591","virus_comp_2324_cycle_1_4",4
"11592","virus_comp_2325_cycle_1_1",4
"11593","virus_comp_2325_cycle_1_10",4
"11594","virus_comp_2325_cycle_1_4",4
"11595","virus_comp_2325_cycle_1_5",4
"11596","virus_comp_2325_cycle_1_6",4
"11597","virus_comp_2325_cycle_1_7",4
"11598","virus_comp_2325_cycle_1_8",4
"11599","virus_comp_2325_cycle_1_9",4
"11600","virus_comp_2326_cycle_1_1",4
"11601","virus_comp_2326_cycle_1_10",4
"11602","virus_comp_2326_cycle_1_11",4
"11603","virus_comp_2326_cycle_1_2",4
"11604","virus_comp_2326_cycle_1_3",4
"11605","virus_comp_2326_cycle_1_4",4
"11606","virus_comp_2326_cycle_1_5",4
"11607","virus_comp_2326_cycle_1_6",4
"11608","virus_comp_2326_cycle_1_7",4
"11609","virus_comp_2326_cycle_1_8",4
"11610","virus_comp_2326_cycle_1_9",4
"11611","virus_comp_2327_cycle_1_1",4
"11612","virus_comp_2328_cycle_1_1",4
"11613","virus_comp_2328_cycle_1_2",4
"11614","virus_comp_2328_cycle_1_4",4
"11615","virus_comp_2328_cycle_1_5",4
"11616","virus_comp_2328_cycle_1_6",4
"11617","virus_comp_2328_cycle_1_7",4
"11618","virus_comp_2328_cycle_1_8",4
"11619","virus_comp_2329_cycle_1_1",4
"11620","virus_comp_2329_cycle_1_2",4
"11621","virus_comp_2329_cycle_1_3",4
"11622","virus_comp_2329_cycle_1_5",4
"11623","virus_comp_2332_cycle_1_7",4
"11624","virus_comp_2332_cycle_1_8",4
"11625","virus_comp_2333_cycle_1_4",4
"11626","virus_comp_2334_cycle_1_2",4
"11627","virus_comp_2338_cycle_1_7",4
"11628","virus_comp_2338_cycle_1_8",4
"11629","virus_comp_2339_cycle_1_3",4
"11630","virus_comp_2339_cycle_1_7",4
"11631","virus_comp_2344_cycle_1_3",4
"11632","virus_comp_2344_cycle_1_6",4
"11633","virus_comp_2345_cycle_1_2",4
"11634","virus_comp_2345_cycle_1_3",4
"11635","virus_comp_2345_cycle_1_6",4
"11636","virus_comp_2349_cycle_1_3",4
"11637","virus_comp_2349_cycle_1_4",4
"11638","virus_comp_2351_cycle_1_4",4
"11639","virus_comp_2351_cycle_1_5",4
"11640","virus_comp_2351_cycle_1_6",4
"11641","virus_comp_2354_cycle_1_1",4
"11642","virus_comp_2354_cycle_1_2",4
"11643","virus_comp_2354_cycle_1_3",4
"11644","virus_comp_2354_cycle_1_4",4
"11645","virus_comp_2354_cycle_1_5",4
"11646","virus_comp_2354_cycle_1_7",4
"11647","virus_comp_2354_cycle_1_8",4
"11648","virus_comp_2354_cycle_1_9",4
"11649","virus_comp_2357_cycle_1_1",4
"11650","virus_comp_2357_cycle_1_3",4
"11651","virus_comp_2357_cycle_1_7",4
"11652","virus_comp_2357_cycle_1_8",4
"11653","virus_comp_2358_cycle_1_8",4
"11654","virus_comp_2366_cycle_1_4",4
"11655","virus_comp_2368_cycle_1_2",4
"11656","virus_comp_2370_cycle_1_11",4
"11657","virus_comp_2372_cycle_1_5",4
"11658","virus_comp_2372_cycle_1_6",4
"11659","virus_comp_2373_cycle_1_2",4
"11660","virus_comp_2375_cycle_1_3",4
"11661","virus_comp_2376_cycle_1_6",4
"11662","virus_comp_238_cycle_1_10",4
"11663","virus_comp_238_cycle_1_101",4
"11664","virus_comp_238_cycle_1_104",4
"11665","virus_comp_238_cycle_1_114",4
"11666","virus_comp_238_cycle_1_120",4
"11667","virus_comp_238_cycle_1_121",4
"11668","virus_comp_238_cycle_1_125",4
"11669","virus_comp_238_cycle_1_126",4
"11670","virus_comp_238_cycle_1_127",4
"11671","virus_comp_238_cycle_1_131",4
"11672","virus_comp_238_cycle_1_132",4
"11673","virus_comp_238_cycle_1_14",4
"11674","virus_comp_238_cycle_1_151",4
"11675","virus_comp_238_cycle_1_157",4
"11676","virus_comp_238_cycle_1_159",4
"11677","virus_comp_238_cycle_1_160",4
"11678","virus_comp_238_cycle_1_163",4
"11679","virus_comp_238_cycle_1_169",4
"11680","virus_comp_238_cycle_1_17",4
"11681","virus_comp_238_cycle_1_20",4
"11682","virus_comp_238_cycle_1_23",4
"11683","virus_comp_238_cycle_1_25",4
"11684","virus_comp_238_cycle_1_27",4
"11685","virus_comp_238_cycle_1_29",4
"11686","virus_comp_238_cycle_1_33",4
"11687","virus_comp_238_cycle_1_34",4
"11688","virus_comp_238_cycle_1_36",4
"11689","virus_comp_238_cycle_1_43",4
"11690","virus_comp_238_cycle_1_60",4
"11691","virus_comp_238_cycle_1_70",4
"11692","virus_comp_238_cycle_1_73",4
"11693","virus_comp_238_cycle_1_98",4
"11694","virus_comp_238_cycle_1_99",4
"11695","virus_comp_2380_cycle_1_10",4
"11696","virus_comp_2382_cycle_1_5",4
"11697","virus_comp_2384_cycle_1_5",4
"11698","virus_comp_2385_cycle_1_4",4
"11699","virus_comp_2386_cycle_1_4",4
"11700","virus_comp_2387_cycle_1_3",4
"11701","virus_comp_2387_cycle_1_4",4
"11702","virus_comp_2387_cycle_1_5",4
"11703","virus_comp_2387_cycle_1_6",4
"11704","virus_comp_2387_cycle_1_7",4
"11705","virus_comp_2387_cycle_1_8",4
"11706","virus_comp_2393_cycle_1_8",4
"11707","virus_comp_2396_cycle_1_3",4
"11708","virus_comp_2397_cycle_1_1",4
"11709","virus_comp_2397_cycle_1_4",4
"11710","virus_comp_2397_cycle_1_6",4
"11711","virus_comp_2400_cycle_1_1",4
"11712","virus_comp_2402_cycle_1_1",4
"11713","virus_comp_2402_cycle_1_11",4
"11714","virus_comp_2408_cycle_1_2",4
"11715","virus_comp_2408_cycle_1_7",4
"11716","virus_comp_2408_cycle_1_8",4
"11717","virus_comp_2410_cycle_1_10",4
"11718","virus_comp_2410_cycle_1_6",4
"11719","virus_comp_2410_cycle_1_7",4
"11720","virus_comp_2410_cycle_1_9",4
"11721","virus_comp_2418_cycle_1_5",4
"11722","virus_comp_2420_cycle_1_2",4
"11723","virus_comp_2420_cycle_1_3",4
"11724","virus_comp_2420_cycle_1_4",4
"11725","virus_comp_2420_cycle_1_7",4
"11726","virus_comp_2422_cycle_1_3",4
"11727","virus_comp_2422_cycle_1_5",4
"11728","virus_comp_2431_cycle_1_7",4
"11729","virus_comp_2431_cycle_1_8",4
"11730","virus_comp_2432_cycle_1_9",4
"11731","virus_comp_2433_cycle_1_3",4
"11732","virus_comp_2435_cycle_1_2",4
"11733","virus_comp_2435_cycle_1_7",4
"11734","virus_comp_2438_cycle_1_5",4
"11735","virus_comp_2442_cycle_1_5",4
"11736","virus_comp_2445_cycle_1_3",4
"11737","virus_comp_2445_cycle_1_5",4
"11738","virus_comp_245_cycle_1_109",4
"11739","virus_comp_245_cycle_1_112",4
"11740","virus_comp_245_cycle_1_113",4
"11741","virus_comp_245_cycle_1_16",4
"11742","virus_comp_245_cycle_1_17",4
"11743","virus_comp_245_cycle_1_18",4
"11744","virus_comp_245_cycle_1_19",4
"11745","virus_comp_245_cycle_1_23",4
"11746","virus_comp_245_cycle_1_26",4
"11747","virus_comp_245_cycle_1_29",4
"11748","virus_comp_245_cycle_1_30",4
"11749","virus_comp_245_cycle_1_32",4
"11750","virus_comp_245_cycle_1_36",4
"11751","virus_comp_245_cycle_1_41",4
"11752","virus_comp_245_cycle_1_42",4
"11753","virus_comp_245_cycle_1_45",4
"11754","virus_comp_245_cycle_1_49",4
"11755","virus_comp_245_cycle_1_5",4
"11756","virus_comp_245_cycle_1_50",4
"11757","virus_comp_245_cycle_1_52",4
"11758","virus_comp_245_cycle_1_56",4
"11759","virus_comp_245_cycle_1_64",4
"11760","virus_comp_245_cycle_1_65",4
"11761","virus_comp_245_cycle_1_66",4
"11762","virus_comp_245_cycle_1_67",4
"11763","virus_comp_245_cycle_1_68",4
"11764","virus_comp_245_cycle_1_71",4
"11765","virus_comp_245_cycle_1_72",4
"11766","virus_comp_245_cycle_1_73",4
"11767","virus_comp_245_cycle_1_75",4
"11768","virus_comp_245_cycle_1_80",4
"11769","virus_comp_245_cycle_1_82",4
"11770","virus_comp_245_cycle_1_83",4
"11771","virus_comp_245_cycle_1_84",4
"11772","virus_comp_245_cycle_1_88",4
"11773","virus_comp_245_cycle_1_89",4
"11774","virus_comp_245_cycle_1_93",4
"11775","virus_comp_245_cycle_1_94",4
"11776","virus_comp_245_cycle_1_96",4
"11777","virus_comp_245_cycle_1_97",4
"11778","virus_comp_245_cycle_1_98",4
"11779","virus_comp_245_cycle_1_99",4
"11780","virus_comp_2450_cycle_1_8",4
"11781","virus_comp_2452_cycle_1_2",4
"11782","virus_comp_2452_cycle_1_4",4
"11783","virus_comp_2452_cycle_1_8",4
"11784","virus_comp_2461_cycle_1_3",4
"11785","virus_comp_2461_cycle_1_5",4
"11786","virus_comp_2461_cycle_1_6",4
"11787","virus_comp_2461_cycle_1_9",4
"11788","virus_comp_2464_cycle_1_2",4
"11789","virus_comp_2464_cycle_1_3",4
"11790","virus_comp_2464_cycle_1_4",4
"11791","virus_comp_2464_cycle_1_9",4
"11792","virus_comp_2465_cycle_1_3",4
"11793","virus_comp_2465_cycle_1_5",4
"11794","virus_comp_2465_cycle_1_6",4
"11795","virus_comp_2467_cycle_1_2",4
"11796","virus_comp_2474_cycle_1_4",4
"11797","virus_comp_2474_cycle_1_5",4
"11798","virus_comp_2478_cycle_1_1",4
"11799","virus_comp_2478_cycle_1_6",4
"11800","virus_comp_2488_cycle_1_2",4
"11801","virus_comp_2488_cycle_1_6",4
"11802","virus_comp_2488_cycle_1_7",4
"11803","virus_comp_2489_cycle_1_5",4
"11804","virus_comp_2491_cycle_1_1",4
"11805","virus_comp_250_cycle_1_117",4
"11806","virus_comp_250_cycle_1_118",4
"11807","virus_comp_250_cycle_1_157",4
"11808","virus_comp_250_cycle_1_168",4
"11809","virus_comp_250_cycle_1_176",4
"11810","virus_comp_250_cycle_1_211",4
"11811","virus_comp_250_cycle_1_244",4
"11812","virus_comp_250_cycle_1_258",4
"11813","virus_comp_250_cycle_1_37",4
"11814","virus_comp_250_cycle_1_42",4
"11815","virus_comp_250_cycle_1_64",4
"11816","virus_comp_250_cycle_1_83",4
"11817","virus_comp_250_cycle_1_88",4
"11818","virus_comp_250_cycle_1_89",4
"11819","virus_comp_250_cycle_1_94",4
"11820","virus_comp_250_cycle_1_98",4
"11821","virus_comp_2506_cycle_1_7",4
"11822","virus_comp_2513_cycle_1_1",4
"11823","virus_comp_2513_cycle_1_14",4
"11824","virus_comp_2513_cycle_1_2",4
"11825","virus_comp_2513_cycle_1_9",4
"11826","virus_comp_2524_cycle_1_11",4
"11827","virus_comp_2524_cycle_1_13",4
"11828","virus_comp_2524_cycle_1_9",4
"11829","virus_comp_2525_cycle_1_1",4
"11830","virus_comp_2527_cycle_1_11",4
"11831","virus_comp_2527_cycle_1_8",4
"11832","virus_comp_2529_cycle_1_10",4
"11833","virus_comp_2529_cycle_1_2",4
"11834","virus_comp_2529_cycle_1_5",4
"11835","virus_comp_2531_cycle_1_3",4
"11836","virus_comp_2535_cycle_1_11",4
"11837","virus_comp_2536_cycle_1_1",4
"11838","virus_comp_2536_cycle_1_3",4
"11839","virus_comp_2536_cycle_1_5",4
"11840","virus_comp_2536_cycle_1_7",4
"11841","virus_comp_2536_cycle_1_8",4
"11842","virus_comp_254_cycle_1_3",4
"11843","virus_comp_254_cycle_1_6",4
"11844","virus_comp_254_cycle_1_7",4
"11845","virus_comp_2540_cycle_1_1",4
"11846","virus_comp_2540_cycle_1_2",4
"11847","virus_comp_2540_cycle_1_5",4
"11848","virus_comp_2542_cycle_1_2",4
"11849","virus_comp_2545_cycle_1_4",4
"11850","virus_comp_2545_cycle_1_6",4
"11851","virus_comp_2545_cycle_1_7",4
"11852","virus_comp_2547_cycle_1_2",4
"11853","virus_comp_257_cycle_1_53",4
"11854","virus_comp_2575_cycle_1_1",4
"11855","virus_comp_2577_cycle_1_6",4
"11856","virus_comp_2609_cycle_1_1",4
"11857","virus_comp_2609_cycle_1_3",4
"11858","virus_comp_2609_cycle_1_4",4
"11859","virus_comp_2609_cycle_1_5",4
"11860","virus_comp_2609_cycle_1_8",4
"11861","virus_comp_261_cycle_1_2",4
"11862","virus_comp_262_cycle_1_1",4
"11863","virus_comp_262_cycle_1_10",4
"11864","virus_comp_262_cycle_1_106",4
"11865","virus_comp_262_cycle_1_110",4
"11866","virus_comp_262_cycle_1_111",4
"11867","virus_comp_262_cycle_1_112",4
"11868","virus_comp_262_cycle_1_114",4
"11869","virus_comp_262_cycle_1_115",4
"11870","virus_comp_262_cycle_1_12",4
"11871","virus_comp_262_cycle_1_19",4
"11872","virus_comp_262_cycle_1_26",4
"11873","virus_comp_262_cycle_1_29",4
"11874","virus_comp_262_cycle_1_34",4
"11875","virus_comp_262_cycle_1_35",4
"11876","virus_comp_262_cycle_1_38",4
"11877","virus_comp_262_cycle_1_5",4
"11878","virus_comp_262_cycle_1_50",4
"11879","virus_comp_262_cycle_1_51",4
"11880","virus_comp_262_cycle_1_52",4
"11881","virus_comp_262_cycle_1_53",4
"11882","virus_comp_262_cycle_1_54",4
"11883","virus_comp_262_cycle_1_55",4
"11884","virus_comp_262_cycle_1_56",4
"11885","virus_comp_262_cycle_1_57",4
"11886","virus_comp_262_cycle_1_58",4
"11887","virus_comp_262_cycle_1_75",4
"11888","virus_comp_262_cycle_1_80",4
"11889","virus_comp_262_cycle_1_86",4
"11890","virus_comp_262_cycle_1_87",4
"11891","virus_comp_262_cycle_1_88",4
"11892","virus_comp_262_cycle_1_9",4
"11893","virus_comp_262_cycle_1_90",4
"11894","virus_comp_262_cycle_1_91",4
"11895","virus_comp_262_cycle_1_93",4
"11896","virus_comp_2633_cycle_1_6",4
"11897","virus_comp_2634_cycle_1_16",4
"11898","virus_comp_2634_cycle_1_4",4
"11899","virus_comp_2638_cycle_1_8",4
"11900","virus_comp_2641_cycle_1_4",4
"11901","virus_comp_2644_cycle_1_5",4
"11902","virus_comp_2644_cycle_1_7",4
"11903","virus_comp_2649_cycle_1_3",4
"11904","virus_comp_2652_cycle_1_1",4
"11905","virus_comp_266_cycle_1_2",4
"11906","virus_comp_266_cycle_1_4",4
"11907","virus_comp_2661_cycle_1_5",4
"11908","virus_comp_2661_cycle_1_6",4
"11909","virus_comp_2664_cycle_1_2",4
"11910","virus_comp_2664_cycle_1_5",4
"11911","virus_comp_2664_cycle_1_7",4
"11912","virus_comp_2670_cycle_1_3",4
"11913","virus_comp_2679_cycle_1_9",4
"11914","virus_comp_2682_cycle_1_2",4
"11915","virus_comp_2686_cycle_1_2",4
"11916","virus_comp_269_cycle_1_4",4
"11917","virus_comp_2696_cycle_1_9",4
"11918","virus_comp_2699_cycle_1_2",4
"11919","virus_comp_270_cycle_1_6",4
"11920","virus_comp_2705_cycle_1_1",4
"11921","virus_comp_2705_cycle_1_2",4
"11922","virus_comp_2705_cycle_1_5",4
"11923","virus_comp_2708_cycle_1_9",4
"11924","virus_comp_2711_cycle_1_1",4
"11925","virus_comp_2711_cycle_1_4",4
"11926","virus_comp_2719_cycle_1_1",4
"11927","virus_comp_2721_cycle_1_9",4
"11928","virus_comp_2724_cycle_1_4",4
"11929","virus_comp_2730_cycle_1_3",4
"11930","virus_comp_2731_cycle_1_6",4
"11931","virus_comp_2742_cycle_1_2",4
"11932","virus_comp_2742_cycle_1_6",4
"11933","virus_comp_2742_cycle_1_7",4
"11934","virus_comp_2742_cycle_1_8",4
"11935","virus_comp_2757_cycle_1_5",4
"11936","virus_comp_2758_cycle_1_2",4
"11937","virus_comp_2758_cycle_1_3",4
"11938","virus_comp_2760_cycle_1_10",4
"11939","virus_comp_2765_cycle_1_3",4
"11940","virus_comp_2765_cycle_1_5",4
"11941","virus_comp_2769_cycle_1_1",4
"11942","virus_comp_2773_cycle_1_1",4
"11943","virus_comp_2773_cycle_1_3",4
"11944","virus_comp_2773_cycle_1_6",4
"11945","virus_comp_2773_cycle_1_7",4
"11946","virus_comp_2775_cycle_1_3",4
"11947","virus_comp_2775_cycle_1_7",4
"11948","virus_comp_2788_cycle_1_4",4
"11949","virus_comp_279_cycle_1_4",4
"11950","virus_comp_2791_cycle_1_3",4
"11951","virus_comp_2796_cycle_1_3",4
"11952","virus_comp_2799_cycle_1_1",4
"11953","virus_comp_2799_cycle_1_3",4
"11954","virus_comp_2799_cycle_1_4",4
"11955","virus_comp_280_cycle_1_20",4
"11956","virus_comp_280_cycle_1_27",4
"11957","virus_comp_2801_cycle_1_1",4
"11958","virus_comp_2801_cycle_1_4",4
"11959","virus_comp_2803_cycle_1_1",4
"11960","virus_comp_2803_cycle_1_7",4
"11961","virus_comp_2803_cycle_1_8",4
"11962","virus_comp_2809_cycle_1_7",4
"11963","virus_comp_2814_cycle_1_18",4
"11964","virus_comp_2814_cycle_1_2",4
"11965","virus_comp_2819_cycle_1_2",4
"11966","virus_comp_2819_cycle_1_4",4
"11967","virus_comp_2822_cycle_1_2",4
"11968","virus_comp_2824_cycle_1_9",4
"11969","virus_comp_2826_cycle_1_7",4
"11970","virus_comp_2830_cycle_1_1",4
"11971","virus_comp_2830_cycle_1_5",4
"11972","virus_comp_2833_cycle_1_2",4
"11973","virus_comp_2834_cycle_1_3",4
"11974","virus_comp_2836_cycle_1_1",4
"11975","virus_comp_2836_cycle_1_12",4
"11976","virus_comp_2836_cycle_1_13",4
"11977","virus_comp_2836_cycle_1_4",4
"11978","virus_comp_2836_cycle_1_5",4
"11979","virus_comp_2836_cycle_1_6",4
"11980","virus_comp_2836_cycle_1_7",4
"11981","virus_comp_2836_cycle_1_8",4
"11982","virus_comp_2836_cycle_1_9",4
"11983","virus_comp_2838_cycle_1_1",4
"11984","virus_comp_2838_cycle_1_11",4
"11985","virus_comp_2838_cycle_1_2",4
"11986","virus_comp_2838_cycle_1_7",4
"11987","virus_comp_2838_cycle_1_8",4
"11988","virus_comp_2844_cycle_1_4",4
"11989","virus_comp_2846_cycle_1_5",4
"11990","virus_comp_2849_cycle_1_2",4
"11991","virus_comp_2849_cycle_1_3",4
"11992","virus_comp_285_cycle_1_130",4
"11993","virus_comp_285_cycle_1_21",4
"11994","virus_comp_285_cycle_1_59",4
"11995","virus_comp_285_cycle_1_61",4
"11996","virus_comp_2856_cycle_1_1",4
"11997","virus_comp_2864_cycle_1_3",4
"11998","virus_comp_2864_cycle_1_4",4
"11999","virus_comp_2864_cycle_1_6",4
"12000","virus_comp_2875_cycle_1_3",4
"12001","virus_comp_2875_cycle_1_4",4
"12002","virus_comp_2875_cycle_1_5",4
"12003","virus_comp_2875_cycle_1_6",4
"12004","virus_comp_2883_cycle_1_1",4
"12005","virus_comp_2885_cycle_1_8",4
"12006","virus_comp_2885_cycle_1_9",4
"12007","virus_comp_29_cycle_1_13",4
"12008","virus_comp_29_cycle_1_16",4
"12009","virus_comp_29_cycle_1_25",4
"12010","virus_comp_29_cycle_1_35",4
"12011","virus_comp_29_cycle_1_37",4
"12012","virus_comp_29_cycle_1_38",4
"12013","virus_comp_29_cycle_1_41",4
"12014","virus_comp_29_cycle_1_42",4
"12015","virus_comp_29_cycle_1_43",4
"12016","virus_comp_29_cycle_1_44",4
"12017","virus_comp_29_cycle_1_45",4
"12018","virus_comp_29_cycle_1_46",4
"12019","virus_comp_29_cycle_1_47",4
"12020","virus_comp_29_cycle_1_5",4
"12021","virus_comp_29_cycle_1_51",4
"12022","virus_comp_29_cycle_1_52",4
"12023","virus_comp_29_cycle_1_56",4
"12024","virus_comp_29_cycle_1_6",4
"12025","virus_comp_29_cycle_1_69",4
"12026","virus_comp_29_cycle_1_7",4
"12027","virus_comp_29_cycle_1_71",4
"12028","virus_comp_29_cycle_1_8",4
"12029","virus_comp_29_cycle_1_80",4
"12030","virus_comp_29_cycle_1_83",4
"12031","virus_comp_29_cycle_1_84",4
"12032","virus_comp_29_cycle_1_85",4
"12033","virus_comp_29_cycle_1_86",4
"12034","virus_comp_2904_cycle_1_1",4
"12035","virus_comp_2905_cycle_1_10",4
"12036","virus_comp_2905_cycle_1_13",4
"12037","virus_comp_2905_cycle_1_14",4
"12038","virus_comp_2918_cycle_1_6",4
"12039","virus_comp_2923_cycle_1_4",4
"12040","virus_comp_2928_cycle_1_10",4
"12041","virus_comp_2931_cycle_1_8",4
"12042","virus_comp_2945_cycle_1_7",4
"12043","virus_comp_2946_cycle_1_1",4
"12044","virus_comp_2950_cycle_1_1",4
"12045","virus_comp_2950_cycle_1_4",4
"12046","virus_comp_2955_cycle_1_5",4
"12047","virus_comp_2955_cycle_1_6",4
"12048","virus_comp_2970_cycle_1_4",4
"12049","virus_comp_298_cycle_1_1",4
"12050","virus_comp_298_cycle_1_2",4
"12051","virus_comp_298_cycle_1_3",4
"12052","virus_comp_3_cycle_1_8",4
"12053","virus_comp_3012_cycle_1_2",4
"12054","virus_comp_3022_cycle_1_1",4
"12055","virus_comp_3023_cycle_1_6",4
"12056","virus_comp_3025_cycle_1_12",4
"12057","virus_comp_3031_cycle_1_3",4
"12058","virus_comp_3037_cycle_1_4",4
"12059","virus_comp_3041_cycle_1_1",4
"12060","virus_comp_3041_cycle_1_3",4
"12061","virus_comp_3041_cycle_1_5",4
"12062","virus_comp_3044_cycle_1_4",4
"12063","virus_comp_3052_cycle_1_5",4
"12064","virus_comp_306_cycle_1_3",4
"12065","virus_comp_3063_cycle_1_6",4
"12066","virus_comp_3063_cycle_1_7",4
"12067","virus_comp_3082_cycle_1_3",4
"12068","virus_comp_3082_cycle_1_6",4
"12069","virus_comp_3082_cycle_1_7",4
"12070","virus_comp_3083_cycle_1_6",4
"12071","virus_comp_3089_cycle_1_4",4
"12072","virus_comp_3093_cycle_1_8",4
"12073","virus_comp_3094_cycle_1_6",4
"12074","virus_comp_3094_cycle_1_7",4
"12075","virus_comp_3098_cycle_1_7",4
"12076","virus_comp_3099_cycle_1_6",4
"12077","virus_comp_3099_cycle_1_7",4
"12078","virus_comp_3104_cycle_1_5",4
"12079","virus_comp_3114_cycle_1_3",4
"12080","virus_comp_3114_cycle_1_4",4
"12081","virus_comp_3131_cycle_1_1",4
"12082","virus_comp_3131_cycle_1_6",4
"12083","virus_comp_3132_cycle_1_2",4
"12084","virus_comp_3136_cycle_1_1",4
"12085","virus_comp_3147_cycle_1_1",4
"12086","virus_comp_3147_cycle_1_4",4
"12087","virus_comp_3147_cycle_1_5",4
"12088","virus_comp_3149_cycle_1_1",4
"12089","virus_comp_3149_cycle_1_3",4
"12090","virus_comp_3152_cycle_1_1",4
"12091","virus_comp_3153_cycle_1_14",4
"12092","virus_comp_3153_cycle_1_3",4
"12093","virus_comp_3154_cycle_1_2",4
"12094","virus_comp_3167_cycle_1_5",4
"12095","virus_comp_3170_cycle_1_2",4
"12096","virus_comp_3170_cycle_1_3",4
"12097","virus_comp_318_cycle_1_100",4
"12098","virus_comp_318_cycle_1_104",4
"12099","virus_comp_318_cycle_1_108",4
"12100","virus_comp_318_cycle_1_109",4
"12101","virus_comp_318_cycle_1_13",4
"12102","virus_comp_318_cycle_1_15",4
"12103","virus_comp_318_cycle_1_16",4
"12104","virus_comp_318_cycle_1_17",4
"12105","virus_comp_318_cycle_1_18",4
"12106","virus_comp_318_cycle_1_20",4
"12107","virus_comp_318_cycle_1_21",4
"12108","virus_comp_318_cycle_1_22",4
"12109","virus_comp_318_cycle_1_24",4
"12110","virus_comp_318_cycle_1_27",4
"12111","virus_comp_318_cycle_1_28",4
"12112","virus_comp_318_cycle_1_29",4
"12113","virus_comp_318_cycle_1_30",4
"12114","virus_comp_318_cycle_1_31",4
"12115","virus_comp_318_cycle_1_32",4
"12116","virus_comp_318_cycle_1_35",4
"12117","virus_comp_318_cycle_1_36",4
"12118","virus_comp_318_cycle_1_37",4
"12119","virus_comp_318_cycle_1_39",4
"12120","virus_comp_318_cycle_1_4",4
"12121","virus_comp_318_cycle_1_40",4
"12122","virus_comp_318_cycle_1_41",4
"12123","virus_comp_318_cycle_1_42",4
"12124","virus_comp_318_cycle_1_43",4
"12125","virus_comp_318_cycle_1_44",4
"12126","virus_comp_318_cycle_1_45",4
"12127","virus_comp_318_cycle_1_46",4
"12128","virus_comp_318_cycle_1_5",4
"12129","virus_comp_318_cycle_1_52",4
"12130","virus_comp_318_cycle_1_53",4
"12131","virus_comp_318_cycle_1_54",4
"12132","virus_comp_318_cycle_1_55",4
"12133","virus_comp_318_cycle_1_56",4
"12134","virus_comp_318_cycle_1_58",4
"12135","virus_comp_318_cycle_1_59",4
"12136","virus_comp_318_cycle_1_6",4
"12137","virus_comp_318_cycle_1_60",4
"12138","virus_comp_318_cycle_1_62",4
"12139","virus_comp_318_cycle_1_63",4
"12140","virus_comp_318_cycle_1_64",4
"12141","virus_comp_318_cycle_1_65",4
"12142","virus_comp_318_cycle_1_66",4
"12143","virus_comp_318_cycle_1_67",4
"12144","virus_comp_318_cycle_1_68",4
"12145","virus_comp_318_cycle_1_69",4
"12146","virus_comp_318_cycle_1_7",4
"12147","virus_comp_318_cycle_1_70",4
"12148","virus_comp_318_cycle_1_71",4
"12149","virus_comp_318_cycle_1_72",4
"12150","virus_comp_318_cycle_1_73",4
"12151","virus_comp_318_cycle_1_74",4
"12152","virus_comp_318_cycle_1_76",4
"12153","virus_comp_318_cycle_1_77",4
"12154","virus_comp_318_cycle_1_8",4
"12155","virus_comp_318_cycle_1_86",4
"12156","virus_comp_318_cycle_1_89",4
"12157","virus_comp_318_cycle_1_9",4
"12158","virus_comp_318_cycle_1_90",4
"12159","virus_comp_3189_cycle_1_1",4
"12160","virus_comp_319_cycle_1_1",4
"12161","virus_comp_319_cycle_1_2",4
"12162","virus_comp_319_cycle_1_3",4
"12163","virus_comp_319_cycle_1_4",4
"12164","virus_comp_319_cycle_1_6",4
"12165","virus_comp_3192_cycle_1_6",4
"12166","virus_comp_3192_cycle_1_7",4
"12167","virus_comp_3192_cycle_1_9",4
"12168","virus_comp_3195_cycle_1_3",4
"12169","virus_comp_3197_cycle_1_1",4
"12170","virus_comp_3197_cycle_1_9",4
"12171","virus_comp_3199_cycle_1_4",4
"12172","virus_comp_3200_cycle_1_5",4
"12173","virus_comp_3204_cycle_1_2",4
"12174","virus_comp_3204_cycle_1_4",4
"12175","virus_comp_3216_cycle_1_1",4
"12176","virus_comp_3225_cycle_1_1",4
"12177","virus_comp_3225_cycle_1_4",4
"12178","virus_comp_3229_cycle_1_7",4
"12179","virus_comp_3233_cycle_1_2",4
"12180","virus_comp_3235_cycle_1_4",4
"12181","virus_comp_3236_cycle_1_10",4
"12182","virus_comp_3236_cycle_1_4",4
"12183","virus_comp_3236_cycle_1_7",4
"12184","virus_comp_324_cycle_1_4",4
"12185","virus_comp_324_cycle_1_5",4
"12186","virus_comp_3253_cycle_1_3",4
"12187","virus_comp_3260_cycle_1_2",4
"12188","virus_comp_3274_cycle_1_1",4
"12189","virus_comp_3281_cycle_1_4",4
"12190","virus_comp_3281_cycle_1_6",4
"12191","virus_comp_3281_cycle_1_7",4
"12192","virus_comp_3286_cycle_1_4",4
"12193","virus_comp_3297_cycle_1_10",4
"12194","virus_comp_3297_cycle_1_9",4
"12195","virus_comp_330_cycle_1_1",4
"12196","virus_comp_330_cycle_1_101",4
"12197","virus_comp_330_cycle_1_102",4
"12198","virus_comp_330_cycle_1_103",4
"12199","virus_comp_330_cycle_1_119",4
"12200","virus_comp_330_cycle_1_14",4
"12201","virus_comp_330_cycle_1_15",4
"12202","virus_comp_330_cycle_1_16",4
"12203","virus_comp_330_cycle_1_19",4
"12204","virus_comp_330_cycle_1_2",4
"12205","virus_comp_330_cycle_1_21",4
"12206","virus_comp_330_cycle_1_25",4
"12207","virus_comp_330_cycle_1_26",4
"12208","virus_comp_330_cycle_1_4",4
"12209","virus_comp_330_cycle_1_41",4
"12210","virus_comp_330_cycle_1_62",4
"12211","virus_comp_330_cycle_1_68",4
"12212","virus_comp_330_cycle_1_7",4
"12213","virus_comp_330_cycle_1_70",4
"12214","virus_comp_330_cycle_1_75",4
"12215","virus_comp_330_cycle_1_8",4
"12216","virus_comp_330_cycle_1_82",4
"12217","virus_comp_330_cycle_1_9",4
"12218","virus_comp_330_cycle_1_98",4
"12219","virus_comp_332_cycle_1_11",4
"12220","virus_comp_332_cycle_1_13",4
"12221","virus_comp_332_cycle_1_20",4
"12222","virus_comp_332_cycle_1_21",4
"12223","virus_comp_332_cycle_1_26",4
"12224","virus_comp_332_cycle_1_3",4
"12225","virus_comp_332_cycle_1_31",4
"12226","virus_comp_332_cycle_1_32",4
"12227","virus_comp_332_cycle_1_33",4
"12228","virus_comp_332_cycle_1_36",4
"12229","virus_comp_332_cycle_1_39",4
"12230","virus_comp_332_cycle_1_4",4
"12231","virus_comp_332_cycle_1_40",4
"12232","virus_comp_332_cycle_1_43",4
"12233","virus_comp_332_cycle_1_45",4
"12234","virus_comp_332_cycle_1_46",4
"12235","virus_comp_332_cycle_1_48",4
"12236","virus_comp_332_cycle_1_50",4
"12237","virus_comp_332_cycle_1_51",4
"12238","virus_comp_332_cycle_1_54",4
"12239","virus_comp_332_cycle_1_55",4
"12240","virus_comp_332_cycle_1_56",4
"12241","virus_comp_332_cycle_1_59",4
"12242","virus_comp_332_cycle_1_65",4
"12243","virus_comp_332_cycle_1_66",4
"12244","virus_comp_332_cycle_1_67",4
"12245","virus_comp_332_cycle_1_68",4
"12246","virus_comp_332_cycle_1_71",4
"12247","virus_comp_332_cycle_1_72",4
"12248","virus_comp_332_cycle_1_75",4
"12249","virus_comp_332_cycle_1_79",4
"12250","virus_comp_3320_cycle_1_1",4
"12251","virus_comp_3323_cycle_1_1",4
"12252","virus_comp_335_cycle_1_6",4
"12253","virus_comp_3353_cycle_1_3",4
"12254","virus_comp_3358_cycle_1_12",4
"12255","virus_comp_3359_cycle_1_2",4
"12256","virus_comp_3359_cycle_1_4",4
"12257","virus_comp_3378_cycle_1_3",4
"12258","virus_comp_3378_cycle_1_7",4
"12259","virus_comp_3381_cycle_1_8",4
"12260","virus_comp_3392_cycle_1_2",4
"12261","virus_comp_3392_cycle_1_3",4
"12262","virus_comp_3400_cycle_1_1",4
"12263","virus_comp_3409_cycle_1_2",4
"12264","virus_comp_3409_cycle_1_3",4
"12265","virus_comp_3417_cycle_1_2",4
"12266","virus_comp_3417_cycle_1_7",4
"12267","virus_comp_3420_cycle_1_1",4
"12268","virus_comp_3420_cycle_1_3",4
"12269","virus_comp_3421_cycle_1_3",4
"12270","virus_comp_3438_cycle_1_10",4
"12271","virus_comp_3438_cycle_1_7",4
"12272","virus_comp_3438_cycle_1_8",4
"12273","virus_comp_3442_cycle_1_3",4
"12274","virus_comp_3443_cycle_1_2",4
"12275","virus_comp_3443_cycle_1_3",4
"12276","virus_comp_3443_cycle_1_5",4
"12277","virus_comp_3457_cycle_1_2",4
"12278","virus_comp_3484_cycle_1_2",4
"12279","virus_comp_3484_cycle_1_3",4
"12280","virus_comp_3484_cycle_1_4",4
"12281","virus_comp_3484_cycle_1_5",4
"12282","virus_comp_3485_cycle_1_3",4
"12283","virus_comp_3508_cycle_1_3",4
"12284","virus_comp_3527_cycle_1_1",4
"12285","virus_comp_3531_cycle_1_2",4
"12286","virus_comp_3542_cycle_1_11",4
"12287","virus_comp_3545_cycle_1_3",4
"12288","virus_comp_3545_cycle_1_5",4
"12289","virus_comp_355_cycle_1_18",4
"12290","virus_comp_358_cycle_1_12",4
"12291","virus_comp_358_cycle_1_8",4
"12292","virus_comp_3615_cycle_1_1",4
"12293","virus_comp_3615_cycle_1_2",4
"12294","virus_comp_3615_cycle_1_3",4
"12295","virus_comp_3615_cycle_1_4",4
"12296","virus_comp_3621_cycle_1_6",4
"12297","virus_comp_364_cycle_1_1",4
"12298","virus_comp_3646_cycle_1_1",4
"12299","virus_comp_3663_cycle_1_3",4
"12300","virus_comp_3668_cycle_1_2",4
"12301","virus_comp_3668_cycle_1_3",4
"12302","virus_comp_3668_cycle_1_5",4
"12303","virus_comp_3668_cycle_1_6",4
"12304","virus_comp_3672_cycle_1_4",4
"12305","virus_comp_3688_cycle_1_5",4
"12306","virus_comp_3697_cycle_1_7",4
"12307","virus_comp_370_cycle_1_11",4
"12308","virus_comp_370_cycle_1_42",4
"12309","virus_comp_370_cycle_1_46",4
"12310","virus_comp_370_cycle_1_67",4
"12311","virus_comp_370_cycle_1_72",4
"12312","virus_comp_3703_cycle_1_6",4
"12313","virus_comp_3709_cycle_1_7",4
"12314","virus_comp_3714_cycle_1_2",4
"12315","virus_comp_3714_cycle_1_3",4
"12316","virus_comp_3718_cycle_1_6",4
"12317","virus_comp_372_cycle_1_1",4
"12318","virus_comp_372_cycle_1_10",4
"12319","virus_comp_372_cycle_1_101",4
"12320","virus_comp_372_cycle_1_106",4
"12321","virus_comp_372_cycle_1_107",4
"12322","virus_comp_372_cycle_1_109",4
"12323","virus_comp_372_cycle_1_11",4
"12324","virus_comp_372_cycle_1_110",4
"12325","virus_comp_372_cycle_1_111",4
"12326","virus_comp_372_cycle_1_113",4
"12327","virus_comp_372_cycle_1_114",4
"12328","virus_comp_372_cycle_1_117",4
"12329","virus_comp_372_cycle_1_118",4
"12330","virus_comp_372_cycle_1_119",4
"12331","virus_comp_372_cycle_1_12",4
"12332","virus_comp_372_cycle_1_16",4
"12333","virus_comp_372_cycle_1_17",4
"12334","virus_comp_372_cycle_1_21",4
"12335","virus_comp_372_cycle_1_23",4
"12336","virus_comp_372_cycle_1_24",4
"12337","virus_comp_372_cycle_1_25",4
"12338","virus_comp_372_cycle_1_29",4
"12339","virus_comp_372_cycle_1_30",4
"12340","virus_comp_372_cycle_1_44",4
"12341","virus_comp_372_cycle_1_49",4
"12342","virus_comp_372_cycle_1_5",4
"12343","virus_comp_372_cycle_1_54",4
"12344","virus_comp_372_cycle_1_57",4
"12345","virus_comp_372_cycle_1_6",4
"12346","virus_comp_372_cycle_1_60",4
"12347","virus_comp_372_cycle_1_7",4
"12348","virus_comp_372_cycle_1_78",4
"12349","virus_comp_372_cycle_1_79",4
"12350","virus_comp_372_cycle_1_84",4
"12351","virus_comp_372_cycle_1_85",4
"12352","virus_comp_372_cycle_1_86",4
"12353","virus_comp_372_cycle_1_88",4
"12354","virus_comp_372_cycle_1_9",4
"12355","virus_comp_372_cycle_1_90",4
"12356","virus_comp_372_cycle_1_91",4
"12357","virus_comp_372_cycle_1_92",4
"12358","virus_comp_372_cycle_1_93",4
"12359","virus_comp_372_cycle_1_94",4
"12360","virus_comp_372_cycle_1_95",4
"12361","virus_comp_372_cycle_1_97",4
"12362","virus_comp_3720_cycle_1_6",4
"12363","virus_comp_3727_cycle_1_3",4
"12364","virus_comp_3730_cycle_1_1",4
"12365","virus_comp_3730_cycle_1_2",4
"12366","virus_comp_3730_cycle_1_4",4
"12367","virus_comp_3732_cycle_1_2",4
"12368","virus_comp_3732_cycle_1_6",4
"12369","virus_comp_3744_cycle_1_1",4
"12370","virus_comp_3747_cycle_1_4",4
"12371","virus_comp_3749_cycle_1_1",4
"12372","virus_comp_3755_cycle_1_5",4
"12373","virus_comp_377_cycle_1_14",4
"12374","virus_comp_377_cycle_1_24",4
"12375","virus_comp_377_cycle_1_27",4
"12376","virus_comp_3776_cycle_1_3",4
"12377","virus_comp_3778_cycle_1_7",4
"12378","virus_comp_3807_cycle_1_2",4
"12379","virus_comp_3808_cycle_1_7",4
"12380","virus_comp_381_cycle_1_27",4
"12381","virus_comp_381_cycle_1_50",4
"12382","virus_comp_381_cycle_1_77",4
"12383","virus_comp_3811_cycle_1_5",4
"12384","virus_comp_3813_cycle_1_5",4
"12385","virus_comp_3813_cycle_1_6",4
"12386","virus_comp_3813_cycle_1_7",4
"12387","virus_comp_3816_cycle_1_1",4
"12388","virus_comp_3816_cycle_1_6",4
"12389","virus_comp_3816_cycle_1_7",4
"12390","virus_comp_3816_cycle_1_8",4
"12391","virus_comp_3817_cycle_1_1",4
"12392","virus_comp_3820_cycle_1_5",4
"12393","virus_comp_3826_cycle_1_4",4
"12394","virus_comp_3826_cycle_1_6",4
"12395","virus_comp_3828_cycle_1_1",4
"12396","virus_comp_3831_cycle_1_4",4
"12397","virus_comp_3845_cycle_1_1",4
"12398","virus_comp_3850_cycle_1_6",4
"12399","virus_comp_3870_cycle_1_6",4
"12400","virus_comp_3870_cycle_1_7",4
"12401","virus_comp_3876_cycle_1_3",4
"12402","virus_comp_3880_cycle_1_5",4
"12403","virus_comp_3907_cycle_1_1",4
"12404","virus_comp_3907_cycle_1_2",4
"12405","virus_comp_391_cycle_1_12",4
"12406","virus_comp_391_cycle_1_18",4
"12407","virus_comp_391_cycle_1_38",4
"12408","virus_comp_391_cycle_1_65",4
"12409","virus_comp_391_cycle_1_67",4
"12410","virus_comp_391_cycle_1_83",4
"12411","virus_comp_391_cycle_1_85",4
"12412","virus_comp_3918_cycle_1_2",4
"12413","virus_comp_3927_cycle_1_4",4
"12414","virus_comp_393_cycle_1_3",4
"12415","virus_comp_3930_cycle_1_1",4
"12416","virus_comp_3933_cycle_1_2",4
"12417","virus_comp_3958_cycle_1_6",4
"12418","virus_comp_398_cycle_1_2",4
"12419","virus_comp_398_cycle_1_7",4
"12420","virus_comp_3986_cycle_1_4",4
"12421","virus_comp_399_cycle_1_3",4
"12422","virus_comp_399_cycle_1_7",4
"12423","virus_comp_3997_cycle_1_5",4
"12424","virus_comp_3997_cycle_1_7",4
"12425","virus_comp_4_cycle_1_3",4
"12426","virus_comp_4_cycle_1_7",4
"12427","virus_comp_400_cycle_3_12",4
"12428","virus_comp_400_cycle_3_16",4
"12429","virus_comp_400_cycle_3_21",4
"12430","virus_comp_400_cycle_3_22",4
"12431","virus_comp_400_cycle_3_27",4
"12432","virus_comp_400_cycle_3_30",4
"12433","virus_comp_400_cycle_3_31",4
"12434","virus_comp_400_cycle_3_43",4
"12435","virus_comp_400_cycle_3_53",4
"12436","virus_comp_400_cycle_3_59",4
"12437","virus_comp_400_cycle_3_62",4
"12438","virus_comp_400_cycle_3_65",4
"12439","virus_comp_400_cycle_3_68",4
"12440","virus_comp_400_cycle_3_69",4
"12441","virus_comp_400_cycle_3_75",4
"12442","virus_comp_400_cycle_3_79",4
"12443","virus_comp_400_cycle_3_80",4
"12444","virus_comp_400_cycle_3_81",4
"12445","virus_comp_400_cycle_3_82",4
"12446","virus_comp_400_cycle_3_84",4
"12447","virus_comp_400_cycle_3_85",4
"12448","virus_comp_400_cycle_3_86",4
"12449","virus_comp_400_cycle_3_87",4
"12450","virus_comp_400_cycle_3_88",4
"12451","virus_comp_4011_cycle_1_2",4
"12452","virus_comp_4011_cycle_1_4",4
"12453","virus_comp_402_cycle_1_4",4
"12454","virus_comp_402_cycle_1_5",4
"12455","virus_comp_402_cycle_1_8",4
"12456","virus_comp_402_cycle_1_9",4
"12457","virus_comp_4029_cycle_1_3",4
"12458","virus_comp_403_cycle_1_4",4
"12459","virus_comp_4038_cycle_1_4",4
"12460","virus_comp_4038_cycle_1_7",4
"12461","virus_comp_4043_cycle_1_4",4
"12462","virus_comp_4045_cycle_1_3",4
"12463","virus_comp_4057_cycle_1_3",4
"12464","virus_comp_4067_cycle_1_9",4
"12465","virus_comp_407_cycle_1_11",4
"12466","virus_comp_4094_cycle_1_1",4
"12467","virus_comp_4096_cycle_1_3",4
"12468","virus_comp_4096_cycle_1_5",4
"12469","virus_comp_4098_cycle_1_2",4
"12470","virus_comp_410_cycle_1_1",4
"12471","virus_comp_410_cycle_1_17",4
"12472","virus_comp_410_cycle_1_7",4
"12473","virus_comp_4108_cycle_1_4",4
"12474","virus_comp_411_cycle_1_1",4
"12475","virus_comp_411_cycle_1_3",4
"12476","virus_comp_4111_cycle_1_4",4
"12477","virus_comp_4118_cycle_1_3",4
"12478","virus_comp_4121_cycle_1_5",4
"12479","virus_comp_414_cycle_1_1",4
"12480","virus_comp_414_cycle_1_5",4
"12481","virus_comp_414_cycle_1_7",4
"12482","virus_comp_4148_cycle_1_2",4
"12483","virus_comp_4149_cycle_1_2",4
"12484","virus_comp_415_cycle_1_35",4
"12485","virus_comp_415_cycle_1_50",4
"12486","virus_comp_415_cycle_1_71",4
"12487","virus_comp_415_cycle_1_72",4
"12488","virus_comp_415_cycle_1_75",4
"12489","virus_comp_415_cycle_1_76",4
"12490","virus_comp_415_cycle_1_77",4
"12491","virus_comp_4166_cycle_1_5",4
"12492","virus_comp_4166_cycle_1_7",4
"12493","virus_comp_4166_cycle_1_8",4
"12494","virus_comp_4166_cycle_1_9",4
"12495","virus_comp_4169_cycle_1_5",4
"12496","virus_comp_417_cycle_1_6",4
"12497","virus_comp_417_cycle_1_7",4
"12498","virus_comp_418_cycle_1_29",4
"12499","virus_comp_418_cycle_1_35",4
"12500","virus_comp_4199_cycle_1_4",4
"12501","virus_comp_4199_cycle_1_5",4
"12502","virus_comp_420_cycle_1_1",4
"12503","virus_comp_420_cycle_1_7",4
"12504","virus_comp_4200_cycle_1_5",4
"12505","virus_comp_4210_cycle_1_4",4
"12506","virus_comp_4236_cycle_1_3",4
"12507","virus_comp_424_cycle_1_1",4
"12508","virus_comp_4247_cycle_1_2",4
"12509","virus_comp_4247_cycle_1_3",4
"12510","virus_comp_4247_cycle_1_8",4
"12511","virus_comp_4251_cycle_1_3",4
"12512","virus_comp_4251_cycle_1_4",4
"12513","virus_comp_4251_cycle_1_5",4
"12514","virus_comp_4261_cycle_1_1",4
"12515","virus_comp_4270_cycle_1_2",4
"12516","virus_comp_4270_cycle_1_3",4
"12517","virus_comp_4270_cycle_1_6",4
"12518","virus_comp_4271_cycle_1_2",4
"12519","virus_comp_4271_cycle_1_4",4
"12520","virus_comp_4278_cycle_1_1",4
"12521","virus_comp_4278_cycle_1_2",4
"12522","virus_comp_4278_cycle_1_3",4
"12523","virus_comp_4278_cycle_1_4",4
"12524","virus_comp_4278_cycle_1_5",4
"12525","virus_comp_4278_cycle_1_8",4
"12526","virus_comp_4278_cycle_1_9",4
"12527","virus_comp_428_cycle_1_13",4
"12528","virus_comp_429_cycle_1_15",4
"12529","virus_comp_429_cycle_1_22",4
"12530","virus_comp_429_cycle_1_24",4
"12531","virus_comp_429_cycle_1_25",4
"12532","virus_comp_429_cycle_1_32",4
"12533","virus_comp_429_cycle_1_42",4
"12534","virus_comp_429_cycle_1_61",4
"12535","virus_comp_429_cycle_1_82",4
"12536","virus_comp_430_cycle_1_12",4
"12537","virus_comp_430_cycle_1_26",4
"12538","virus_comp_430_cycle_1_4",4
"12539","virus_comp_430_cycle_1_5",4
"12540","virus_comp_431_cycle_1_6",4
"12541","virus_comp_432_cycle_1_3",4
"12542","virus_comp_4320_cycle_1_5",4
"12543","virus_comp_433_cycle_1_1",4
"12544","virus_comp_433_cycle_1_11",4
"12545","virus_comp_433_cycle_1_12",4
"12546","virus_comp_433_cycle_1_13",4
"12547","virus_comp_433_cycle_1_16",4
"12548","virus_comp_433_cycle_1_18",4
"12549","virus_comp_433_cycle_1_19",4
"12550","virus_comp_433_cycle_1_20",4
"12551","virus_comp_433_cycle_1_24",4
"12552","virus_comp_433_cycle_1_33",4
"12553","virus_comp_433_cycle_1_38",4
"12554","virus_comp_433_cycle_1_39",4
"12555","virus_comp_433_cycle_1_4",4
"12556","virus_comp_433_cycle_1_44",4
"12557","virus_comp_433_cycle_1_47",4
"12558","virus_comp_433_cycle_1_5",4
"12559","virus_comp_433_cycle_1_50",4
"12560","virus_comp_433_cycle_1_53",4
"12561","virus_comp_433_cycle_1_57",4
"12562","virus_comp_433_cycle_1_58",4
"12563","virus_comp_433_cycle_1_62",4
"12564","virus_comp_433_cycle_1_66",4
"12565","virus_comp_433_cycle_1_68",4
"12566","virus_comp_433_cycle_1_7",4
"12567","virus_comp_433_cycle_1_80",4
"12568","virus_comp_433_cycle_1_81",4
"12569","virus_comp_4337_cycle_1_5",4
"12570","virus_comp_4337_cycle_1_6",4
"12571","virus_comp_4339_cycle_1_2",4
"12572","virus_comp_4346_cycle_1_4",4
"12573","virus_comp_4349_cycle_1_1",4
"12574","virus_comp_4349_cycle_1_2",4
"12575","virus_comp_4349_cycle_1_4",4
"12576","virus_comp_436_cycle_1_10",4
"12577","virus_comp_436_cycle_1_11",4
"12578","virus_comp_436_cycle_1_2",4
"12579","virus_comp_436_cycle_1_3",4
"12580","virus_comp_436_cycle_1_5",4
"12581","virus_comp_436_cycle_1_8",4
"12582","virus_comp_438_cycle_1_1",4
"12583","virus_comp_4389_cycle_1_5",4
"12584","virus_comp_439_cycle_1_10",4
"12585","virus_comp_439_cycle_1_14",4
"12586","virus_comp_439_cycle_1_22",4
"12587","virus_comp_439_cycle_1_28",4
"12588","virus_comp_439_cycle_1_3",4
"12589","virus_comp_439_cycle_1_32",4
"12590","virus_comp_439_cycle_1_33",4
"12591","virus_comp_439_cycle_1_36",4
"12592","virus_comp_439_cycle_1_40",4
"12593","virus_comp_439_cycle_1_42",4
"12594","virus_comp_439_cycle_1_44",4
"12595","virus_comp_439_cycle_1_46",4
"12596","virus_comp_439_cycle_1_52",4
"12597","virus_comp_439_cycle_1_55",4
"12598","virus_comp_439_cycle_1_57",4
"12599","virus_comp_4393_cycle_1_2",4
"12600","virus_comp_4393_cycle_1_3",4
"12601","virus_comp_440_cycle_1_10",4
"12602","virus_comp_4406_cycle_1_2",4
"12603","virus_comp_4406_cycle_1_3",4
"12604","virus_comp_4406_cycle_1_5",4
"12605","virus_comp_4406_cycle_1_7",4
"12606","virus_comp_442_cycle_1_1",4
"12607","virus_comp_442_cycle_1_17",4
"12608","virus_comp_442_cycle_1_20",4
"12609","virus_comp_442_cycle_1_24",4
"12610","virus_comp_442_cycle_1_26",4
"12611","virus_comp_442_cycle_1_28",4
"12612","virus_comp_442_cycle_1_32",4
"12613","virus_comp_442_cycle_1_36",4
"12614","virus_comp_442_cycle_1_37",4
"12615","virus_comp_442_cycle_1_39",4
"12616","virus_comp_442_cycle_1_42",4
"12617","virus_comp_442_cycle_1_45",4
"12618","virus_comp_442_cycle_1_47",4
"12619","virus_comp_442_cycle_1_48",4
"12620","virus_comp_442_cycle_1_50",4
"12621","virus_comp_442_cycle_1_53",4
"12622","virus_comp_442_cycle_1_54",4
"12623","virus_comp_442_cycle_1_57",4
"12624","virus_comp_442_cycle_1_8",4
"12625","virus_comp_443_cycle_1_8",4
"12626","virus_comp_445_cycle_1_6",4
"12627","virus_comp_4451_cycle_1_5",4
"12628","virus_comp_4453_cycle_1_4",4
"12629","virus_comp_4453_cycle_1_5",4
"12630","virus_comp_446_cycle_1_12",4
"12631","virus_comp_4466_cycle_1_3",4
"12632","virus_comp_4466_cycle_1_5",4
"12633","virus_comp_447_cycle_1_1",4
"12634","virus_comp_447_cycle_1_11",4
"12635","virus_comp_447_cycle_1_12",4
"12636","virus_comp_447_cycle_1_3",4
"12637","virus_comp_447_cycle_1_7",4
"12638","virus_comp_448_cycle_1_13",4
"12639","virus_comp_448_cycle_1_21",4
"12640","virus_comp_448_cycle_1_25",4
"12641","virus_comp_448_cycle_1_42",4
"12642","virus_comp_448_cycle_1_46",4
"12643","virus_comp_448_cycle_1_48",4
"12644","virus_comp_448_cycle_1_54",4
"12645","virus_comp_448_cycle_1_57",4
"12646","virus_comp_448_cycle_1_72",4
"12647","virus_comp_448_cycle_1_75",4
"12648","virus_comp_4495_cycle_1_1",4
"12649","virus_comp_4495_cycle_1_4",4
"12650","virus_comp_4501_cycle_1_4",4
"12651","virus_comp_4526_cycle_1_2",4
"12652","virus_comp_457_cycle_1_7",4
"12653","virus_comp_4573_cycle_1_3",4
"12654","virus_comp_4573_cycle_1_5",4
"12655","virus_comp_458_cycle_1_1",4
"12656","virus_comp_4588_cycle_1_1",4
"12657","virus_comp_4595_cycle_1_1",4
"12658","virus_comp_460_cycle_1_12",4
"12659","virus_comp_4619_cycle_1_1",4
"12660","virus_comp_462_cycle_1_13",4
"12661","virus_comp_462_cycle_1_4",4
"12662","virus_comp_462_cycle_1_8",4
"12663","virus_comp_4626_cycle_1_3",4
"12664","virus_comp_464_cycle_1_13",4
"12665","virus_comp_464_cycle_1_17",4
"12666","virus_comp_464_cycle_1_18",4
"12667","virus_comp_464_cycle_1_20",4
"12668","virus_comp_464_cycle_1_24",4
"12669","virus_comp_464_cycle_1_29",4
"12670","virus_comp_464_cycle_1_30",4
"12671","virus_comp_464_cycle_1_31",4
"12672","virus_comp_464_cycle_1_34",4
"12673","virus_comp_464_cycle_1_4",4
"12674","virus_comp_464_cycle_1_46",4
"12675","virus_comp_464_cycle_1_48",4
"12676","virus_comp_464_cycle_1_49",4
"12677","virus_comp_464_cycle_1_52",4
"12678","virus_comp_464_cycle_1_87",4
"12679","virus_comp_465_cycle_1_13",4
"12680","virus_comp_465_cycle_1_19",4
"12681","virus_comp_4650_cycle_1_1",4
"12682","virus_comp_4650_cycle_1_5",4
"12683","virus_comp_467_cycle_1_5",4
"12684","virus_comp_4688_cycle_1_1",4
"12685","virus_comp_4690_cycle_1_2",4
"12686","virus_comp_4690_cycle_1_4",4
"12687","virus_comp_472_cycle_1_22",4
"12688","virus_comp_472_cycle_1_7",4
"12689","virus_comp_4722_cycle_1_2",4
"12690","virus_comp_4722_cycle_1_3",4
"12691","virus_comp_4722_cycle_1_6",4
"12692","virus_comp_473_cycle_1_13",4
"12693","virus_comp_473_cycle_1_21",4
"12694","virus_comp_4744_cycle_1_2",4
"12695","virus_comp_475_cycle_1_12",4
"12696","virus_comp_475_cycle_1_21",4
"12697","virus_comp_475_cycle_1_23",4
"12698","virus_comp_475_cycle_1_25",4
"12699","virus_comp_475_cycle_1_28",4
"12700","virus_comp_475_cycle_1_31",4
"12701","virus_comp_475_cycle_1_36",4
"12702","virus_comp_475_cycle_1_38",4
"12703","virus_comp_475_cycle_1_39",4
"12704","virus_comp_475_cycle_1_41",4
"12705","virus_comp_475_cycle_1_42",4
"12706","virus_comp_475_cycle_1_43",4
"12707","virus_comp_475_cycle_1_6",4
"12708","virus_comp_475_cycle_1_79",4
"12709","virus_comp_475_cycle_1_8",4
"12710","virus_comp_4751_cycle_1_1",4
"12711","virus_comp_4753_cycle_1_5",4
"12712","virus_comp_4753_cycle_1_6",4
"12713","virus_comp_4754_cycle_1_2",4
"12714","virus_comp_4767_cycle_1_5",4
"12715","virus_comp_4769_cycle_1_3",4
"12716","virus_comp_478_cycle_1_20",4
"12717","virus_comp_478_cycle_1_3",4
"12718","virus_comp_4789_cycle_1_3",4
"12719","virus_comp_4789_cycle_1_4",4
"12720","virus_comp_479_cycle_1_1",4
"12721","virus_comp_479_cycle_1_14",4
"12722","virus_comp_4795_cycle_1_2",4
"12723","virus_comp_4795_cycle_1_4",4
"12724","virus_comp_480_cycle_1_3",4
"12725","virus_comp_480_cycle_1_4",4
"12726","virus_comp_481_cycle_1_2",4
"12727","virus_comp_4830_cycle_1_1",4
"12728","virus_comp_4831_cycle_1_2",4
"12729","virus_comp_484_cycle_1_3",4
"12730","virus_comp_4853_cycle_1_2",4
"12731","virus_comp_4853_cycle_1_6",4
"12732","virus_comp_4871_cycle_1_1",4
"12733","virus_comp_4875_cycle_1_2",4
"12734","virus_comp_488_cycle_1_2",4
"12735","virus_comp_488_cycle_1_6",4
"12736","virus_comp_4899_cycle_1_3",4
"12737","virus_comp_4913_cycle_1_4",4
"12738","virus_comp_493_cycle_1_25",4
"12739","virus_comp_493_cycle_1_29",4
"12740","virus_comp_493_cycle_1_49",4
"12741","virus_comp_493_cycle_1_54",4
"12742","virus_comp_493_cycle_1_55",4
"12743","virus_comp_493_cycle_1_58",4
"12744","virus_comp_4933_cycle_1_9",4
"12745","virus_comp_4935_cycle_1_5",4
"12746","virus_comp_4935_cycle_1_6",4
"12747","virus_comp_494_cycle_1_16",4
"12748","virus_comp_4948_cycle_1_4",4
"12749","virus_comp_4948_cycle_1_5",4
"12750","virus_comp_4948_cycle_1_6",4
"12751","virus_comp_4948_cycle_1_7",4
"12752","virus_comp_4948_cycle_1_8",4
"12753","virus_comp_4948_cycle_1_9",4
"12754","virus_comp_495_cycle_1_2",4
"12755","virus_comp_495_cycle_1_4",4
"12756","virus_comp_496_cycle_1_12",4
"12757","virus_comp_496_cycle_1_13",4
"12758","virus_comp_496_cycle_1_14",4
"12759","virus_comp_496_cycle_1_16",4
"12760","virus_comp_496_cycle_1_17",4
"12761","virus_comp_496_cycle_1_19",4
"12762","virus_comp_496_cycle_1_20",4
"12763","virus_comp_496_cycle_1_22",4
"12764","virus_comp_496_cycle_1_23",4
"12765","virus_comp_496_cycle_1_25",4
"12766","virus_comp_496_cycle_1_26",4
"12767","virus_comp_496_cycle_1_28",4
"12768","virus_comp_496_cycle_1_30",4
"12769","virus_comp_496_cycle_1_32",4
"12770","virus_comp_496_cycle_1_33",4
"12771","virus_comp_496_cycle_1_35",4
"12772","virus_comp_496_cycle_1_37",4
"12773","virus_comp_496_cycle_1_38",4
"12774","virus_comp_496_cycle_1_4",4
"12775","virus_comp_496_cycle_1_40",4
"12776","virus_comp_496_cycle_1_42",4
"12777","virus_comp_496_cycle_1_47",4
"12778","virus_comp_496_cycle_1_48",4
"12779","virus_comp_496_cycle_1_49",4
"12780","virus_comp_496_cycle_1_52",4
"12781","virus_comp_496_cycle_1_54",4
"12782","virus_comp_496_cycle_1_59",4
"12783","virus_comp_496_cycle_1_60",4
"12784","virus_comp_496_cycle_1_62",4
"12785","virus_comp_496_cycle_1_63",4
"12786","virus_comp_496_cycle_1_65",4
"12787","virus_comp_496_cycle_1_66",4
"12788","virus_comp_496_cycle_1_67",4
"12789","virus_comp_496_cycle_1_68",4
"12790","virus_comp_496_cycle_1_69",4
"12791","virus_comp_496_cycle_1_70",4
"12792","virus_comp_496_cycle_1_71",4
"12793","virus_comp_496_cycle_1_72",4
"12794","virus_comp_496_cycle_1_73",4
"12795","virus_comp_496_cycle_1_74",4
"12796","virus_comp_496_cycle_1_75",4
"12797","virus_comp_496_cycle_1_77",4
"12798","virus_comp_496_cycle_1_78",4
"12799","virus_comp_496_cycle_1_79",4
"12800","virus_comp_496_cycle_1_80",4
"12801","virus_comp_496_cycle_1_84",4
"12802","virus_comp_496_cycle_1_86",4
"12803","virus_comp_497_cycle_1_3",4
"12804","virus_comp_498_cycle_1_15",4
"12805","virus_comp_498_cycle_1_16",4
"12806","virus_comp_498_cycle_1_25",4
"12807","virus_comp_498_cycle_1_27",4
"12808","virus_comp_498_cycle_1_30",4
"12809","virus_comp_498_cycle_1_35",4
"12810","virus_comp_498_cycle_1_36",4
"12811","virus_comp_498_cycle_1_38",4
"12812","virus_comp_498_cycle_1_56",4
"12813","virus_comp_498_cycle_1_69",4
"12814","virus_comp_498_cycle_1_77",4
"12815","virus_comp_498_cycle_1_81",4
"12816","virus_comp_499_cycle_1_7",4
"12817","virus_comp_4991_cycle_1_5",4
"12818","virus_comp_500_cycle_1_8",4
"12819","virus_comp_501_cycle_1_11",4
"12820","virus_comp_501_cycle_1_4",4
"12821","virus_comp_501_cycle_1_6",4
"12822","virus_comp_5023_cycle_1_1",4
"12823","virus_comp_5023_cycle_1_4",4
"12824","virus_comp_503_cycle_1_14",4
"12825","virus_comp_503_cycle_1_19",4
"12826","virus_comp_503_cycle_1_2",4
"12827","virus_comp_503_cycle_1_3",4
"12828","virus_comp_5031_cycle_1_3",4
"12829","virus_comp_5035_cycle_1_3",4
"12830","virus_comp_5049_cycle_1_2",4
"12831","virus_comp_5049_cycle_1_3",4
"12832","virus_comp_505_cycle_1_23",4
"12833","virus_comp_5051_cycle_1_6",4
"12834","virus_comp_5079_cycle_1_2",4
"12835","virus_comp_5079_cycle_1_3",4
"12836","virus_comp_5081_cycle_1_4",4
"12837","virus_comp_509_cycle_1_5",4
"12838","virus_comp_509_cycle_1_7",4
"12839","virus_comp_510_cycle_1_17",4
"12840","virus_comp_510_cycle_1_7",4
"12841","virus_comp_510_cycle_1_8",4
"12842","virus_comp_5105_cycle_1_3",4
"12843","virus_comp_5124_cycle_1_2",4
"12844","virus_comp_513_cycle_1_3",4
"12845","virus_comp_513_cycle_1_5",4
"12846","virus_comp_513_cycle_1_9",4
"12847","virus_comp_5139_cycle_1_6",4
"12848","virus_comp_5157_cycle_1_6",4
"12849","virus_comp_516_cycle_1_1",4
"12850","virus_comp_516_cycle_1_10",4
"12851","virus_comp_516_cycle_1_13",4
"12852","virus_comp_516_cycle_1_44",4
"12853","virus_comp_516_cycle_1_47",4
"12854","virus_comp_516_cycle_1_48",4
"12855","virus_comp_516_cycle_1_50",4
"12856","virus_comp_516_cycle_1_52",4
"12857","virus_comp_516_cycle_1_54",4
"12858","virus_comp_516_cycle_1_55",4
"12859","virus_comp_516_cycle_1_58",4
"12860","virus_comp_516_cycle_1_61",4
"12861","virus_comp_516_cycle_1_63",4
"12862","virus_comp_516_cycle_1_64",4
"12863","virus_comp_516_cycle_1_65",4
"12864","virus_comp_516_cycle_1_66",4
"12865","virus_comp_516_cycle_1_67",4
"12866","virus_comp_516_cycle_1_68",4
"12867","virus_comp_516_cycle_1_70",4
"12868","virus_comp_516_cycle_1_71",4
"12869","virus_comp_516_cycle_1_72",4
"12870","virus_comp_516_cycle_1_73",4
"12871","virus_comp_516_cycle_1_74",4
"12872","virus_comp_516_cycle_1_75",4
"12873","virus_comp_516_cycle_1_76",4
"12874","virus_comp_516_cycle_1_77",4
"12875","virus_comp_516_cycle_1_78",4
"12876","virus_comp_516_cycle_1_8",4
"12877","virus_comp_516_cycle_1_81",4
"12878","virus_comp_516_cycle_1_86",4
"12879","virus_comp_516_cycle_1_87",4
"12880","virus_comp_516_cycle_1_88",4
"12881","virus_comp_516_cycle_1_89",4
"12882","virus_comp_516_cycle_1_9",4
"12883","virus_comp_516_cycle_1_90",4
"12884","virus_comp_516_cycle_1_91",4
"12885","virus_comp_516_cycle_1_93",4
"12886","virus_comp_517_cycle_1_2",4
"12887","virus_comp_517_cycle_1_4",4
"12888","virus_comp_5176_cycle_1_2",4
"12889","virus_comp_5181_cycle_1_1",4
"12890","virus_comp_5182_cycle_1_2",4
"12891","virus_comp_5203_cycle_1_2",4
"12892","virus_comp_5203_cycle_1_4",4
"12893","virus_comp_521_cycle_1_3",4
"12894","virus_comp_522_cycle_1_11",4
"12895","virus_comp_522_cycle_1_2",4
"12896","virus_comp_522_cycle_1_6",4
"12897","virus_comp_522_cycle_1_7",4
"12898","virus_comp_5223_cycle_1_3",4
"12899","virus_comp_523_cycle_1_5",4
"12900","virus_comp_5238_cycle_1_3",4
"12901","virus_comp_5238_cycle_1_4",4
"12902","virus_comp_5243_cycle_1_1",4
"12903","virus_comp_5246_cycle_1_1",4
"12904","virus_comp_5246_cycle_1_2",4
"12905","virus_comp_5257_cycle_1_1",4
"12906","virus_comp_5257_cycle_1_4",4
"12907","virus_comp_527_cycle_1_3",4
"12908","virus_comp_527_cycle_1_4",4
"12909","virus_comp_527_cycle_1_5",4
"12910","virus_comp_527_cycle_1_6",4
"12911","virus_comp_531_cycle_1_1",4
"12912","virus_comp_531_cycle_1_2",4
"12913","virus_comp_531_cycle_1_3",4
"12914","virus_comp_5320_cycle_1_4",4
"12915","virus_comp_5321_cycle_1_2",4
"12916","virus_comp_5321_cycle_1_6",4
"12917","virus_comp_5339_cycle_1_1",4
"12918","virus_comp_5339_cycle_1_2",4
"12919","virus_comp_5339_cycle_1_5",4
"12920","virus_comp_5357_cycle_1_3",4
"12921","virus_comp_536_cycle_1_6",4
"12922","virus_comp_539_cycle_1_1",4
"12923","virus_comp_539_cycle_1_24",4
"12924","virus_comp_5397_cycle_1_2",4
"12925","virus_comp_5397_cycle_1_4",4
"12926","virus_comp_540_cycle_1_55",4
"12927","virus_comp_5406_cycle_1_3",4
"12928","virus_comp_542_cycle_2_102",4
"12929","virus_comp_542_cycle_2_11",4
"12930","virus_comp_542_cycle_2_12",4
"12931","virus_comp_542_cycle_2_13",4
"12932","virus_comp_542_cycle_2_19",4
"12933","virus_comp_542_cycle_2_21",4
"12934","virus_comp_542_cycle_2_25",4
"12935","virus_comp_542_cycle_2_3",4
"12936","virus_comp_542_cycle_2_4",4
"12937","virus_comp_542_cycle_2_41",4
"12938","virus_comp_542_cycle_2_5",4
"12939","virus_comp_542_cycle_2_55",4
"12940","virus_comp_542_cycle_2_56",4
"12941","virus_comp_542_cycle_2_6",4
"12942","virus_comp_542_cycle_2_7",4
"12943","virus_comp_542_cycle_2_75",4
"12944","virus_comp_542_cycle_2_76",4
"12945","virus_comp_542_cycle_2_87",4
"12946","virus_comp_542_cycle_2_91",4
"12947","virus_comp_542_cycle_2_95",4
"12948","virus_comp_542_cycle_2_98",4
"12949","virus_comp_5420_cycle_1_1",4
"12950","virus_comp_5420_cycle_1_4",4
"12951","virus_comp_547_cycle_1_14",4
"12952","virus_comp_547_cycle_1_2",4
"12953","virus_comp_5504_cycle_1_2",4
"12954","virus_comp_551_cycle_1_14",4
"12955","virus_comp_551_cycle_1_16",4
"12956","virus_comp_551_cycle_1_19",4
"12957","virus_comp_551_cycle_1_2",4
"12958","virus_comp_551_cycle_1_27",4
"12959","virus_comp_551_cycle_1_28",4
"12960","virus_comp_551_cycle_1_3",4
"12961","virus_comp_551_cycle_1_30",4
"12962","virus_comp_551_cycle_1_38",4
"12963","virus_comp_551_cycle_1_4",4
"12964","virus_comp_551_cycle_1_6",4
"12965","virus_comp_551_cycle_1_68",4
"12966","virus_comp_5535_cycle_1_1",4
"12967","virus_comp_5582_cycle_1_1",4
"12968","virus_comp_562_cycle_1_1",4
"12969","virus_comp_562_cycle_1_13",4
"12970","virus_comp_562_cycle_1_6",4
"12971","virus_comp_562_cycle_1_8",4
"12972","virus_comp_564_cycle_1_2",4
"12973","virus_comp_565_cycle_1_10",4
"12974","virus_comp_565_cycle_1_11",4
"12975","virus_comp_565_cycle_1_13",4
"12976","virus_comp_565_cycle_1_14",4
"12977","virus_comp_565_cycle_1_16",4
"12978","virus_comp_565_cycle_1_20",4
"12979","virus_comp_565_cycle_1_21",4
"12980","virus_comp_565_cycle_1_22",4
"12981","virus_comp_565_cycle_1_23",4
"12982","virus_comp_565_cycle_1_3",4
"12983","virus_comp_565_cycle_1_31",4
"12984","virus_comp_565_cycle_1_33",4
"12985","virus_comp_565_cycle_1_38",4
"12986","virus_comp_565_cycle_1_39",4
"12987","virus_comp_565_cycle_1_4",4
"12988","virus_comp_565_cycle_1_42",4
"12989","virus_comp_565_cycle_1_52",4
"12990","virus_comp_565_cycle_1_53",4
"12991","virus_comp_565_cycle_1_6",4
"12992","virus_comp_565_cycle_1_7",4
"12993","virus_comp_5658_cycle_1_3",4
"12994","virus_comp_566_cycle_1_6",4
"12995","virus_comp_5663_cycle_1_1",4
"12996","virus_comp_567_cycle_1_28",4
"12997","virus_comp_568_cycle_1_24",4
"12998","virus_comp_568_cycle_1_28",4
"12999","virus_comp_5702_cycle_1_4",4
"13000","virus_comp_5707_cycle_1_6",4
"13001","virus_comp_573_cycle_1_2",4
"13002","virus_comp_573_cycle_1_3",4
"13003","virus_comp_5810_cycle_1_1",4
"13004","virus_comp_5831_cycle_1_5",4
"13005","virus_comp_5863_cycle_1_2",4
"13006","virus_comp_5863_cycle_1_3",4
"13007","virus_comp_5863_cycle_1_4",4
"13008","virus_comp_587_cycle_1_27",4
"13009","virus_comp_587_cycle_1_28",4
"13010","virus_comp_587_cycle_1_74",4
"13011","virus_comp_587_cycle_1_83",4
"13012","virus_comp_587_cycle_1_9",4
"13013","virus_comp_5871_cycle_1_4",4
"13014","virus_comp_588_cycle_1_1",4
"13015","virus_comp_588_cycle_1_15",4
"13016","virus_comp_588_cycle_1_18",4
"13017","virus_comp_588_cycle_1_3",4
"13018","virus_comp_588_cycle_1_4",4
"13019","virus_comp_588_cycle_1_45",4
"13020","virus_comp_588_cycle_1_77",4
"13021","virus_comp_588_cycle_1_78",4
"13022","virus_comp_588_cycle_1_79",4
"13023","virus_comp_588_cycle_1_80",4
"13024","virus_comp_588_cycle_1_9",4
"13025","virus_comp_5888_cycle_1_8",4
"13026","virus_comp_589_cycle_1_13",4
"13027","virus_comp_589_cycle_1_3",4
"13028","virus_comp_589_cycle_1_60",4
"13029","virus_comp_589_cycle_1_66",4
"13030","virus_comp_589_cycle_1_67",4
"13031","virus_comp_589_cycle_1_68",4
"13032","virus_comp_589_cycle_1_9",4
"13033","virus_comp_590_cycle_2_12",4
"13034","virus_comp_590_cycle_2_13",4
"13035","virus_comp_590_cycle_2_15",4
"13036","virus_comp_590_cycle_2_16",4
"13037","virus_comp_590_cycle_2_17",4
"13038","virus_comp_590_cycle_2_19",4
"13039","virus_comp_590_cycle_2_26",4
"13040","virus_comp_590_cycle_2_31",4
"13041","virus_comp_590_cycle_2_43",4
"13042","virus_comp_590_cycle_2_44",4
"13043","virus_comp_590_cycle_2_46",4
"13044","virus_comp_5922_cycle_1_4",4
"13045","virus_comp_593_cycle_1_10",4
"13046","virus_comp_593_cycle_1_100",4
"13047","virus_comp_593_cycle_1_104",4
"13048","virus_comp_593_cycle_1_108",4
"13049","virus_comp_593_cycle_1_109",4
"13050","virus_comp_593_cycle_1_120",4
"13051","virus_comp_593_cycle_1_2",4
"13052","virus_comp_593_cycle_1_25",4
"13053","virus_comp_593_cycle_1_3",4
"13054","virus_comp_593_cycle_1_50",4
"13055","virus_comp_593_cycle_1_70",4
"13056","virus_comp_593_cycle_1_83",4
"13057","virus_comp_593_cycle_1_85",4
"13058","virus_comp_593_cycle_1_86",4
"13059","virus_comp_593_cycle_1_89",4
"13060","virus_comp_593_cycle_1_9",4
"13061","virus_comp_593_cycle_1_90",4
"13062","virus_comp_5996_cycle_1_1",4
"13063","virus_comp_60_cycle_1_13",4
"13064","virus_comp_60_cycle_1_14",4
"13065","virus_comp_60_cycle_1_15",4
"13066","virus_comp_60_cycle_1_17",4
"13067","virus_comp_60_cycle_1_18",4
"13068","virus_comp_60_cycle_1_2",4
"13069","virus_comp_60_cycle_1_31",4
"13070","virus_comp_60_cycle_1_33",4
"13071","virus_comp_60_cycle_1_34",4
"13072","virus_comp_60_cycle_1_4",4
"13073","virus_comp_60_cycle_1_7",4
"13074","virus_comp_602_cycle_1_1",4
"13075","virus_comp_602_cycle_1_2",4
"13076","virus_comp_604_cycle_1_10",4
"13077","virus_comp_604_cycle_1_11",4
"13078","virus_comp_604_cycle_1_12",4
"13079","virus_comp_604_cycle_1_7",4
"13080","virus_comp_604_cycle_1_9",4
"13081","virus_comp_606_cycle_1_4",4
"13082","virus_comp_6063_cycle_1_2",4
"13083","virus_comp_609_cycle_1_1",4
"13084","virus_comp_609_cycle_1_17",4
"13085","virus_comp_609_cycle_1_2",4
"13086","virus_comp_609_cycle_1_26",4
"13087","virus_comp_609_cycle_1_3",4
"13088","virus_comp_609_cycle_1_48",4
"13089","virus_comp_609_cycle_1_5",4
"13090","virus_comp_609_cycle_1_51",4
"13091","virus_comp_609_cycle_1_52",4
"13092","virus_comp_609_cycle_1_57",4
"13093","virus_comp_609_cycle_1_60",4
"13094","virus_comp_609_cycle_1_64",4
"13095","virus_comp_609_cycle_1_65",4
"13096","virus_comp_609_cycle_1_67",4
"13097","virus_comp_609_cycle_1_68",4
"13098","virus_comp_609_cycle_1_72",4
"13099","virus_comp_613_cycle_1_12",4
"13100","virus_comp_613_cycle_1_27",4
"13101","virus_comp_613_cycle_1_29",4
"13102","virus_comp_613_cycle_1_30",4
"13103","virus_comp_613_cycle_1_37",4
"13104","virus_comp_613_cycle_1_38",4
"13105","virus_comp_613_cycle_1_44",4
"13106","virus_comp_6138_cycle_1_1",4
"13107","virus_comp_6138_cycle_1_3",4
"13108","virus_comp_6165_cycle_1_3",4
"13109","virus_comp_619_cycle_1_4",4
"13110","virus_comp_619_cycle_1_6",4
"13111","virus_comp_619_cycle_1_9",4
"13112","virus_comp_62_cycle_1_39",4
"13113","virus_comp_620_cycle_1_1",4
"13114","virus_comp_620_cycle_1_2",4
"13115","virus_comp_620_cycle_1_8",4
"13116","virus_comp_621_cycle_1_3",4
"13117","virus_comp_621_cycle_1_5",4
"13118","virus_comp_622_cycle_1_1",4
"13119","virus_comp_622_cycle_1_14",4
"13120","virus_comp_622_cycle_1_3",4
"13121","virus_comp_622_cycle_1_5",4
"13122","virus_comp_622_cycle_1_8",4
"13123","virus_comp_623_cycle_1_2",4
"13124","virus_comp_6252_cycle_1_2",4
"13125","virus_comp_6281_cycle_1_3",4
"13126","virus_comp_634_cycle_1_1",4
"13127","virus_comp_634_cycle_1_13",4
"13128","virus_comp_634_cycle_1_14",4
"13129","virus_comp_634_cycle_1_24",4
"13130","virus_comp_634_cycle_1_26",4
"13131","virus_comp_634_cycle_1_27",4
"13132","virus_comp_634_cycle_1_32",4
"13133","virus_comp_634_cycle_1_34",4
"13134","virus_comp_634_cycle_1_35",4
"13135","virus_comp_634_cycle_1_4",4
"13136","virus_comp_634_cycle_1_40",4
"13137","virus_comp_634_cycle_1_43",4
"13138","virus_comp_634_cycle_1_47",4
"13139","virus_comp_634_cycle_1_5",4
"13140","virus_comp_634_cycle_1_52",4
"13141","virus_comp_634_cycle_1_66",4
"13142","virus_comp_634_cycle_1_70",4
"13143","virus_comp_634_cycle_1_72",4
"13144","virus_comp_634_cycle_1_73",4
"13145","virus_comp_634_cycle_1_74",4
"13146","virus_comp_636_cycle_1_14",4
"13147","virus_comp_636_cycle_1_15",4
"13148","virus_comp_636_cycle_1_19",4
"13149","virus_comp_636_cycle_1_22",4
"13150","virus_comp_636_cycle_1_26",4
"13151","virus_comp_636_cycle_1_27",4
"13152","virus_comp_636_cycle_1_44",4
"13153","virus_comp_636_cycle_1_54",4
"13154","virus_comp_636_cycle_1_70",4
"13155","virus_comp_636_cycle_1_71",4
"13156","virus_comp_636_cycle_1_72",4
"13157","virus_comp_636_cycle_1_74",4
"13158","virus_comp_637_cycle_1_2",4
"13159","virus_comp_637_cycle_1_3",4
"13160","virus_comp_637_cycle_1_4",4
"13161","virus_comp_6380_cycle_1_3",4
"13162","virus_comp_6395_cycle_1_1",4
"13163","virus_comp_6395_cycle_1_3",4
"13164","virus_comp_6403_cycle_1_2",4
"13165","virus_comp_645_cycle_1_22",4
"13166","virus_comp_6465_cycle_1_2",4
"13167","virus_comp_648_cycle_1_6",4
"13168","virus_comp_651_cycle_1_3",4
"13169","virus_comp_651_cycle_1_38",4
"13170","virus_comp_651_cycle_1_5",4
"13171","virus_comp_651_cycle_1_58",4
"13172","virus_comp_651_cycle_1_61",4
"13173","virus_comp_651_cycle_1_65",4
"13174","virus_comp_6539_cycle_1_1",4
"13175","virus_comp_655_cycle_1_2",4
"13176","virus_comp_655_cycle_1_4",4
"13177","virus_comp_6552_cycle_1_1",4
"13178","virus_comp_6552_cycle_1_4",4
"13179","virus_comp_657_cycle_1_28",4
"13180","virus_comp_657_cycle_1_37",4
"13181","virus_comp_657_cycle_1_69",4
"13182","virus_comp_6575_cycle_1_1",4
"13183","virus_comp_661_cycle_1_11",4
"13184","virus_comp_662_cycle_1_2",4
"13185","virus_comp_662_cycle_1_5",4
"13186","virus_comp_6623_cycle_1_1",4
"13187","virus_comp_6635_cycle_1_5",4
"13188","virus_comp_664_cycle_1_15",4
"13189","virus_comp_6640_cycle_1_2",4
"13190","virus_comp_6640_cycle_1_3",4
"13191","virus_comp_6645_cycle_1_4",4
"13192","virus_comp_6652_cycle_1_2",4
"13193","virus_comp_666_cycle_1_3",4
"13194","virus_comp_668_cycle_1_1",4
"13195","virus_comp_668_cycle_1_2",4
"13196","virus_comp_668_cycle_1_3",4
"13197","virus_comp_668_cycle_1_5",4
"13198","virus_comp_67_cycle_1_18",4
"13199","virus_comp_67_cycle_1_19",4
"13200","virus_comp_67_cycle_1_26",4
"13201","virus_comp_67_cycle_1_27",4
"13202","virus_comp_6718_cycle_1_3",4
"13203","virus_comp_6726_cycle_1_1",4
"13204","virus_comp_674_cycle_1_3",4
"13205","virus_comp_674_cycle_1_5",4
"13206","virus_comp_6759_cycle_1_2",4
"13207","virus_comp_6759_cycle_1_3",4
"13208","virus_comp_676_cycle_1_1",4
"13209","virus_comp_676_cycle_1_3",4
"13210","virus_comp_676_cycle_1_5",4
"13211","virus_comp_676_cycle_1_6",4
"13212","virus_comp_676_cycle_1_7",4
"13213","virus_comp_6812_cycle_1_1",4
"13214","virus_comp_684_cycle_1_1",4
"13215","virus_comp_684_cycle_1_10",4
"13216","virus_comp_684_cycle_1_11",4
"13217","virus_comp_684_cycle_1_13",4
"13218","virus_comp_684_cycle_1_14",4
"13219","virus_comp_684_cycle_1_15",4
"13220","virus_comp_684_cycle_1_16",4
"13221","virus_comp_684_cycle_1_17",4
"13222","virus_comp_684_cycle_1_18",4
"13223","virus_comp_684_cycle_1_19",4
"13224","virus_comp_684_cycle_1_2",4
"13225","virus_comp_684_cycle_1_20",4
"13226","virus_comp_684_cycle_1_21",4
"13227","virus_comp_684_cycle_1_22",4
"13228","virus_comp_684_cycle_1_23",4
"13229","virus_comp_684_cycle_1_24",4
"13230","virus_comp_684_cycle_1_25",4
"13231","virus_comp_684_cycle_1_26",4
"13232","virus_comp_684_cycle_1_27",4
"13233","virus_comp_684_cycle_1_29",4
"13234","virus_comp_684_cycle_1_3",4
"13235","virus_comp_684_cycle_1_30",4
"13236","virus_comp_684_cycle_1_31",4
"13237","virus_comp_684_cycle_1_32",4
"13238","virus_comp_684_cycle_1_33",4
"13239","virus_comp_684_cycle_1_34",4
"13240","virus_comp_684_cycle_1_35",4
"13241","virus_comp_684_cycle_1_36",4
"13242","virus_comp_684_cycle_1_37",4
"13243","virus_comp_684_cycle_1_38",4
"13244","virus_comp_684_cycle_1_4",4
"13245","virus_comp_684_cycle_1_41",4
"13246","virus_comp_684_cycle_1_42",4
"13247","virus_comp_684_cycle_1_43",4
"13248","virus_comp_684_cycle_1_44",4
"13249","virus_comp_684_cycle_1_45",4
"13250","virus_comp_684_cycle_1_46",4
"13251","virus_comp_684_cycle_1_47",4
"13252","virus_comp_684_cycle_1_48",4
"13253","virus_comp_684_cycle_1_49",4
"13254","virus_comp_684_cycle_1_5",4
"13255","virus_comp_684_cycle_1_50",4
"13256","virus_comp_684_cycle_1_51",4
"13257","virus_comp_684_cycle_1_52",4
"13258","virus_comp_684_cycle_1_53",4
"13259","virus_comp_684_cycle_1_54",4
"13260","virus_comp_684_cycle_1_55",4
"13261","virus_comp_684_cycle_1_56",4
"13262","virus_comp_684_cycle_1_58",4
"13263","virus_comp_684_cycle_1_59",4
"13264","virus_comp_684_cycle_1_6",4
"13265","virus_comp_684_cycle_1_60",4
"13266","virus_comp_684_cycle_1_62",4
"13267","virus_comp_684_cycle_1_63",4
"13268","virus_comp_684_cycle_1_66",4
"13269","virus_comp_684_cycle_1_7",4
"13270","virus_comp_684_cycle_1_8",4
"13271","virus_comp_684_cycle_1_9",4
"13272","virus_comp_6847_cycle_1_1",4
"13273","virus_comp_69_cycle_1_1",4
"13274","virus_comp_69_cycle_1_21",4
"13275","virus_comp_69_cycle_1_3",4
"13276","virus_comp_69_cycle_1_42",4
"13277","virus_comp_69_cycle_1_5",4
"13278","virus_comp_692_cycle_1_11",4
"13279","virus_comp_692_cycle_1_2",4
"13280","virus_comp_692_cycle_1_6",4
"13281","virus_comp_692_cycle_1_7",4
"13282","virus_comp_692_cycle_1_8",4
"13283","virus_comp_692_cycle_1_9",4
"13284","virus_comp_6955_cycle_1_2",4
"13285","virus_comp_699_cycle_1_55",4
"13286","virus_comp_699_cycle_1_57",4
"13287","virus_comp_699_cycle_1_60",4
"13288","virus_comp_6993_cycle_1_2",4
"13289","virus_comp_6999_cycle_1_4",4
"13290","virus_comp_700_cycle_1_11",4
"13291","virus_comp_700_cycle_1_7",4
"13292","virus_comp_7021_cycle_1_2",4
"13293","virus_comp_7041_cycle_1_1",4
"13294","virus_comp_7060_cycle_1_3",4
"13295","virus_comp_707_cycle_1_36",4
"13296","virus_comp_707_cycle_1_70",4
"13297","virus_comp_708_cycle_1_11",4
"13298","virus_comp_7082_cycle_1_2",4
"13299","virus_comp_7137_cycle_1_2",4
"13300","virus_comp_714_cycle_1_2",4
"13301","virus_comp_715_cycle_1_1",4
"13302","virus_comp_716_cycle_1_2",4
"13303","virus_comp_716_cycle_1_7",4
"13304","virus_comp_7165_cycle_1_1",4
"13305","virus_comp_7165_cycle_1_3",4
"13306","virus_comp_717_cycle_1_2",4
"13307","virus_comp_718_cycle_1_1",4
"13308","virus_comp_718_cycle_1_8",4
"13309","virus_comp_7191_cycle_1_3",4
"13310","virus_comp_720_cycle_1_1",4
"13311","virus_comp_720_cycle_1_19",4
"13312","virus_comp_720_cycle_1_26",4
"13313","virus_comp_720_cycle_1_30",4
"13314","virus_comp_720_cycle_1_31",4
"13315","virus_comp_721_cycle_1_13",4
"13316","virus_comp_721_cycle_1_14",4
"13317","virus_comp_721_cycle_1_3",4
"13318","virus_comp_721_cycle_1_6",4
"13319","virus_comp_7214_cycle_1_4",4
"13320","virus_comp_722_cycle_1_18",4
"13321","virus_comp_722_cycle_1_19",4
"13322","virus_comp_722_cycle_1_21",4
"13323","virus_comp_722_cycle_1_32",4
"13324","virus_comp_722_cycle_1_35",4
"13325","virus_comp_722_cycle_1_41",4
"13326","virus_comp_722_cycle_1_43",4
"13327","virus_comp_722_cycle_1_45",4
"13328","virus_comp_722_cycle_1_65",4
"13329","virus_comp_722_cycle_1_9",4
"13330","virus_comp_7236_cycle_1_1",4
"13331","virus_comp_7236_cycle_1_2",4
"13332","virus_comp_7236_cycle_1_3",4
"13333","virus_comp_724_cycle_1_3",4
"13334","virus_comp_724_cycle_1_6",4
"13335","virus_comp_725_cycle_1_30",4
"13336","virus_comp_7252_cycle_1_1",4
"13337","virus_comp_7252_cycle_1_3",4
"13338","virus_comp_7258_cycle_1_3",4
"13339","virus_comp_727_cycle_1_38",4
"13340","virus_comp_7271_cycle_1_5",4
"13341","virus_comp_729_cycle_1_10",4
"13342","virus_comp_729_cycle_1_2",4
"13343","virus_comp_729_cycle_1_22",4
"13344","virus_comp_729_cycle_1_27",4
"13345","virus_comp_729_cycle_1_29",4
"13346","virus_comp_729_cycle_1_30",4
"13347","virus_comp_729_cycle_1_37",4
"13348","virus_comp_729_cycle_1_38",4
"13349","virus_comp_729_cycle_1_63",4
"13350","virus_comp_731_cycle_1_3",4
"13351","virus_comp_7310_cycle_1_1",4
"13352","virus_comp_733_cycle_1_10",4
"13353","virus_comp_733_cycle_1_14",4
"13354","virus_comp_7338_cycle_1_1",4
"13355","virus_comp_7350_cycle_1_1",4
"13356","virus_comp_7387_cycle_1_2",4
"13357","virus_comp_7391_cycle_1_2",4
"13358","virus_comp_741_cycle_1_3",4
"13359","virus_comp_741_cycle_1_6",4
"13360","virus_comp_744_cycle_1_12",4
"13361","virus_comp_749_cycle_1_21",4
"13362","virus_comp_749_cycle_1_27",4
"13363","virus_comp_749_cycle_1_28",4
"13364","virus_comp_749_cycle_1_30",4
"13365","virus_comp_749_cycle_1_31",4
"13366","virus_comp_749_cycle_1_32",4
"13367","virus_comp_749_cycle_1_33",4
"13368","virus_comp_749_cycle_1_35",4
"13369","virus_comp_749_cycle_1_36",4
"13370","virus_comp_749_cycle_1_37",4
"13371","virus_comp_749_cycle_1_39",4
"13372","virus_comp_749_cycle_1_4",4
"13373","virus_comp_749_cycle_1_40",4
"13374","virus_comp_749_cycle_1_43",4
"13375","virus_comp_749_cycle_1_44",4
"13376","virus_comp_749_cycle_1_46",4
"13377","virus_comp_749_cycle_1_51",4
"13378","virus_comp_749_cycle_1_6",4
"13379","virus_comp_7506_cycle_1_1",4
"13380","virus_comp_7540_cycle_1_3",4
"13381","virus_comp_7540_cycle_1_5",4
"13382","virus_comp_7541_cycle_1_1",4
"13383","virus_comp_755_cycle_1_2",4
"13384","virus_comp_755_cycle_1_5",4
"13385","virus_comp_7556_cycle_1_3",4
"13386","virus_comp_757_cycle_1_12",4
"13387","virus_comp_757_cycle_1_13",4
"13388","virus_comp_757_cycle_1_14",4
"13389","virus_comp_757_cycle_1_20",4
"13390","virus_comp_757_cycle_1_23",4
"13391","virus_comp_757_cycle_1_34",4
"13392","virus_comp_757_cycle_1_4",4
"13393","virus_comp_757_cycle_1_49",4
"13394","virus_comp_757_cycle_1_50",4
"13395","virus_comp_757_cycle_1_54",4
"13396","virus_comp_757_cycle_1_55",4
"13397","virus_comp_757_cycle_1_58",4
"13398","virus_comp_757_cycle_1_60",4
"13399","virus_comp_757_cycle_1_63",4
"13400","virus_comp_757_cycle_1_67",4
"13401","virus_comp_757_cycle_1_7",4
"13402","virus_comp_757_cycle_1_70",4
"13403","virus_comp_757_cycle_1_76",4
"13404","virus_comp_757_cycle_1_8",4
"13405","virus_comp_757_cycle_1_9",4
"13406","virus_comp_7598_cycle_1_3",4
"13407","virus_comp_760_cycle_1_4",4
"13408","virus_comp_762_cycle_1_3",4
"13409","virus_comp_763_cycle_1_39",4
"13410","virus_comp_7651_cycle_1_5",4
"13411","virus_comp_766_cycle_1_18",4
"13412","virus_comp_766_cycle_1_3",4
"13413","virus_comp_766_cycle_1_4",4
"13414","virus_comp_767_cycle_1_4",4
"13415","virus_comp_767_cycle_1_8",4
"13416","virus_comp_768_cycle_1_32",4
"13417","virus_comp_768_cycle_1_33",4
"13418","virus_comp_7734_cycle_1_1",4
"13419","virus_comp_7757_cycle_1_3",4
"13420","virus_comp_778_cycle_1_1",4
"13421","virus_comp_778_cycle_1_2",4
"13422","virus_comp_7806_cycle_1_5",4
"13423","virus_comp_7808_cycle_1_2",4
"13424","virus_comp_7815_cycle_1_1",4
"13425","virus_comp_7817_cycle_1_4",4
"13426","virus_comp_790_cycle_1_14",4
"13427","virus_comp_790_cycle_1_19",4
"13428","virus_comp_790_cycle_1_23",4
"13429","virus_comp_790_cycle_1_24",4
"13430","virus_comp_790_cycle_1_25",4
"13431","virus_comp_790_cycle_1_28",4
"13432","virus_comp_790_cycle_1_29",4
"13433","virus_comp_790_cycle_1_33",4
"13434","virus_comp_791_cycle_1_12",4
"13435","virus_comp_8010_cycle_1_5",4
"13436","virus_comp_8034_cycle_1_2",4
"13437","virus_comp_8037_cycle_1_1",4
"13438","virus_comp_8037_cycle_1_2",4
"13439","virus_comp_8146_cycle_1_4",4
"13440","virus_comp_821_cycle_5_47",4
"13441","virus_comp_8233_cycle_1_2",4
"13442","virus_comp_8257_cycle_1_3",4
"13443","virus_comp_826_cycle_1_5",4
"13444","virus_comp_826_cycle_1_7",4
"13445","virus_comp_8274_cycle_1_1",4
"13446","virus_comp_830_cycle_1_18",4
"13447","virus_comp_830_cycle_1_24",4
"13448","virus_comp_8300_cycle_1_1",4
"13449","virus_comp_8367_cycle_1_4",4
"13450","virus_comp_838_cycle_1_1",4
"13451","virus_comp_838_cycle_1_10",4
"13452","virus_comp_838_cycle_1_11",4
"13453","virus_comp_838_cycle_1_12",4
"13454","virus_comp_838_cycle_1_13",4
"13455","virus_comp_838_cycle_1_14",4
"13456","virus_comp_838_cycle_1_15",4
"13457","virus_comp_838_cycle_1_16",4
"13458","virus_comp_838_cycle_1_17",4
"13459","virus_comp_838_cycle_1_18",4
"13460","virus_comp_838_cycle_1_19",4
"13461","virus_comp_838_cycle_1_2",4
"13462","virus_comp_838_cycle_1_20",4
"13463","virus_comp_838_cycle_1_21",4
"13464","virus_comp_838_cycle_1_22",4
"13465","virus_comp_838_cycle_1_23",4
"13466","virus_comp_838_cycle_1_25",4
"13467","virus_comp_838_cycle_1_26",4
"13468","virus_comp_838_cycle_1_27",4
"13469","virus_comp_838_cycle_1_28",4
"13470","virus_comp_838_cycle_1_29",4
"13471","virus_comp_838_cycle_1_3",4
"13472","virus_comp_838_cycle_1_30",4
"13473","virus_comp_838_cycle_1_31",4
"13474","virus_comp_838_cycle_1_32",4
"13475","virus_comp_838_cycle_1_34",4
"13476","virus_comp_838_cycle_1_35",4
"13477","virus_comp_838_cycle_1_36",4
"13478","virus_comp_838_cycle_1_37",4
"13479","virus_comp_838_cycle_1_38",4
"13480","virus_comp_838_cycle_1_39",4
"13481","virus_comp_838_cycle_1_4",4
"13482","virus_comp_838_cycle_1_40",4
"13483","virus_comp_838_cycle_1_41",4
"13484","virus_comp_838_cycle_1_42",4
"13485","virus_comp_838_cycle_1_43",4
"13486","virus_comp_838_cycle_1_44",4
"13487","virus_comp_838_cycle_1_45",4
"13488","virus_comp_838_cycle_1_46",4
"13489","virus_comp_838_cycle_1_47",4
"13490","virus_comp_838_cycle_1_48",4
"13491","virus_comp_838_cycle_1_49",4
"13492","virus_comp_838_cycle_1_5",4
"13493","virus_comp_838_cycle_1_50",4
"13494","virus_comp_838_cycle_1_52",4
"13495","virus_comp_838_cycle_1_53",4
"13496","virus_comp_838_cycle_1_55",4
"13497","virus_comp_838_cycle_1_56",4
"13498","virus_comp_838_cycle_1_57",4
"13499","virus_comp_838_cycle_1_58",4
"13500","virus_comp_838_cycle_1_59",4
"13501","virus_comp_838_cycle_1_6",4
"13502","virus_comp_838_cycle_1_7",4
"13503","virus_comp_838_cycle_1_8",4
"13504","virus_comp_838_cycle_1_9",4
"13505","virus_comp_8387_cycle_1_2",4
"13506","virus_comp_839_cycle_1_1",4
"13507","virus_comp_839_cycle_1_12",4
"13508","virus_comp_839_cycle_1_13",4
"13509","virus_comp_839_cycle_1_17",4
"13510","virus_comp_839_cycle_1_18",4
"13511","virus_comp_839_cycle_1_19",4
"13512","virus_comp_839_cycle_1_2",4
"13513","virus_comp_839_cycle_1_22",4
"13514","virus_comp_839_cycle_1_23",4
"13515","virus_comp_839_cycle_1_28",4
"13516","virus_comp_839_cycle_1_38",4
"13517","virus_comp_839_cycle_1_47",4
"13518","virus_comp_839_cycle_1_49",4
"13519","virus_comp_840_cycle_1_18",4
"13520","virus_comp_840_cycle_1_8",4
"13521","virus_comp_841_cycle_1_13",4
"13522","virus_comp_841_cycle_1_14",4
"13523","virus_comp_841_cycle_1_17",4
"13524","virus_comp_841_cycle_1_18",4
"13525","virus_comp_841_cycle_1_19",4
"13526","virus_comp_841_cycle_1_2",4
"13527","virus_comp_841_cycle_1_20",4
"13528","virus_comp_841_cycle_1_22",4
"13529","virus_comp_841_cycle_1_28",4
"13530","virus_comp_841_cycle_1_29",4
"13531","virus_comp_841_cycle_1_30",4
"13532","virus_comp_841_cycle_1_36",4
"13533","virus_comp_844_cycle_1_12",4
"13534","virus_comp_844_cycle_1_13",4
"13535","virus_comp_844_cycle_1_35",4
"13536","virus_comp_844_cycle_1_41",4
"13537","virus_comp_8458_cycle_1_3",4
"13538","virus_comp_849_cycle_1_18",4
"13539","virus_comp_849_cycle_1_4",4
"13540","virus_comp_8507_cycle_1_2",4
"13541","virus_comp_851_cycle_1_13",4
"13542","virus_comp_851_cycle_1_14",4
"13543","virus_comp_851_cycle_1_15",4
"13544","virus_comp_851_cycle_1_17",4
"13545","virus_comp_851_cycle_1_18",4
"13546","virus_comp_851_cycle_1_19",4
"13547","virus_comp_851_cycle_1_2",4
"13548","virus_comp_851_cycle_1_21",4
"13549","virus_comp_851_cycle_1_23",4
"13550","virus_comp_851_cycle_1_25",4
"13551","virus_comp_851_cycle_1_26",4
"13552","virus_comp_851_cycle_1_27",4
"13553","virus_comp_851_cycle_1_28",4
"13554","virus_comp_851_cycle_1_29",4
"13555","virus_comp_851_cycle_1_3",4
"13556","virus_comp_851_cycle_1_30",4
"13557","virus_comp_851_cycle_1_33",4
"13558","virus_comp_851_cycle_1_34",4
"13559","virus_comp_851_cycle_1_35",4
"13560","virus_comp_851_cycle_1_36",4
"13561","virus_comp_851_cycle_1_37",4
"13562","virus_comp_851_cycle_1_38",4
"13563","virus_comp_851_cycle_1_5",4
"13564","virus_comp_851_cycle_1_6",4
"13565","virus_comp_851_cycle_1_7",4
"13566","virus_comp_851_cycle_1_8",4
"13567","virus_comp_853_cycle_1_1",4
"13568","virus_comp_853_cycle_1_10",4
"13569","virus_comp_853_cycle_1_11",4
"13570","virus_comp_853_cycle_1_12",4
"13571","virus_comp_853_cycle_1_18",4
"13572","virus_comp_853_cycle_1_28",4
"13573","virus_comp_853_cycle_1_3",4
"13574","virus_comp_853_cycle_1_44",4
"13575","virus_comp_853_cycle_1_45",4
"13576","virus_comp_853_cycle_1_48",4
"13577","virus_comp_853_cycle_1_51",4
"13578","virus_comp_853_cycle_1_55",4
"13579","virus_comp_853_cycle_1_58",4
"13580","virus_comp_853_cycle_1_8",4
"13581","virus_comp_8576_cycle_1_2",4
"13582","virus_comp_858_cycle_1_12",4
"13583","virus_comp_858_cycle_1_19",4
"13584","virus_comp_858_cycle_1_25",4
"13585","virus_comp_858_cycle_1_6",4
"13586","virus_comp_8593_cycle_1_2",4
"13587","virus_comp_8593_cycle_1_3",4
"13588","virus_comp_861_cycle_1_1",4
"13589","virus_comp_861_cycle_1_5",4
"13590","virus_comp_862_cycle_1_1",4
"13591","virus_comp_862_cycle_1_24",4
"13592","virus_comp_862_cycle_1_6",4
"13593","virus_comp_8622_cycle_1_1",4
"13594","virus_comp_863_cycle_1_11",4
"13595","virus_comp_863_cycle_1_12",4
"13596","virus_comp_863_cycle_1_26",4
"13597","virus_comp_863_cycle_1_36",4
"13598","virus_comp_864_cycle_1_7",4
"13599","virus_comp_866_cycle_1_2",4
"13600","virus_comp_868_cycle_1_3",4
"13601","virus_comp_868_cycle_1_6",4
"13602","virus_comp_868_cycle_1_8",4
"13603","virus_comp_8686_cycle_1_2",4
"13604","virus_comp_869_cycle_1_1",4
"13605","virus_comp_869_cycle_1_13",4
"13606","virus_comp_869_cycle_1_16",4
"13607","virus_comp_869_cycle_1_25",4
"13608","virus_comp_869_cycle_1_27",4
"13609","virus_comp_869_cycle_1_28",4
"13610","virus_comp_869_cycle_1_29",4
"13611","virus_comp_869_cycle_1_30",4
"13612","virus_comp_869_cycle_1_33",4
"13613","virus_comp_869_cycle_1_37",4
"13614","virus_comp_869_cycle_1_40",4
"13615","virus_comp_869_cycle_1_41",4
"13616","virus_comp_869_cycle_1_46",4
"13617","virus_comp_869_cycle_1_49",4
"13618","virus_comp_869_cycle_1_5",4
"13619","virus_comp_869_cycle_1_53",4
"13620","virus_comp_869_cycle_1_54",4
"13621","virus_comp_869_cycle_1_55",4
"13622","virus_comp_869_cycle_1_58",4
"13623","virus_comp_869_cycle_1_6",4
"13624","virus_comp_869_cycle_1_62",4
"13625","virus_comp_869_cycle_1_7",4
"13626","virus_comp_869_cycle_1_70",4
"13627","virus_comp_869_cycle_1_71",4
"13628","virus_comp_869_cycle_1_72",4
"13629","virus_comp_869_cycle_1_78",4
"13630","virus_comp_869_cycle_1_80",4
"13631","virus_comp_869_cycle_1_9",4
"13632","virus_comp_870_cycle_1_3",4
"13633","virus_comp_870_cycle_1_5",4
"13634","virus_comp_870_cycle_1_6",4
"13635","virus_comp_870_cycle_1_7",4
"13636","virus_comp_871_cycle_1_1",4
"13637","virus_comp_871_cycle_1_11",4
"13638","virus_comp_871_cycle_1_2",4
"13639","virus_comp_871_cycle_1_8",4
"13640","virus_comp_871_cycle_1_9",4
"13641","virus_comp_872_cycle_1_11",4
"13642","virus_comp_872_cycle_1_27",4
"13643","virus_comp_872_cycle_1_4",4
"13644","virus_comp_872_cycle_1_44",4
"13645","virus_comp_873_cycle_1_10",4
"13646","virus_comp_875_cycle_1_3",4
"13647","virus_comp_875_cycle_1_4",4
"13648","virus_comp_875_cycle_1_9",4
"13649","virus_comp_8751_cycle_1_1",4
"13650","virus_comp_876_cycle_1_3",4
"13651","virus_comp_876_cycle_1_6",4
"13652","virus_comp_877_cycle_1_1",4
"13653","virus_comp_877_cycle_1_12",4
"13654","virus_comp_877_cycle_1_13",4
"13655","virus_comp_8775_cycle_1_3",4
"13656","virus_comp_881_cycle_1_1",4
"13657","virus_comp_881_cycle_1_5",4
"13658","virus_comp_881_cycle_1_7",4
"13659","virus_comp_881_cycle_1_8",4
"13660","virus_comp_8822_cycle_1_5",4
"13661","virus_comp_8828_cycle_1_3",4
"13662","virus_comp_884_cycle_1_3",4
"13663","virus_comp_885_cycle_1_9",4
"13664","virus_comp_8850_cycle_1_1",4
"13665","virus_comp_887_cycle_1_14",4
"13666","virus_comp_887_cycle_1_16",4
"13667","virus_comp_887_cycle_1_18",4
"13668","virus_comp_887_cycle_1_25",4
"13669","virus_comp_887_cycle_1_41",4
"13670","virus_comp_887_cycle_1_44",4
"13671","virus_comp_887_cycle_1_46",4
"13672","virus_comp_887_cycle_1_49",4
"13673","virus_comp_887_cycle_1_5",4
"13674","virus_comp_887_cycle_1_56",4
"13675","virus_comp_887_cycle_1_63",4
"13676","virus_comp_887_cycle_1_64",4
"13677","virus_comp_887_cycle_1_65",4
"13678","virus_comp_887_cycle_1_66",4
"13679","virus_comp_887_cycle_1_67",4
"13680","virus_comp_887_cycle_1_69",4
"13681","virus_comp_887_cycle_1_70",4
"13682","virus_comp_887_cycle_1_72",4
"13683","virus_comp_887_cycle_1_73",4
"13684","virus_comp_887_cycle_1_74",4
"13685","virus_comp_887_cycle_1_76",4
"13686","virus_comp_887_cycle_1_8",4
"13687","virus_comp_887_cycle_1_9",4
"13688","virus_comp_888_cycle_1_2",4
"13689","virus_comp_894_cycle_1_13",4
"13690","virus_comp_894_cycle_1_14",4
"13691","virus_comp_894_cycle_1_17",4
"13692","virus_comp_894_cycle_1_2",4
"13693","virus_comp_894_cycle_1_3",4
"13694","virus_comp_895_cycle_1_10",4
"13695","virus_comp_895_cycle_1_26",4
"13696","virus_comp_895_cycle_1_27",4
"13697","virus_comp_8957_cycle_1_1",4
"13698","virus_comp_8957_cycle_1_2",4
"13699","virus_comp_8957_cycle_1_3",4
"13700","virus_comp_901_cycle_1_8",4
"13701","virus_comp_9016_cycle_1_1",4
"13702","virus_comp_9016_cycle_1_3",4
"13703","virus_comp_905_cycle_1_13",4
"13704","virus_comp_905_cycle_1_17",4
"13705","virus_comp_905_cycle_1_21",4
"13706","virus_comp_905_cycle_1_5",4
"13707","virus_comp_905_cycle_1_7",4
"13708","virus_comp_905_cycle_1_9",4
"13709","virus_comp_906_cycle_1_10",4
"13710","virus_comp_906_cycle_1_11",4
"13711","virus_comp_906_cycle_1_14",4
"13712","virus_comp_906_cycle_1_15",4
"13713","virus_comp_906_cycle_1_29",4
"13714","virus_comp_906_cycle_1_37",4
"13715","virus_comp_906_cycle_1_38",4
"13716","virus_comp_906_cycle_1_39",4
"13717","virus_comp_906_cycle_1_5",4
"13718","virus_comp_906_cycle_1_7",4
"13719","virus_comp_9078_cycle_1_2",4
"13720","virus_comp_909_cycle_1_23",4
"13721","virus_comp_912_cycle_1_11",4
"13722","virus_comp_912_cycle_1_29",4
"13723","virus_comp_912_cycle_1_30",4
"13724","virus_comp_912_cycle_1_33",4
"13725","virus_comp_912_cycle_1_34",4
"13726","virus_comp_912_cycle_1_9",4
"13727","virus_comp_9165_cycle_1_1",4
"13728","virus_comp_9165_cycle_1_2",4
"13729","virus_comp_9170_cycle_1_1",4
"13730","virus_comp_9203_cycle_1_4",4
"13731","virus_comp_921_cycle_1_3",4
"13732","virus_comp_922_cycle_1_3",4
"13733","virus_comp_9227_cycle_1_3",4
"13734","virus_comp_924_cycle_2_1",4
"13735","virus_comp_924_cycle_2_13",4
"13736","virus_comp_924_cycle_2_15",4
"13737","virus_comp_924_cycle_2_2",4
"13738","virus_comp_924_cycle_2_23",4
"13739","virus_comp_924_cycle_2_26",4
"13740","virus_comp_924_cycle_2_33",4
"13741","virus_comp_924_cycle_2_38",4
"13742","virus_comp_924_cycle_2_4",4
"13743","virus_comp_924_cycle_2_7",4
"13744","virus_comp_924_cycle_2_9",4
"13745","virus_comp_926_cycle_1_4",4
"13746","virus_comp_9262_cycle_1_1",4
"13747","virus_comp_932_cycle_1_1",4
"13748","virus_comp_935_cycle_1_2",4
"13749","virus_comp_935_cycle_1_4",4
"13750","virus_comp_935_cycle_1_5",4
"13751","virus_comp_9365_cycle_1_1",4
"13752","virus_comp_939_cycle_1_18",4
"13753","virus_comp_945_cycle_1_4",4
"13754","virus_comp_945_cycle_1_6",4
"13755","virus_comp_949_cycle_1_4",4
"13756","virus_comp_9525_cycle_1_4",4
"13757","virus_comp_957_cycle_1_8",4
"13758","virus_comp_9570_cycle_1_3",4
"13759","virus_comp_9571_cycle_1_1",4
"13760","virus_comp_9571_cycle_1_2",4
"13761","virus_comp_958_cycle_1_14",4
"13762","virus_comp_958_cycle_1_20",4
"13763","virus_comp_958_cycle_1_21",4
"13764","virus_comp_958_cycle_1_5",4
"13765","virus_comp_958_cycle_1_6",4
"13766","virus_comp_958_cycle_1_7",4
"13767","virus_comp_9584_cycle_1_2",4
"13768","virus_comp_960_cycle_1_2",4
"13769","virus_comp_960_cycle_1_4",4
"13770","virus_comp_962_cycle_1_4",4
"13771","virus_comp_9669_cycle_1_1",4
"13772","virus_comp_9697_cycle_1_1",4
"13773","virus_comp_9699_cycle_1_1",4
"13774","virus_comp_971_cycle_1_15",4
"13775","virus_comp_971_cycle_1_20",4
"13776","virus_comp_971_cycle_1_25",4
"13777","virus_comp_971_cycle_1_27",4
"13778","virus_comp_971_cycle_1_28",4
"13779","virus_comp_971_cycle_1_3",4
"13780","virus_comp_9713_cycle_1_1",4
"13781","virus_comp_9740_cycle_1_2",4
"13782","virus_comp_9770_cycle_1_1",4
"13783","virus_comp_9814_cycle_1_1",4
"13784","virus_comp_984_cycle_1_2",4
"13785","virus_comp_984_cycle_1_42",4
"13786","virus_comp_984_cycle_1_43",4
"13787","virus_comp_984_cycle_1_44",4
"13788","virus_comp_984_cycle_1_46",4
"13789","virus_comp_984_cycle_1_6",4
"13790","virus_comp_9900_cycle_1_3",4
"13791","virus_comp_9910_cycle_1_3",4
"13792","virus_comp_9930_cycle_1_2",4
"13793","virus_comp_9930_cycle_1_3",4
"13794","virus_comp_996_cycle_1_9",4
"13795","virus_comp_998_cycle_1_10",4
"13796","virus_comp_998_cycle_1_13",4
"13797","virus_comp_998_cycle_1_15",4
"13798","virus_comp_998_cycle_1_6",4
"13799","virus_comp_999_cycle_1_13",4
"13800","virus_comp_999_cycle_1_14",4
"13801","virus_comp_999_cycle_1_17",4
"13802","virus_comp_999_cycle_1_18",4
"13803","virus_comp_999_cycle_1_21",4
"13804","virus_comp_999_cycle_1_25",4
"13805","virus_comp_999_cycle_1_9",4
"13806","edge_1291_105",4
"13807","edge_1291_107",4
"13808","edge_1291_112",4
"13809","edge_1291_113",4
"13810","edge_1291_114",4
"13811","edge_1291_117",4
"13812","edge_1291_118",4
"13813","edge_1291_138",4
"13814","edge_1291_139",4
"13815","edge_1291_140",4
"13816","edge_1291_39",4
"13817","edge_1329_101",4
"13818","edge_1329_103",4
"13819","edge_1329_11",4
"13820","edge_1329_113",4
"13821","edge_1329_114",4
"13822","edge_1329_115",4
"13823","edge_1329_12",4
"13824","edge_1329_127",4
"13825","edge_1329_39",4
"13826","edge_1329_48",4
"13827","edge_1329_49",4
"13828","edge_1329_55",4
"13829","edge_1329_92",4
"13830","edge_1329_93",4
"13831","edge_1468_11",4
"13832","edge_1468_2",4
"13833","edge_1468_22",4
"13834","edge_1468_27",4
"13835","edge_1468_28",4
"13836","edge_1468_3",4
"13837","edge_1468_46",4
"13838","edge_1468_82",4
"13839","edge_1474_11",4
"13840","edge_1474_12",4
"13841","edge_1474_16",4
"13842","edge_1474_19",4
"13843","edge_1474_9",4
"13844","edge_1476_14",4
"13845","edge_1476_2",4
"13846","edge_1476_3",4
"13847","edge_1494_13",4
"13848","edge_1494_23",4
"13849","edge_1495_10",4
"13850","edge_1495_11",4
"13851","edge_1495_13",4
"13852","edge_1495_15",4
"13853","edge_1495_18",4
"13854","edge_1495_19",4
"13855","edge_1495_2",4
"13856","edge_1495_20",4
"13857","edge_1495_21",4
"13858","edge_1495_22",4
"13859","edge_1495_23",4
"13860","edge_1495_3",4
"13861","edge_1495_33",4
"13862","edge_1495_37",4
"13863","edge_1495_4",4
"13864","edge_1495_43",4
"13865","edge_1495_46",4
"13866","edge_1495_55",4
"13867","edge_1495_60",4
"13868","edge_1495_9",4
"13869","edge_1496_19",4
"13870","edge_1497_10",4
"13871","edge_1497_3",4
"13872","edge_1497_4",4
"13873","edge_1497_8",4
"13874","edge_1497_9",4
"13875","edge_1501_12",4
"13876","edge_1501_18",4
"13877","edge_1501_20",4
"13878","edge_1501_27",4
"13879","edge_1501_28",4
"13880","edge_1512_12",4
"13881","edge_1512_19",4
"13882","edge_1512_22",4
"13883","edge_1512_26",4
"13884","edge_1512_27",4
"13885","edge_1512_29",4
"13886","edge_1512_31",4
"13887","edge_1512_40",4
"13888","edge_1512_48",4
"13889","edge_1512_49",4
"13890","edge_1512_53",4
"13891","edge_1512_54",4
"13892","edge_1512_56",4
"13893","edge_1512_58",4
"13894","edge_1512_60",4
"13895","edge_1512_71",4
"13896","edge_1515_19",4
"13897","edge_1515_20",4
"13898","edge_1515_7",4
"13899","edge_1594_15",4
"13900","edge_1594_16",4
"13901","edge_1594_27",4
"13902","edge_1594_28",4
"13903","edge_1594_3",4
"13904","edge_1594_35",4
"13905","edge_1594_36",4
"13906","edge_1594_37",4
"13907","edge_1594_38",4
"13908","edge_1594_41",4
"13909","edge_1594_43",4
"13910","edge_1594_44",4
"13911","edge_1594_46",4
"13912","edge_1594_47",4
"13913","edge_1594_49",4
"13914","edge_1594_5",4
"13915","edge_1594_50",4
"13916","edge_1594_53",4
"13917","edge_1594_54",4
"13918","edge_1594_58",4
"13919","edge_1594_59",4
"13920","edge_1594_6",4
"13921","edge_1596_19",4
"13922","edge_1596_23",4
"13923","edge_1596_25",4
"13924","edge_1596_39",4
"13925","edge_1596_4",4
"13926","edge_1627_11",4
"13927","edge_1627_12",4
"13928","edge_1627_16",4
"13929","edge_1627_2",4
"13930","edge_1627_23",4
"13931","edge_1627_3",4
"13932","edge_1627_5",4
"13933","edge_1631_25",4
"13934","edge_1631_26",4
"13935","edge_1633_16",4
"13936","edge_1633_17",4
"13937","edge_1633_27",4
"13938","edge_1633_3",4
"13939","edge_1633_31",4
"13940","edge_1633_33",4
"13941","edge_1633_39",4
"13942","edge_1633_59",4
"13943","edge_1633_6",4
"13944","edge_1633_60",4
"13945","edge_1633_65",4
"13946","edge_1641_1",4
"13947","edge_1641_28",4
"13948","edge_1641_33",4
"13949","edge_1641_35",4
"13950","edge_1641_36",4
"13951","edge_1641_38",4
"13952","edge_1641_40",4
"13953","edge_1641_53",4
"13954","edge_1641_55",4
"13955","edge_1641_56",4
"13956","edge_1641_59",4
"13957","edge_1641_62",4
"13958","edge_1641_63",4
"13959","edge_1641_64",4
"13960","edge_1641_66",4
"13961","edge_1641_68",4
"13962","edge_1641_7",4
"13963","edge_1641_70",4
"13964","edge_1641_72",4
"13965","edge_1641_8",4
"13966","edge_1672_20",4
"13967","edge_1672_52",4
"13968","edge_1672_53",4
"13969","edge_1672_58",4
"13970","edge_1672_69",4
"13971","edge_1707_17",4
"13972","edge_1707_18",4
"13973","edge_1707_20",4
"13974","edge_1707_9",4
"13975","edge_1709_10",4
"13976","edge_1709_15",4
"13977","edge_1709_18",4
"13978","edge_1709_24",4
"13979","edge_1709_31",4
"13980","edge_1709_42",4
"13981","edge_1709_43",4
"13982","edge_1709_61",4
"13983","edge_1709_7",4
"13984","edge_1710_3",4
"13985","edge_1732_21",4
"13986","edge_1732_23",4
"13987","edge_1732_24",4
"13988","edge_1732_25",4
"13989","edge_1732_62",4
"13990","edge_1732_63",4
"13991","edge_1782_21",4
"13992","edge_1782_22",4
"13993","edge_1782_25",4
"13994","edge_1782_31",4
"13995","edge_1782_37",4
"13996","edge_1782_39",4
"13997","edge_1801_10",4
"13998","edge_1801_22",4
"13999","edge_1801_36",4
"14000","edge_1801_40",4
"14001","edge_1801_5",4
"14002","edge_1801_7",4
"14003","edge_1803_11",4
"14004","edge_1803_12",4
"14005","edge_1803_8",4
"14006","edge_1803_9",4
"14007","edge_1845_13",4
"14008","edge_1845_34",4
"14009","edge_1845_35",4
"14010","edge_1845_39",4
"14011","edge_1857_12",4
"14012","edge_1857_13",4
"14013","edge_1857_15",4
"14014","edge_1857_18",4
"14015","edge_1857_33",4
"14016","edge_1857_4",4
"14017","edge_1857_43",4
"14018","edge_1857_67",4
"14019","edge_1857_68",4
"14020","edge_1857_7",4
"14021","edge_1857_70",4
"14022","edge_1857_71",4
"14023","edge_1857_80",4
"14024","edge_1862_14",4
"14025","edge_1862_16",4
"14026","edge_1862_18",4
"14027","edge_1862_19",4
"14028","edge_1862_24",4
"14029","edge_1862_4",4
"14030","edge_1863_2",4
"14031","edge_1863_5",4
"14032","edge_1863_8",4
"14033","edge_1863_9",4
"14034","edge_1877_24",4
"14035","edge_1877_4",4
"14036","edge_1877_44",4
"14037","edge_1877_74",4
"14038","edge_1877_76",4
"14039","edge_1877_78",4
"14040","edge_1877_9",4
"14041","edge_1896_1",4
"14042","edge_1896_12",4
"14043","edge_1896_16",4
"14044","edge_1896_2",4
"14045","edge_1896_24",4
"14046","edge_1896_26",4
"14047","edge_1896_3",4
"14048","edge_1896_4",4
"14049","edge_1896_43",4
"14050","edge_1896_48",4
"14051","edge_1907_18",4
"14052","edge_1907_19",4
"14053","edge_1915_2",4
"14054","edge_192_16",4
"14055","edge_192_5",4
"14056","edge_192_6",4
"14057","edge_1957_23",4
"14058","edge_1957_34",4
"14059","edge_1957_35",4
"14060","edge_1957_36",4
"14061","edge_1957_40",4
"14062","edge_1957_41",4
"14063","edge_1957_42",4
"14064","edge_1957_45",4
"14065","edge_1957_46",4
"14066","edge_1957_47",4
"14067","edge_1957_48",4
"14068","edge_1957_49",4
"14069","edge_1957_50",4
"14070","edge_1957_51",4
"14071","edge_1957_52",4
"14072","edge_1957_53",4
"14073","edge_1957_54",4
"14074","edge_1957_55",4
"14075","edge_1957_56",4
"14076","edge_1957_60",4
"14077","edge_1959_7",4
"14078","edge_1959_9",4
"14079","edge_1968_1",4
"14080","edge_1968_2",4
"14081","edge_1968_3",4
"14082","edge_1970_1",4
"14083","edge_1970_2",4
"14084","edge_1970_3",4
"14085","edge_1980_5",4
"14086","edge_1989_12",4
"14087","edge_1989_13",4
"14088","edge_1989_20",4
"14089","edge_1989_36",4
"14090","edge_1989_60",4
"14091","edge_1989_61",4
"14092","edge_1997_11",4
"14093","edge_1997_12",4
"14094","edge_1997_14",4
"14095","edge_1997_26",4
"14096","edge_1997_29",4
"14097","edge_1997_34",4
"14098","edge_1997_35",4
"14099","edge_1997_36",4
"14100","edge_1997_4",4
"14101","edge_1997_40",4
"14102","edge_1997_51",4
"14103","edge_1997_53",4
"14104","edge_1997_54",4
"14105","edge_1997_57",4
"14106","edge_1997_58",4
"14107","edge_1997_61",4
"14108","edge_1997_9",4
"14109","edge_2008_11",4
"14110","edge_2008_15",4
"14111","edge_2008_16",4
"14112","edge_2008_17",4
"14113","edge_2008_2",4
"14114","edge_2008_25",4
"14115","edge_2008_26",4
"14116","edge_2008_27",4
"14117","edge_2008_33",4
"14118","edge_2008_37",4
"14119","edge_2008_5",4
"14120","edge_2008_6",4
"14121","edge_2008_8",4
"14122","edge_2018_5",4
"14123","edge_2018_6",4
"14124","edge_2018_7",4
"14125","edge_2044_25",4
"14126","edge_2063_1",4
"14127","edge_2063_10",4
"14128","edge_2063_14",4
"14129","edge_2063_24",4
"14130","edge_2063_3",4
"14131","edge_2063_9",4
"14132","edge_2143_1",4
"14133","edge_2143_11",4
"14134","edge_2143_15",4
"14135","edge_2143_48",4
"14136","edge_2143_56",4
"14137","edge_2143_58",4
"14138","edge_2194_19",4
"14139","edge_2194_28",4
"14140","edge_2194_36",4
"14141","edge_2194_37",4
"14142","edge_2194_39",4
"14143","edge_2194_9",4
"14144","edge_2261_22",4
"14145","edge_2261_24",4
"14146","edge_2261_29",4
"14147","edge_2291_11",4
"14148","edge_2291_4",4
"14149","edge_2291_7",4
"14150","edge_2296_4",4
"14151","edge_2320_2",4
"14152","edge_2375_1",4
"14153","edge_2375_17",4
"14154","edge_2375_18",4
"14155","edge_2381_1",4
"14156","edge_2381_31",4
"14157","edge_2381_5",4
"14158","edge_2429_11",4
"14159","edge_2429_23",4
"14160","edge_2429_24",4
"14161","edge_2429_3",4
"14162","edge_2435_13",4
"14163","edge_2435_15",4
"14164","edge_2435_16",4
"14165","edge_2435_3",4
"14166","edge_2454_7",4
"14167","edge_2455_10",4
"14168","edge_2455_16",4
"14169","edge_2455_9",4
"14170","edge_2461_12",4
"14171","edge_2461_14",4
"14172","edge_2461_4",4
"14173","edge_2461_7",4
"14174","edge_2484_9",4
"14175","edge_2486_12",4
"14176","edge_2486_35",4
"14177","edge_263_16",4
"14178","edge_263_26",4
"14179","edge_263_40",4
"14180","edge_263_46",4
"14181","edge_263_5",4
"14182","edge_2654_1",4
"14183","edge_284_20",4
"14184","edge_284_21",4
"14185","edge_2859_5",4
"14186","edge_295_1",4
"14187","edge_295_30",4
"14188","edge_295_37",4
"14189","edge_295_45",4
"14190","edge_295_46",4
"14191","edge_302_1",4
"14192","edge_302_2",4
"14193","edge_329_1",4
"14194","edge_330_10",4
"14195","edge_330_11",4
"14196","edge_330_34",4
"14197","edge_330_38",4
"14198","edge_330_52",4
"14199","edge_330_53",4
"14200","edge_330_54",4
"14201","edge_330_7",4
"14202","edge_3509_1",4
"14203","edge_3509_5",4
"14204","edge_3509_8",4
"14205","edge_3513_10",4
"14206","edge_3513_12",4
"14207","edge_3513_19",4
"14208","edge_3513_9",4
"14209","edge_48662_1",4
"14210","edge_48662_10",4
"14211","edge_48662_11",4
"14212","edge_48662_12",4
"14213","edge_48662_13",4
"14214","edge_48662_14",4
"14215","edge_48662_15",4
"14216","edge_48662_16",4
"14217","edge_48662_17",4
"14218","edge_48662_2",4
"14219","edge_48662_3",4
"14220","edge_48662_4",4
"14221","edge_48662_5",4
"14222","edge_48662_6",4
"14223","edge_48662_7",4
"14224","edge_48662_8",4
"14225","edge_48662_9",4
"14226","edge_48732_13",4
"14227","edge_48732_14",4
"14228","edge_48732_15",4
"14229","edge_48732_3",4
"14230","edge_48732_4",4
"14231","edge_48771_2",4
"14232","edge_48821_1",4
"14233","edge_48821_3",4
"14234","edge_48821_4",4
"14235","edge_48821_5",4
"14236","edge_48821_7",4
"14237","edge_48821_8",4
"14238","edge_48897_2",4
"14239","edge_48897_3",4
"14240","edge_48907_10",4
"14241","edge_48907_2",4
"14242","edge_48907_5",4
"14243","edge_48908_13",4
"14244","edge_48908_2",4
"14245","edge_48908_5",4
"14246","edge_48967_1",4
"14247","edge_48967_9",4
"14248","edge_49045_1",4
"14249","edge_75_19",4
"14250","edge_75_21",4
"14251","edge_75_22",4
"14252","edge_75_23",4
"14253","edge_75_24",4
"14254","edge_75_30",4
"14255","edge_957_38",4
"14256","edge_959_23",4
"14257","edge_959_40",4
"14258","edge_959_5",4
"14259","edge_959_74",4
"14260","edge_959_75",4
"14261","edge_959_8",4
"14262","edge_959_97",4
"14263","edge_965_14",4
"14264","edge_965_2",4
"14265","edge_965_32",4
"14266","edge_965_35",4
"14267","edge_967_5",4
"14268","edge_976_1",4
"14269","edge_976_4",4
"14270","virus_comp_10040_cycle_1_1",3
"14271","virus_comp_10049_cycle_1_2",3
"14272","virus_comp_1006_cycle_1_2",3
"14273","virus_comp_1006_cycle_1_8",3
"14274","virus_comp_1007_cycle_1_15",3
"14275","virus_comp_1007_cycle_1_20",3
"14276","virus_comp_1007_cycle_1_28",3
"14277","virus_comp_1007_cycle_1_29",3
"14278","virus_comp_1007_cycle_1_35",3
"14279","virus_comp_1007_cycle_1_37",3
"14280","virus_comp_1007_cycle_1_38",3
"14281","virus_comp_10127_cycle_1_2",3
"14282","virus_comp_10133_cycle_1_3",3
"14283","virus_comp_1017_cycle_1_14",3
"14284","virus_comp_1017_cycle_1_15",3
"14285","virus_comp_1017_cycle_1_16",3
"14286","virus_comp_1017_cycle_1_17",3
"14287","virus_comp_1017_cycle_1_19",3
"14288","virus_comp_1017_cycle_1_20",3
"14289","virus_comp_1017_cycle_1_21",3
"14290","virus_comp_1017_cycle_1_22",3
"14291","virus_comp_1017_cycle_1_5",3
"14292","virus_comp_1017_cycle_1_6",3
"14293","virus_comp_1017_cycle_3_14",3
"14294","virus_comp_1017_cycle_3_15",3
"14295","virus_comp_1017_cycle_3_16",3
"14296","virus_comp_1017_cycle_3_18",3
"14297","virus_comp_1017_cycle_3_2",3
"14298","virus_comp_1017_cycle_3_20",3
"14299","virus_comp_1017_cycle_3_4",3
"14300","virus_comp_1017_cycle_3_6",3
"14301","virus_comp_10188_cycle_1_1",3
"14302","virus_comp_1022_cycle_1_1",3
"14303","virus_comp_1022_cycle_1_16",3
"14304","virus_comp_1022_cycle_1_2",3
"14305","virus_comp_1022_cycle_1_21",3
"14306","virus_comp_1022_cycle_1_22",3
"14307","virus_comp_1022_cycle_1_23",3
"14308","virus_comp_1022_cycle_1_25",3
"14309","virus_comp_1023_cycle_1_10",3
"14310","virus_comp_1023_cycle_1_11",3
"14311","virus_comp_1023_cycle_1_12",3
"14312","virus_comp_1023_cycle_1_13",3
"14313","virus_comp_1023_cycle_1_14",3
"14314","virus_comp_1023_cycle_1_15",3
"14315","virus_comp_1023_cycle_1_16",3
"14316","virus_comp_1023_cycle_1_17",3
"14317","virus_comp_1023_cycle_1_18",3
"14318","virus_comp_1023_cycle_1_19",3
"14319","virus_comp_1023_cycle_1_20",3
"14320","virus_comp_1023_cycle_1_3",3
"14321","virus_comp_1023_cycle_1_4",3
"14322","virus_comp_1023_cycle_1_5",3
"14323","virus_comp_1023_cycle_1_6",3
"14324","virus_comp_1023_cycle_1_7",3
"14325","virus_comp_1023_cycle_1_9",3
"14326","virus_comp_10237_cycle_1_2",3
"14327","virus_comp_1027_cycle_1_19",3
"14328","virus_comp_1027_cycle_1_20",3
"14329","virus_comp_1027_cycle_1_26",3
"14330","virus_comp_1027_cycle_1_29",3
"14331","virus_comp_1027_cycle_1_3",3
"14332","virus_comp_1029_cycle_1_12",3
"14333","virus_comp_1029_cycle_1_15",3
"14334","virus_comp_1029_cycle_1_17",3
"14335","virus_comp_1029_cycle_1_21",3
"14336","virus_comp_1030_cycle_1_12",3
"14337","virus_comp_1030_cycle_1_2",3
"14338","virus_comp_1030_cycle_1_25",3
"14339","virus_comp_1030_cycle_1_4",3
"14340","virus_comp_1030_cycle_1_8",3
"14341","virus_comp_10304_cycle_1_1",3
"14342","virus_comp_10304_cycle_1_2",3
"14343","virus_comp_10307_cycle_1_1",3
"14344","virus_comp_10307_cycle_1_4",3
"14345","virus_comp_1034_cycle_1_9",3
"14346","virus_comp_10341_cycle_1_4",3
"14347","virus_comp_1035_cycle_1_8",3
"14348","virus_comp_1038_cycle_1_10",3
"14349","virus_comp_1038_cycle_1_3",3
"14350","virus_comp_1038_cycle_1_5",3
"14351","virus_comp_1038_cycle_1_8",3
"14352","virus_comp_1038_cycle_1_9",3
"14353","virus_comp_104_cycle_1_2",3
"14354","virus_comp_1041_cycle_1_1",3
"14355","virus_comp_1041_cycle_1_26",3
"14356","virus_comp_10426_cycle_1_2",3
"14357","virus_comp_10426_cycle_1_4",3
"14358","virus_comp_1045_cycle_1_8",3
"14359","virus_comp_10481_cycle_1_4",3
"14360","virus_comp_1050_cycle_1_12",3
"14361","virus_comp_1051_cycle_1_3",3
"14362","virus_comp_10516_cycle_1_2",3
"14363","virus_comp_10526_cycle_1_2",3
"14364","virus_comp_1053_cycle_1_20",3
"14365","virus_comp_1053_cycle_1_5",3
"14366","virus_comp_1054_cycle_1_15",3
"14367","virus_comp_1054_cycle_1_27",3
"14368","virus_comp_1055_cycle_1_14",3
"14369","virus_comp_1055_cycle_1_3",3
"14370","virus_comp_1055_cycle_1_4",3
"14371","virus_comp_1058_cycle_1_23",3
"14372","virus_comp_1058_cycle_1_24",3
"14373","virus_comp_1058_cycle_1_30",3
"14374","virus_comp_1058_cycle_1_31",3
"14375","virus_comp_1058_cycle_1_7",3
"14376","virus_comp_10592_cycle_1_1",3
"14377","virus_comp_10599_cycle_1_2",3
"14378","virus_comp_1061_cycle_1_11",3
"14379","virus_comp_1061_cycle_1_14",3
"14380","virus_comp_1061_cycle_1_15",3
"14381","virus_comp_1061_cycle_1_18",3
"14382","virus_comp_1061_cycle_1_19",3
"14383","virus_comp_1061_cycle_1_21",3
"14384","virus_comp_1061_cycle_1_5",3
"14385","virus_comp_10613_cycle_1_2",3
"14386","virus_comp_1063_cycle_1_5",3
"14387","virus_comp_10634_cycle_1_1",3
"14388","virus_comp_10634_cycle_1_3",3
"14389","virus_comp_1065_cycle_1_1",3
"14390","virus_comp_1065_cycle_1_3",3
"14391","virus_comp_1065_cycle_1_4",3
"14392","virus_comp_1065_cycle_1_6",3
"14393","virus_comp_1066_cycle_1_25",3
"14394","virus_comp_1066_cycle_1_3",3
"14395","virus_comp_10666_cycle_1_1",3
"14396","virus_comp_10690_cycle_1_2",3
"14397","virus_comp_10708_cycle_1_3",3
"14398","virus_comp_1073_cycle_1_10",3
"14399","virus_comp_1073_cycle_1_8",3
"14400","virus_comp_10732_cycle_1_3",3
"14401","virus_comp_1075_cycle_1_17",3
"14402","virus_comp_1075_cycle_1_27",3
"14403","virus_comp_1075_cycle_1_34",3
"14404","virus_comp_1075_cycle_1_5",3
"14405","virus_comp_1075_cycle_1_6",3
"14406","virus_comp_1075_cycle_1_7",3
"14407","virus_comp_10754_cycle_1_1",3
"14408","virus_comp_10772_cycle_1_3",3
"14409","virus_comp_10780_cycle_1_1",3
"14410","virus_comp_1081_cycle_1_11",3
"14411","virus_comp_1081_cycle_1_3",3
"14412","virus_comp_1081_cycle_1_8",3
"14413","virus_comp_10842_cycle_1_2",3
"14414","virus_comp_10842_cycle_1_3",3
"14415","virus_comp_10844_cycle_1_1",3
"14416","virus_comp_1086_cycle_1_13",3
"14417","virus_comp_1086_cycle_1_5",3
"14418","virus_comp_10873_cycle_1_1",3
"14419","virus_comp_1093_cycle_1_1",3
"14420","virus_comp_1093_cycle_1_10",3
"14421","virus_comp_1093_cycle_1_12",3
"14422","virus_comp_1093_cycle_1_13",3
"14423","virus_comp_1093_cycle_1_14",3
"14424","virus_comp_1093_cycle_1_16",3
"14425","virus_comp_1093_cycle_1_2",3
"14426","virus_comp_1093_cycle_1_5",3
"14427","virus_comp_10931_cycle_1_2",3
"14428","virus_comp_1094_cycle_1_2",3
"14429","virus_comp_10947_cycle_1_3",3
"14430","virus_comp_1095_cycle_1_12",3
"14431","virus_comp_1095_cycle_1_6",3
"14432","virus_comp_10956_cycle_1_2",3
"14433","virus_comp_1097_cycle_1_14",3
"14434","virus_comp_1097_cycle_1_16",3
"14435","virus_comp_1097_cycle_1_17",3
"14436","virus_comp_1097_cycle_1_18",3
"14437","virus_comp_1097_cycle_1_2",3
"14438","virus_comp_1097_cycle_1_23",3
"14439","virus_comp_1097_cycle_1_24",3
"14440","virus_comp_1097_cycle_1_3",3
"14441","virus_comp_1097_cycle_1_4",3
"14442","virus_comp_1097_cycle_1_9",3
"14443","virus_comp_1098_cycle_1_16",3
"14444","virus_comp_1098_cycle_1_18",3
"14445","virus_comp_1098_cycle_1_20",3
"14446","virus_comp_1098_cycle_1_21",3
"14447","virus_comp_1098_cycle_1_22",3
"14448","virus_comp_1098_cycle_1_24",3
"14449","virus_comp_1098_cycle_1_26",3
"14450","virus_comp_1098_cycle_1_3",3
"14451","virus_comp_1098_cycle_1_4",3
"14452","virus_comp_1099_cycle_1_8",3
"14453","virus_comp_10990_cycle_1_3",3
"14454","virus_comp_11007_cycle_1_1",3
"14455","virus_comp_11008_cycle_1_2",3
"14456","virus_comp_1102_cycle_1_9",3
"14457","virus_comp_11020_cycle_1_3",3
"14458","virus_comp_1103_cycle_1_3",3
"14459","virus_comp_11063_cycle_1_1",3
"14460","virus_comp_1108_cycle_1_6",3
"14461","virus_comp_1109_cycle_1_16",3
"14462","virus_comp_1109_cycle_1_3",3
"14463","virus_comp_1109_cycle_1_34",3
"14464","virus_comp_1109_cycle_1_6",3
"14465","virus_comp_1109_cycle_1_9",3
"14466","virus_comp_1111_cycle_2_1",3
"14467","virus_comp_1111_cycle_2_2",3
"14468","virus_comp_1112_cycle_1_1",3
"14469","virus_comp_1115_cycle_1_1",3
"14470","virus_comp_1115_cycle_1_14",3
"14471","virus_comp_1116_cycle_1_19",3
"14472","virus_comp_1117_cycle_1_10",3
"14473","virus_comp_1117_cycle_1_11",3
"14474","virus_comp_1117_cycle_1_12",3
"14475","virus_comp_1117_cycle_1_13",3
"14476","virus_comp_1117_cycle_1_14",3
"14477","virus_comp_1117_cycle_1_15",3
"14478","virus_comp_1117_cycle_1_16",3
"14479","virus_comp_1117_cycle_1_17",3
"14480","virus_comp_1117_cycle_1_18",3
"14481","virus_comp_1117_cycle_1_19",3
"14482","virus_comp_1117_cycle_1_3",3
"14483","virus_comp_1117_cycle_1_4",3
"14484","virus_comp_1117_cycle_1_5",3
"14485","virus_comp_1117_cycle_1_6",3
"14486","virus_comp_1117_cycle_1_7",3
"14487","virus_comp_1117_cycle_1_8",3
"14488","virus_comp_1117_cycle_1_9",3
"14489","virus_comp_1118_cycle_1_13",3
"14490","virus_comp_1118_cycle_1_16",3
"14491","virus_comp_11187_cycle_1_2",3
"14492","virus_comp_1119_cycle_1_15",3
"14493","virus_comp_1119_cycle_1_17",3
"14494","virus_comp_1119_cycle_1_18",3
"14495","virus_comp_1119_cycle_1_26",3
"14496","virus_comp_1119_cycle_1_9",3
"14497","virus_comp_1123_cycle_1_7",3
"14498","virus_comp_11239_cycle_1_2",3
"14499","virus_comp_1124_cycle_1_5",3
"14500","virus_comp_1125_cycle_1_13",3
"14501","virus_comp_11262_cycle_1_3",3
"14502","virus_comp_1129_cycle_1_2",3
"14503","virus_comp_1129_cycle_1_6",3
"14504","virus_comp_1129_cycle_1_8",3
"14505","virus_comp_1130_cycle_1_3",3
"14506","virus_comp_1131_cycle_2_22",3
"14507","virus_comp_1131_cycle_2_24",3
"14508","virus_comp_11315_cycle_1_2",3
"14509","virus_comp_11329_cycle_1_2",3
"14510","virus_comp_11329_cycle_1_3",3
"14511","virus_comp_1135_cycle_1_5",3
"14512","virus_comp_11362_cycle_1_2",3
"14513","virus_comp_11372_cycle_1_1",3
"14514","virus_comp_1139_cycle_1_3",3
"14515","virus_comp_1139_cycle_1_6",3
"14516","virus_comp_1140_cycle_1_16",3
"14517","virus_comp_11409_cycle_1_1",3
"14518","virus_comp_1141_cycle_1_12",3
"14519","virus_comp_1141_cycle_1_4",3
"14520","virus_comp_1143_cycle_1_2",3
"14521","virus_comp_1143_cycle_1_3",3
"14522","virus_comp_11434_cycle_1_3",3
"14523","virus_comp_1145_cycle_1_11",3
"14524","virus_comp_1145_cycle_1_4",3
"14525","virus_comp_1146_cycle_3_15",3
"14526","virus_comp_11480_cycle_1_1",3
"14527","virus_comp_11480_cycle_1_2",3
"14528","virus_comp_11491_cycle_1_1",3
"14529","virus_comp_11491_cycle_1_2",3
"14530","virus_comp_1152_cycle_1_13",3
"14531","virus_comp_1152_cycle_1_14",3
"14532","virus_comp_1152_cycle_1_24",3
"14533","virus_comp_1152_cycle_1_25",3
"14534","virus_comp_1152_cycle_1_4",3
"14535","virus_comp_11547_cycle_1_2",3
"14536","virus_comp_11556_cycle_1_3",3
"14537","virus_comp_11557_cycle_1_2",3
"14538","virus_comp_1158_cycle_2_2",3
"14539","virus_comp_1158_cycle_2_5",3
"14540","virus_comp_1158_cycle_2_6",3
"14541","virus_comp_1158_cycle_2_7",3
"14542","virus_comp_1159_cycle_1_3",3
"14543","virus_comp_1160_cycle_1_1",3
"14544","virus_comp_1160_cycle_1_2",3
"14545","virus_comp_1160_cycle_1_4",3
"14546","virus_comp_1160_cycle_1_5",3
"14547","virus_comp_11612_cycle_1_1",3
"14548","virus_comp_1162_cycle_1_11",3
"14549","virus_comp_11634_cycle_1_1",3
"14550","virus_comp_1166_cycle_1_13",3
"14551","virus_comp_1171_cycle_1_14",3
"14552","virus_comp_1171_cycle_1_19",3
"14553","virus_comp_11715_cycle_1_1",3
"14554","virus_comp_11715_cycle_1_3",3
"14555","virus_comp_1173_cycle_1_13",3
"14556","virus_comp_1173_cycle_1_15",3
"14557","virus_comp_1173_cycle_1_2",3
"14558","virus_comp_1173_cycle_1_22",3
"14559","virus_comp_1173_cycle_1_23",3
"14560","virus_comp_1174_cycle_1_2",3
"14561","virus_comp_11746_cycle_1_3",3
"14562","virus_comp_1176_cycle_1_1",3
"14563","virus_comp_1178_cycle_1_1",3
"14564","virus_comp_1178_cycle_1_2",3
"14565","virus_comp_1178_cycle_1_3",3
"14566","virus_comp_1178_cycle_1_4",3
"14567","virus_comp_1178_cycle_1_5",3
"14568","virus_comp_1178_cycle_1_6",3
"14569","virus_comp_1178_cycle_1_7",3
"14570","virus_comp_1179_cycle_1_1",3
"14571","virus_comp_1179_cycle_1_13",3
"14572","virus_comp_1179_cycle_1_2",3
"14573","virus_comp_1179_cycle_1_3",3
"14574","virus_comp_1182_cycle_1_10",3
"14575","virus_comp_1182_cycle_1_2",3
"14576","virus_comp_1182_cycle_1_7",3
"14577","virus_comp_1182_cycle_1_9",3
"14578","virus_comp_1183_cycle_1_1",3
"14579","virus_comp_1183_cycle_1_10",3
"14580","virus_comp_1183_cycle_1_11",3
"14581","virus_comp_1183_cycle_1_12",3
"14582","virus_comp_1183_cycle_1_13",3
"14583","virus_comp_1183_cycle_1_14",3
"14584","virus_comp_1183_cycle_1_15",3
"14585","virus_comp_1183_cycle_1_16",3
"14586","virus_comp_1183_cycle_1_17",3
"14587","virus_comp_1183_cycle_1_2",3
"14588","virus_comp_1183_cycle_1_3",3
"14589","virus_comp_1183_cycle_1_4",3
"14590","virus_comp_1183_cycle_1_5",3
"14591","virus_comp_1183_cycle_1_6",3
"14592","virus_comp_1183_cycle_1_7",3
"14593","virus_comp_1183_cycle_1_8",3
"14594","virus_comp_1183_cycle_1_9",3
"14595","virus_comp_11848_cycle_1_2",3
"14596","virus_comp_11849_cycle_1_3",3
"14597","virus_comp_11849_cycle_1_5",3
"14598","virus_comp_1185_cycle_1_4",3
"14599","virus_comp_1188_cycle_1_17",3
"14600","virus_comp_11880_cycle_1_1",3
"14601","virus_comp_11880_cycle_1_2",3
"14602","virus_comp_11880_cycle_1_3",3
"14603","virus_comp_11880_cycle_1_4",3
"14604","virus_comp_11880_cycle_1_5",3
"14605","virus_comp_11883_cycle_1_1",3
"14606","virus_comp_119_cycle_1_105",3
"14607","virus_comp_119_cycle_1_4",3
"14608","virus_comp_119_cycle_1_44",3
"14609","virus_comp_119_cycle_1_45",3
"14610","virus_comp_119_cycle_1_77",3
"14611","virus_comp_1191_cycle_1_1",3
"14612","virus_comp_1191_cycle_1_10",3
"14613","virus_comp_1191_cycle_1_12",3
"14614","virus_comp_1191_cycle_1_15",3
"14615","virus_comp_1191_cycle_1_16",3
"14616","virus_comp_1191_cycle_1_17",3
"14617","virus_comp_1191_cycle_1_2",3
"14618","virus_comp_1191_cycle_1_21",3
"14619","virus_comp_1191_cycle_1_22",3
"14620","virus_comp_1191_cycle_1_23",3
"14621","virus_comp_1191_cycle_1_24",3
"14622","virus_comp_1191_cycle_1_4",3
"14623","virus_comp_1191_cycle_1_5",3
"14624","virus_comp_1191_cycle_1_8",3
"14625","virus_comp_1191_cycle_1_9",3
"14626","virus_comp_1193_cycle_1_2",3
"14627","virus_comp_1193_cycle_1_5",3
"14628","virus_comp_11947_cycle_1_1",3
"14629","virus_comp_1196_cycle_1_1",3
"14630","virus_comp_1196_cycle_1_4",3
"14631","virus_comp_11977_cycle_1_1",3
"14632","virus_comp_1199_cycle_1_1",3
"14633","virus_comp_1199_cycle_1_2",3
"14634","virus_comp_1199_cycle_1_3",3
"14635","virus_comp_1199_cycle_1_4",3
"14636","virus_comp_1199_cycle_1_5",3
"14637","virus_comp_1199_cycle_1_6",3
"14638","virus_comp_1199_cycle_1_7",3
"14639","virus_comp_1201_cycle_1_11",3
"14640","virus_comp_1201_cycle_1_12",3
"14641","virus_comp_1201_cycle_1_14",3
"14642","virus_comp_1201_cycle_1_15",3
"14643","virus_comp_1201_cycle_1_18",3
"14644","virus_comp_1201_cycle_1_4",3
"14645","virus_comp_1201_cycle_1_5",3
"14646","virus_comp_1201_cycle_1_7",3
"14647","virus_comp_12030_cycle_1_2",3
"14648","virus_comp_1205_cycle_1_34",3
"14649","virus_comp_1205_cycle_1_35",3
"14650","virus_comp_12068_cycle_1_1",3
"14651","virus_comp_12068_cycle_1_3",3
"14652","virus_comp_12069_cycle_1_1",3
"14653","virus_comp_12069_cycle_1_2",3
"14654","virus_comp_1207_cycle_1_11",3
"14655","virus_comp_1208_cycle_1_1",3
"14656","virus_comp_1208_cycle_1_12",3
"14657","virus_comp_1208_cycle_1_2",3
"14658","virus_comp_1208_cycle_1_21",3
"14659","virus_comp_121_cycle_1_118",3
"14660","virus_comp_1210_cycle_1_10",3
"14661","virus_comp_1210_cycle_1_12",3
"14662","virus_comp_1210_cycle_1_16",3
"14663","virus_comp_1210_cycle_1_17",3
"14664","virus_comp_1210_cycle_1_20",3
"14665","virus_comp_1210_cycle_1_22",3
"14666","virus_comp_1210_cycle_1_23",3
"14667","virus_comp_1210_cycle_1_24",3
"14668","virus_comp_1213_cycle_1_2",3
"14669","virus_comp_1213_cycle_1_5",3
"14670","virus_comp_1214_cycle_1_1",3
"14671","virus_comp_1214_cycle_1_11",3
"14672","virus_comp_1214_cycle_1_12",3
"14673","virus_comp_1214_cycle_1_2",3
"14674","virus_comp_1214_cycle_1_3",3
"14675","virus_comp_1214_cycle_1_4",3
"14676","virus_comp_1214_cycle_1_5",3
"14677","virus_comp_1214_cycle_1_7",3
"14678","virus_comp_1214_cycle_1_9",3
"14679","virus_comp_1217_cycle_1_1",3
"14680","virus_comp_1217_cycle_1_11",3
"14681","virus_comp_1217_cycle_1_4",3
"14682","virus_comp_122_cycle_1_4",3
"14683","virus_comp_12212_cycle_1_2",3
"14684","virus_comp_1223_cycle_1_14",3
"14685","virus_comp_1223_cycle_1_17",3
"14686","virus_comp_12269_cycle_1_3",3
"14687","virus_comp_1228_cycle_1_14",3
"14688","virus_comp_1228_cycle_1_20",3
"14689","virus_comp_1228_cycle_1_8",3
"14690","virus_comp_1231_cycle_1_1",3
"14691","virus_comp_1233_cycle_1_21",3
"14692","virus_comp_1233_cycle_1_9",3
"14693","virus_comp_1236_cycle_1_3",3
"14694","virus_comp_1236_cycle_1_4",3
"14695","virus_comp_1236_cycle_1_7",3
"14696","virus_comp_1236_cycle_1_8",3
"14697","virus_comp_12387_cycle_1_1",3
"14698","virus_comp_12396_cycle_1_1",3
"14699","virus_comp_12396_cycle_1_2",3
"14700","virus_comp_12396_cycle_1_6",3
"14701","virus_comp_1240_cycle_1_10",3
"14702","virus_comp_1242_cycle_1_1",3
"14703","virus_comp_1242_cycle_1_19",3
"14704","virus_comp_1242_cycle_1_6",3
"14705","virus_comp_1243_cycle_1_11",3
"14706","virus_comp_1243_cycle_1_12",3
"14707","virus_comp_1243_cycle_1_6",3
"14708","virus_comp_1243_cycle_1_8",3
"14709","virus_comp_12450_cycle_1_2",3
"14710","virus_comp_12462_cycle_1_2",3
"14711","virus_comp_12462_cycle_1_3",3
"14712","virus_comp_1249_cycle_1_1",3
"14713","virus_comp_1249_cycle_1_18",3
"14714","virus_comp_1249_cycle_1_25",3
"14715","virus_comp_1249_cycle_1_3",3
"14716","virus_comp_1249_cycle_1_4",3
"14717","virus_comp_1252_cycle_1_3",3
"14718","virus_comp_1253_cycle_1_5",3
"14719","virus_comp_12559_cycle_1_4",3
"14720","virus_comp_1259_cycle_1_1",3
"14721","virus_comp_1259_cycle_1_8",3
"14722","virus_comp_1259_cycle_1_9",3
"14723","virus_comp_126_cycle_1_105",3
"14724","virus_comp_126_cycle_1_106",3
"14725","virus_comp_126_cycle_1_112",3
"14726","virus_comp_126_cycle_1_114",3
"14727","virus_comp_126_cycle_1_13",3
"14728","virus_comp_126_cycle_1_132",3
"14729","virus_comp_126_cycle_1_134",3
"14730","virus_comp_126_cycle_1_149",3
"14731","virus_comp_126_cycle_1_154",3
"14732","virus_comp_126_cycle_1_163",3
"14733","virus_comp_126_cycle_1_165",3
"14734","virus_comp_126_cycle_1_167",3
"14735","virus_comp_126_cycle_1_170",3
"14736","virus_comp_126_cycle_1_175",3
"14737","virus_comp_126_cycle_1_179",3
"14738","virus_comp_126_cycle_1_197",3
"14739","virus_comp_126_cycle_1_202",3
"14740","virus_comp_126_cycle_1_212",3
"14741","virus_comp_126_cycle_1_213",3
"14742","virus_comp_126_cycle_1_215",3
"14743","virus_comp_126_cycle_1_223",3
"14744","virus_comp_126_cycle_1_39",3
"14745","virus_comp_126_cycle_1_41",3
"14746","virus_comp_126_cycle_1_45",3
"14747","virus_comp_126_cycle_1_47",3
"14748","virus_comp_126_cycle_1_48",3
"14749","virus_comp_126_cycle_1_49",3
"14750","virus_comp_126_cycle_1_50",3
"14751","virus_comp_126_cycle_1_52",3
"14752","virus_comp_126_cycle_1_57",3
"14753","virus_comp_126_cycle_1_64",3
"14754","virus_comp_126_cycle_1_67",3
"14755","virus_comp_126_cycle_1_77",3
"14756","virus_comp_126_cycle_1_82",3
"14757","virus_comp_126_cycle_1_83",3
"14758","virus_comp_126_cycle_1_87",3
"14759","virus_comp_1260_cycle_2_7",3
"14760","virus_comp_1265_cycle_1_1",3
"14761","virus_comp_1265_cycle_1_12",3
"14762","virus_comp_1265_cycle_1_15",3
"14763","virus_comp_1265_cycle_1_16",3
"14764","virus_comp_1265_cycle_1_19",3
"14765","virus_comp_1265_cycle_1_2",3
"14766","virus_comp_1265_cycle_1_4",3
"14767","virus_comp_1265_cycle_1_5",3
"14768","virus_comp_1265_cycle_1_7",3
"14769","virus_comp_1266_cycle_1_2",3
"14770","virus_comp_1266_cycle_1_3",3
"14771","virus_comp_12699_cycle_1_2",3
"14772","virus_comp_127_cycle_1_2",3
"14773","virus_comp_127_cycle_1_4",3
"14774","virus_comp_1271_cycle_1_10",3
"14775","virus_comp_1271_cycle_1_11",3
"14776","virus_comp_1271_cycle_1_18",3
"14777","virus_comp_1271_cycle_1_20",3
"14778","virus_comp_1271_cycle_1_5",3
"14779","virus_comp_1272_cycle_1_14",3
"14780","virus_comp_1272_cycle_1_2",3
"14781","virus_comp_1272_cycle_1_22",3
"14782","virus_comp_1272_cycle_1_4",3
"14783","virus_comp_12722_cycle_1_2",3
"14784","virus_comp_12725_cycle_1_1",3
"14785","virus_comp_1275_cycle_1_2",3
"14786","virus_comp_1275_cycle_1_5",3
"14787","virus_comp_12774_cycle_1_1",3
"14788","virus_comp_12799_cycle_1_1",3
"14789","virus_comp_1282_cycle_1_10",3
"14790","virus_comp_1282_cycle_1_18",3
"14791","virus_comp_1282_cycle_1_19",3
"14792","virus_comp_1282_cycle_1_4",3
"14793","virus_comp_1282_cycle_1_6",3
"14794","virus_comp_1282_cycle_1_9",3
"14795","virus_comp_1283_cycle_1_16",3
"14796","virus_comp_1283_cycle_1_5",3
"14797","virus_comp_1283_cycle_1_6",3
"14798","virus_comp_1283_cycle_1_8",3
"14799","virus_comp_12834_cycle_1_2",3
"14800","virus_comp_1285_cycle_1_1",3
"14801","virus_comp_1285_cycle_1_13",3
"14802","virus_comp_1285_cycle_1_14",3
"14803","virus_comp_1285_cycle_1_18",3
"14804","virus_comp_1285_cycle_1_20",3
"14805","virus_comp_1285_cycle_1_22",3
"14806","virus_comp_1285_cycle_1_6",3
"14807","virus_comp_1285_cycle_1_9",3
"14808","virus_comp_1286_cycle_1_1",3
"14809","virus_comp_1286_cycle_1_16",3
"14810","virus_comp_1286_cycle_1_2",3
"14811","virus_comp_1286_cycle_1_4",3
"14812","virus_comp_12875_cycle_1_3",3
"14813","virus_comp_129_cycle_1_11",3
"14814","virus_comp_129_cycle_1_2",3
"14815","virus_comp_129_cycle_1_3",3
"14816","virus_comp_1296_cycle_1_1",3
"14817","virus_comp_1296_cycle_1_11",3
"14818","virus_comp_1296_cycle_1_4",3
"14819","virus_comp_1297_cycle_1_11",3
"14820","virus_comp_1297_cycle_1_17",3
"14821","virus_comp_12970_cycle_1_1",3
"14822","virus_comp_12982_cycle_1_1",3
"14823","virus_comp_12982_cycle_1_2",3
"14824","virus_comp_1302_cycle_1_4",3
"14825","virus_comp_13028_cycle_1_2",3
"14826","virus_comp_1307_cycle_1_1",3
"14827","virus_comp_1310_cycle_1_1",3
"14828","virus_comp_1310_cycle_1_2",3
"14829","virus_comp_1311_cycle_1_16",3
"14830","virus_comp_1311_cycle_1_2",3
"14831","virus_comp_1311_cycle_1_3",3
"14832","virus_comp_1311_cycle_1_6",3
"14833","virus_comp_1313_cycle_1_14",3
"14834","virus_comp_1313_cycle_1_15",3
"14835","virus_comp_1313_cycle_1_16",3
"14836","virus_comp_1313_cycle_1_17",3
"14837","virus_comp_1313_cycle_1_20",3
"14838","virus_comp_1313_cycle_1_3",3
"14839","virus_comp_1313_cycle_1_6",3
"14840","virus_comp_1313_cycle_1_8",3
"14841","virus_comp_1314_cycle_1_20",3
"14842","virus_comp_1314_cycle_1_22",3
"14843","virus_comp_1314_cycle_1_7",3
"14844","virus_comp_13158_cycle_1_1",3
"14845","virus_comp_13158_cycle_1_4",3
"14846","virus_comp_1316_cycle_1_2",3
"14847","virus_comp_1317_cycle_1_10",3
"14848","virus_comp_1317_cycle_1_12",3
"14849","virus_comp_1318_cycle_1_3",3
"14850","virus_comp_1324_cycle_1_11",3
"14851","virus_comp_1324_cycle_1_2",3
"14852","virus_comp_1324_cycle_1_4",3
"14853","virus_comp_1324_cycle_1_6",3
"14854","virus_comp_1324_cycle_1_7",3
"14855","virus_comp_1324_cycle_1_8",3
"14856","virus_comp_1325_cycle_1_1",3
"14857","virus_comp_1325_cycle_1_10",3
"14858","virus_comp_1325_cycle_1_2",3
"14859","virus_comp_1325_cycle_1_3",3
"14860","virus_comp_1325_cycle_1_4",3
"14861","virus_comp_1325_cycle_1_5",3
"14862","virus_comp_1325_cycle_1_6",3
"14863","virus_comp_1325_cycle_1_8",3
"14864","virus_comp_1325_cycle_1_9",3
"14865","virus_comp_1326_cycle_1_1",3
"14866","virus_comp_1326_cycle_1_2",3
"14867","virus_comp_1326_cycle_1_3",3
"14868","virus_comp_1327_cycle_1_1",3
"14869","virus_comp_1327_cycle_1_5",3
"14870","virus_comp_1329_cycle_1_3",3
"14871","virus_comp_1330_cycle_1_3",3
"14872","virus_comp_1330_cycle_1_5",3
"14873","virus_comp_1330_cycle_1_6",3
"14874","virus_comp_1334_cycle_1_11",3
"14875","virus_comp_1334_cycle_1_13",3
"14876","virus_comp_1334_cycle_1_14",3
"14877","virus_comp_1338_cycle_1_1",3
"14878","virus_comp_1338_cycle_1_2",3
"14879","virus_comp_1338_cycle_1_3",3
"14880","virus_comp_13381_cycle_1_1",3
"14881","virus_comp_13387_cycle_1_2",3
"14882","virus_comp_1340_cycle_1_5",3
"14883","virus_comp_13404_cycle_1_1",3
"14884","virus_comp_1342_cycle_1_1",3
"14885","virus_comp_1342_cycle_1_12",3
"14886","virus_comp_1342_cycle_1_17",3
"14887","virus_comp_1342_cycle_1_3",3
"14888","virus_comp_13469_cycle_1_1",3
"14889","virus_comp_13469_cycle_1_3",3
"14890","virus_comp_1349_cycle_1_3",3
"14891","virus_comp_1350_cycle_1_1",3
"14892","virus_comp_13508_cycle_1_1",3
"14893","virus_comp_1354_cycle_1_1",3
"14894","virus_comp_1354_cycle_1_13",3
"14895","virus_comp_1354_cycle_1_15",3
"14896","virus_comp_1354_cycle_1_6",3
"14897","virus_comp_1354_cycle_1_8",3
"14898","virus_comp_1357_cycle_1_4",3
"14899","virus_comp_1357_cycle_1_5",3
"14900","virus_comp_13574_cycle_1_2",3
"14901","virus_comp_1359_cycle_1_10",3
"14902","virus_comp_1359_cycle_1_17",3
"14903","virus_comp_1359_cycle_1_18",3
"14904","virus_comp_1359_cycle_1_22",3
"14905","virus_comp_13601_cycle_1_1",3
"14906","virus_comp_13616_cycle_1_1",3
"14907","virus_comp_1364_cycle_1_10",3
"14908","virus_comp_1364_cycle_1_4",3
"14909","virus_comp_1366_cycle_1_1",3
"14910","virus_comp_1366_cycle_1_18",3
"14911","virus_comp_1366_cycle_1_5",3
"14912","virus_comp_1366_cycle_1_6",3
"14913","virus_comp_1366_cycle_1_8",3
"14914","virus_comp_13679_cycle_1_1",3
"14915","virus_comp_1368_cycle_1_2",3
"14916","virus_comp_1369_cycle_1_12",3
"14917","virus_comp_1369_cycle_1_5",3
"14918","virus_comp_1369_cycle_1_7",3
"14919","virus_comp_1369_cycle_1_9",3
"14920","virus_comp_1371_cycle_1_2",3
"14921","virus_comp_13719_cycle_1_2",3
"14922","virus_comp_13764_cycle_1_1",3
"14923","virus_comp_1380_cycle_1_3",3
"14924","virus_comp_13812_cycle_1_1",3
"14925","virus_comp_13813_cycle_1_3",3
"14926","virus_comp_1382_cycle_1_2",3
"14927","virus_comp_1382_cycle_1_3",3
"14928","virus_comp_1382_cycle_1_4",3
"14929","virus_comp_1382_cycle_1_5",3
"14930","virus_comp_1382_cycle_1_6",3
"14931","virus_comp_1382_cycle_1_8",3
"14932","virus_comp_13844_cycle_1_2",3
"14933","virus_comp_1385_cycle_1_1",3
"14934","virus_comp_1386_cycle_1_1",3
"14935","virus_comp_1386_cycle_1_3",3
"14936","virus_comp_13886_cycle_1_2",3
"14937","virus_comp_13886_cycle_1_3",3
"14938","virus_comp_13886_cycle_1_4",3
"14939","virus_comp_13896_cycle_1_1",3
"14940","virus_comp_1390_cycle_1_1",3
"14941","virus_comp_1390_cycle_1_16",3
"14942","virus_comp_1391_cycle_1_4",3
"14943","virus_comp_14006_cycle_1_1",3
"14944","virus_comp_14019_cycle_1_1",3
"14945","virus_comp_1403_cycle_1_12",3
"14946","virus_comp_1403_cycle_1_17",3
"14947","virus_comp_1403_cycle_1_19",3
"14948","virus_comp_1403_cycle_1_4",3
"14949","virus_comp_1403_cycle_1_6",3
"14950","virus_comp_14041_cycle_1_1",3
"14951","virus_comp_1405_cycle_1_13",3
"14952","virus_comp_1405_cycle_1_3",3
"14953","virus_comp_1405_cycle_1_4",3
"14954","virus_comp_1405_cycle_1_5",3
"14955","virus_comp_1405_cycle_1_6",3
"14956","virus_comp_1405_cycle_1_9",3
"14957","virus_comp_14052_cycle_1_1",3
"14958","virus_comp_14052_cycle_1_2",3
"14959","virus_comp_14071_cycle_1_1",3
"14960","virus_comp_14071_cycle_1_3",3
"14961","virus_comp_14137_cycle_1_3",3
"14962","virus_comp_1415_cycle_1_2",3
"14963","virus_comp_1415_cycle_1_7",3
"14964","virus_comp_1417_cycle_1_5",3
"14965","virus_comp_1420_cycle_1_6",3
"14966","virus_comp_14204_cycle_1_1",3
"14967","virus_comp_1422_cycle_1_1",3
"14968","virus_comp_1422_cycle_1_19",3
"14969","virus_comp_1422_cycle_1_4",3
"14970","virus_comp_14248_cycle_1_1",3
"14971","virus_comp_1426_cycle_1_10",3
"14972","virus_comp_1426_cycle_1_2",3
"14973","virus_comp_1426_cycle_1_21",3
"14974","virus_comp_1426_cycle_1_22",3
"14975","virus_comp_1426_cycle_1_23",3
"14976","virus_comp_1426_cycle_1_26",3
"14977","virus_comp_1426_cycle_1_28",3
"14978","virus_comp_1426_cycle_1_7",3
"14979","virus_comp_1426_cycle_1_8",3
"14980","virus_comp_1428_cycle_1_18",3
"14981","virus_comp_1428_cycle_1_19",3
"14982","virus_comp_14288_cycle_1_1",3
"14983","virus_comp_14288_cycle_1_5",3
"14984","virus_comp_14297_cycle_1_3",3
"14985","virus_comp_1430_cycle_1_11",3
"14986","virus_comp_1430_cycle_1_24",3
"14987","virus_comp_1430_cycle_1_9",3
"14988","virus_comp_14342_cycle_1_2",3
"14989","virus_comp_14346_cycle_1_1",3
"14990","virus_comp_14346_cycle_1_2",3
"14991","virus_comp_1435_cycle_1_16",3
"14992","virus_comp_1435_cycle_1_17",3
"14993","virus_comp_1436_cycle_1_15",3
"14994","virus_comp_1436_cycle_1_6",3
"14995","virus_comp_1448_cycle_1_10",3
"14996","virus_comp_1448_cycle_1_2",3
"14997","virus_comp_1448_cycle_1_6",3
"14998","virus_comp_1448_cycle_1_8",3
"14999","virus_comp_1455_cycle_1_2",3
"15000","virus_comp_1455_cycle_1_21",3
"15001","virus_comp_1455_cycle_1_4",3
"15002","virus_comp_1455_cycle_1_9",3
"15003","virus_comp_14567_cycle_1_1",3
"15004","virus_comp_1458_cycle_1_3",3
"15005","virus_comp_1458_cycle_1_8",3
"15006","virus_comp_1458_cycle_1_9",3
"15007","virus_comp_14581_cycle_1_2",3
"15008","virus_comp_14627_cycle_1_1",3
"15009","virus_comp_14628_cycle_1_1",3
"15010","virus_comp_1465_cycle_1_14",3
"15011","virus_comp_1465_cycle_1_20",3
"15012","virus_comp_1465_cycle_1_21",3
"15013","virus_comp_1465_cycle_1_5",3
"15014","virus_comp_1470_cycle_1_16",3
"15015","virus_comp_1470_cycle_1_5",3
"15016","virus_comp_1471_cycle_1_1",3
"15017","virus_comp_14724_cycle_1_1",3
"15018","virus_comp_1473_cycle_1_11",3
"15019","virus_comp_1473_cycle_1_12",3
"15020","virus_comp_1473_cycle_1_13",3
"15021","virus_comp_1473_cycle_1_3",3
"15022","virus_comp_1473_cycle_1_6",3
"15023","virus_comp_1473_cycle_1_9",3
"15024","virus_comp_14735_cycle_1_2",3
"15025","virus_comp_14794_cycle_1_1",3
"15026","virus_comp_148_cycle_1_8",3
"15027","virus_comp_1480_cycle_1_1",3
"15028","virus_comp_1480_cycle_1_13",3
"15029","virus_comp_1480_cycle_1_25",3
"15030","virus_comp_1480_cycle_1_28",3
"15031","virus_comp_1480_cycle_1_32",3
"15032","virus_comp_1480_cycle_1_33",3
"15033","virus_comp_1480_cycle_1_34",3
"15034","virus_comp_1480_cycle_1_37",3
"15035","virus_comp_1480_cycle_1_40",3
"15036","virus_comp_1480_cycle_1_41",3
"15037","virus_comp_1480_cycle_1_43",3
"15038","virus_comp_1480_cycle_1_45",3
"15039","virus_comp_1480_cycle_1_47",3
"15040","virus_comp_1480_cycle_1_5",3
"15041","virus_comp_1480_cycle_1_8",3
"15042","virus_comp_1480_cycle_1_9",3
"15043","virus_comp_14814_cycle_1_2",3
"15044","virus_comp_14824_cycle_1_1",3
"15045","virus_comp_1485_cycle_1_13",3
"15046","virus_comp_1485_cycle_1_20",3
"15047","virus_comp_14875_cycle_1_2",3
"15048","virus_comp_14885_cycle_1_1",3
"15049","virus_comp_1492_cycle_1_11",3
"15050","virus_comp_1492_cycle_1_16",3
"15051","virus_comp_1492_cycle_1_2",3
"15052","virus_comp_1492_cycle_1_3",3
"15053","virus_comp_1492_cycle_1_4",3
"15054","virus_comp_1492_cycle_1_5",3
"15055","virus_comp_1493_cycle_1_6",3
"15056","virus_comp_1493_cycle_1_8",3
"15057","virus_comp_1493_cycle_1_9",3
"15058","virus_comp_14948_cycle_1_3",3
"15059","virus_comp_1499_cycle_1_10",3
"15060","virus_comp_14991_cycle_1_2",3
"15061","virus_comp_150_cycle_1_100",3
"15062","virus_comp_150_cycle_1_102",3
"15063","virus_comp_150_cycle_1_103",3
"15064","virus_comp_150_cycle_1_104",3
"15065","virus_comp_150_cycle_1_105",3
"15066","virus_comp_150_cycle_1_11",3
"15067","virus_comp_150_cycle_1_113",3
"15068","virus_comp_150_cycle_1_115",3
"15069","virus_comp_150_cycle_1_118",3
"15070","virus_comp_150_cycle_1_119",3
"15071","virus_comp_150_cycle_1_120",3
"15072","virus_comp_150_cycle_1_123",3
"15073","virus_comp_150_cycle_1_124",3
"15074","virus_comp_150_cycle_1_125",3
"15075","virus_comp_150_cycle_1_133",3
"15076","virus_comp_150_cycle_1_136",3
"15077","virus_comp_150_cycle_1_138",3
"15078","virus_comp_150_cycle_1_158",3
"15079","virus_comp_150_cycle_1_161",3
"15080","virus_comp_150_cycle_1_163",3
"15081","virus_comp_150_cycle_1_166",3
"15082","virus_comp_150_cycle_1_168",3
"15083","virus_comp_150_cycle_1_176",3
"15084","virus_comp_150_cycle_1_177",3
"15085","virus_comp_150_cycle_1_178",3
"15086","virus_comp_150_cycle_1_180",3
"15087","virus_comp_150_cycle_1_183",3
"15088","virus_comp_150_cycle_1_185",3
"15089","virus_comp_150_cycle_1_186",3
"15090","virus_comp_150_cycle_1_188",3
"15091","virus_comp_150_cycle_1_189",3
"15092","virus_comp_150_cycle_1_190",3
"15093","virus_comp_150_cycle_1_191",3
"15094","virus_comp_150_cycle_1_192",3
"15095","virus_comp_150_cycle_1_193",3
"15096","virus_comp_150_cycle_1_199",3
"15097","virus_comp_150_cycle_1_205",3
"15098","virus_comp_150_cycle_1_208",3
"15099","virus_comp_150_cycle_1_211",3
"15100","virus_comp_150_cycle_1_58",3
"15101","virus_comp_150_cycle_1_61",3
"15102","virus_comp_150_cycle_1_67",3
"15103","virus_comp_150_cycle_1_7",3
"15104","virus_comp_150_cycle_1_75",3
"15105","virus_comp_150_cycle_1_83",3
"15106","virus_comp_150_cycle_1_84",3
"15107","virus_comp_150_cycle_1_9",3
"15108","virus_comp_150_cycle_1_90",3
"15109","virus_comp_150_cycle_1_93",3
"15110","virus_comp_150_cycle_1_97",3
"15111","virus_comp_150_cycle_1_98",3
"15112","virus_comp_150_cycle_1_99",3
"15113","virus_comp_1505_cycle_1_7",3
"15114","virus_comp_15079_cycle_1_3",3
"15115","virus_comp_1513_cycle_1_1",3
"15116","virus_comp_1513_cycle_1_2",3
"15117","virus_comp_1513_cycle_1_3",3
"15118","virus_comp_1513_cycle_1_5",3
"15119","virus_comp_1513_cycle_1_6",3
"15120","virus_comp_1516_cycle_1_3",3
"15121","virus_comp_1516_cycle_1_4",3
"15122","virus_comp_1516_cycle_1_6",3
"15123","virus_comp_1517_cycle_1_3",3
"15124","virus_comp_1518_cycle_1_14",3
"15125","virus_comp_1518_cycle_1_19",3
"15126","virus_comp_1518_cycle_1_4",3
"15127","virus_comp_1518_cycle_1_8",3
"15128","virus_comp_15190_cycle_1_1",3
"15129","virus_comp_15205_cycle_1_2",3
"15130","virus_comp_15212_cycle_1_1",3
"15131","virus_comp_1522_cycle_1_4",3
"15132","virus_comp_1523_cycle_1_10",3
"15133","virus_comp_1523_cycle_1_6",3
"15134","virus_comp_15243_cycle_1_1",3
"15135","virus_comp_15243_cycle_1_2",3
"15136","virus_comp_1528_cycle_1_11",3
"15137","virus_comp_1528_cycle_1_3",3
"15138","virus_comp_1528_cycle_1_6",3
"15139","virus_comp_1528_cycle_1_8",3
"15140","virus_comp_15298_cycle_1_1",3
"15141","virus_comp_1535_cycle_1_1",3
"15142","virus_comp_1536_cycle_1_7",3
"15143","virus_comp_1536_cycle_1_9",3
"15144","virus_comp_15364_cycle_1_4",3
"15145","virus_comp_1537_cycle_1_15",3
"15146","virus_comp_1537_cycle_1_6",3
"15147","virus_comp_1541_cycle_1_2",3
"15148","virus_comp_1541_cycle_1_4",3
"15149","virus_comp_1542_cycle_1_1",3
"15150","virus_comp_1542_cycle_1_3",3
"15151","virus_comp_1542_cycle_1_7",3
"15152","virus_comp_1544_cycle_1_1",3
"15153","virus_comp_1544_cycle_1_4",3
"15154","virus_comp_1544_cycle_1_5",3
"15155","virus_comp_1544_cycle_1_6",3
"15156","virus_comp_1544_cycle_1_7",3
"15157","virus_comp_1544_cycle_1_8",3
"15158","virus_comp_1544_cycle_1_9",3
"15159","virus_comp_15441_cycle_1_1",3
"15160","virus_comp_15443_cycle_1_3",3
"15161","virus_comp_1545_cycle_1_1",3
"15162","virus_comp_1545_cycle_1_14",3
"15163","virus_comp_1545_cycle_1_15",3
"15164","virus_comp_1545_cycle_1_16",3
"15165","virus_comp_1545_cycle_1_2",3
"15166","virus_comp_1546_cycle_1_13",3
"15167","virus_comp_1546_cycle_1_14",3
"15168","virus_comp_1546_cycle_1_4",3
"15169","virus_comp_155_cycle_1_15",3
"15170","virus_comp_155_cycle_2_123",3
"15171","virus_comp_155_cycle_2_124",3
"15172","virus_comp_155_cycle_2_125",3
"15173","virus_comp_155_cycle_2_130",3
"15174","virus_comp_155_cycle_2_133",3
"15175","virus_comp_155_cycle_2_136",3
"15176","virus_comp_155_cycle_2_137",3
"15177","virus_comp_155_cycle_2_139",3
"15178","virus_comp_155_cycle_2_140",3
"15179","virus_comp_155_cycle_2_141",3
"15180","virus_comp_155_cycle_2_146",3
"15181","virus_comp_155_cycle_2_162",3
"15182","virus_comp_155_cycle_2_167",3
"15183","virus_comp_155_cycle_2_168",3
"15184","virus_comp_155_cycle_2_170",3
"15185","virus_comp_155_cycle_2_171",3
"15186","virus_comp_155_cycle_2_172",3
"15187","virus_comp_155_cycle_2_184",3
"15188","virus_comp_155_cycle_2_185",3
"15189","virus_comp_155_cycle_2_187",3
"15190","virus_comp_155_cycle_2_189",3
"15191","virus_comp_155_cycle_2_45",3
"15192","virus_comp_155_cycle_2_51",3
"15193","virus_comp_155_cycle_2_52",3
"15194","virus_comp_155_cycle_2_53",3
"15195","virus_comp_155_cycle_2_55",3
"15196","virus_comp_155_cycle_2_57",3
"15197","virus_comp_155_cycle_2_58",3
"15198","virus_comp_155_cycle_2_59",3
"15199","virus_comp_155_cycle_2_62",3
"15200","virus_comp_155_cycle_2_64",3
"15201","virus_comp_155_cycle_2_76",3
"15202","virus_comp_155_cycle_2_78",3
"15203","virus_comp_155_cycle_2_79",3
"15204","virus_comp_155_cycle_2_81",3
"15205","virus_comp_155_cycle_2_83",3
"15206","virus_comp_15501_cycle_1_1",3
"15207","virus_comp_1551_cycle_1_2",3
"15208","virus_comp_1551_cycle_1_3",3
"15209","virus_comp_1551_cycle_1_4",3
"15210","virus_comp_1551_cycle_1_5",3
"15211","virus_comp_1551_cycle_1_6",3
"15212","virus_comp_1551_cycle_1_7",3
"15213","virus_comp_1551_cycle_1_8",3
"15214","virus_comp_1551_cycle_1_9",3
"15215","virus_comp_15514_cycle_1_1",3
"15216","virus_comp_1552_cycle_1_1",3
"15217","virus_comp_15575_cycle_1_2",3
"15218","virus_comp_15579_cycle_1_1",3
"15219","virus_comp_15579_cycle_1_2",3
"15220","virus_comp_1559_cycle_1_8",3
"15221","virus_comp_15622_cycle_1_3",3
"15222","virus_comp_15679_cycle_1_5",3
"15223","virus_comp_15690_cycle_1_1",3
"15224","virus_comp_1570_cycle_1_10",3
"15225","virus_comp_1570_cycle_1_16",3
"15226","virus_comp_1570_cycle_1_18",3
"15227","virus_comp_1570_cycle_1_20",3
"15228","virus_comp_1570_cycle_1_8",3
"15229","virus_comp_1570_cycle_1_9",3
"15230","virus_comp_1573_cycle_1_19",3
"15231","virus_comp_1573_cycle_1_5",3
"15232","virus_comp_1573_cycle_1_6",3
"15233","virus_comp_15737_cycle_1_2",3
"15234","virus_comp_1575_cycle_1_13",3
"15235","virus_comp_15755_cycle_1_2",3
"15236","virus_comp_15758_cycle_1_1",3
"15237","virus_comp_15795_cycle_1_2",3
"15238","virus_comp_158_cycle_1_6",3
"15239","virus_comp_1580_cycle_1_6",3
"15240","virus_comp_15810_cycle_1_2",3
"15241","virus_comp_15810_cycle_1_3",3
"15242","virus_comp_1583_cycle_1_14",3
"15243","virus_comp_1583_cycle_1_15",3
"15244","virus_comp_1583_cycle_1_19",3
"15245","virus_comp_1583_cycle_1_20",3
"15246","virus_comp_1583_cycle_1_3",3
"15247","virus_comp_1583_cycle_1_9",3
"15248","virus_comp_1584_cycle_1_3",3
"15249","virus_comp_15862_cycle_1_2",3
"15250","virus_comp_15883_cycle_1_1",3
"15251","virus_comp_15895_cycle_1_2",3
"15252","virus_comp_159_cycle_1_7",3
"15253","virus_comp_1592_cycle_1_11",3
"15254","virus_comp_1592_cycle_1_16",3
"15255","virus_comp_1592_cycle_1_19",3
"15256","virus_comp_1592_cycle_1_3",3
"15257","virus_comp_1593_cycle_1_1",3
"15258","virus_comp_1593_cycle_1_6",3
"15259","virus_comp_15956_cycle_1_1",3
"15260","virus_comp_15959_cycle_1_1",3
"15261","virus_comp_1597_cycle_1_4",3
"15262","virus_comp_1597_cycle_1_5",3
"15263","virus_comp_1597_cycle_1_6",3
"15264","virus_comp_1597_cycle_1_7",3
"15265","virus_comp_1600_cycle_1_13",3
"15266","virus_comp_1600_cycle_1_16",3
"15267","virus_comp_1600_cycle_1_2",3
"15268","virus_comp_1600_cycle_1_3",3
"15269","virus_comp_1600_cycle_1_4",3
"15270","virus_comp_1600_cycle_1_8",3
"15271","virus_comp_1601_cycle_1_2",3
"15272","virus_comp_1601_cycle_1_4",3
"15273","virus_comp_1601_cycle_1_6",3
"15274","virus_comp_1601_cycle_1_7",3
"15275","virus_comp_16031_cycle_1_2",3
"15276","virus_comp_1604_cycle_1_6",3
"15277","virus_comp_16041_cycle_1_4",3
"15278","virus_comp_16068_cycle_1_1",3
"15279","virus_comp_16068_cycle_1_2",3
"15280","virus_comp_1611_cycle_1_1",3
"15281","virus_comp_1611_cycle_1_19",3
"15282","virus_comp_1611_cycle_1_2",3
"15283","virus_comp_16164_cycle_1_4",3
"15284","virus_comp_1617_cycle_1_2",3
"15285","virus_comp_16184_cycle_1_2",3
"15286","virus_comp_16201_cycle_1_2",3
"15287","virus_comp_16201_cycle_1_3",3
"15288","virus_comp_16201_cycle_1_4",3
"15289","virus_comp_16204_cycle_1_3",3
"15290","virus_comp_1622_cycle_1_8",3
"15291","virus_comp_16235_cycle_1_2",3
"15292","virus_comp_16240_cycle_1_1",3
"15293","virus_comp_16246_cycle_1_2",3
"15294","virus_comp_16251_cycle_1_1",3
"15295","virus_comp_16251_cycle_1_2",3
"15296","virus_comp_16251_cycle_1_3",3
"15297","virus_comp_16274_cycle_1_2",3
"15298","virus_comp_16293_cycle_1_3",3
"15299","virus_comp_163_cycle_1_16",3
"15300","virus_comp_163_cycle_1_17",3
"15301","virus_comp_163_cycle_1_18",3
"15302","virus_comp_163_cycle_1_20",3
"15303","virus_comp_163_cycle_1_21",3
"15304","virus_comp_163_cycle_1_26",3
"15305","virus_comp_163_cycle_1_3",3
"15306","virus_comp_16318_cycle_1_4",3
"15307","virus_comp_16335_cycle_1_3",3
"15308","virus_comp_1634_cycle_1_4",3
"15309","virus_comp_16361_cycle_1_2",3
"15310","virus_comp_1637_cycle_1_2",3
"15311","virus_comp_1638_cycle_1_10",3
"15312","virus_comp_16381_cycle_1_2",3
"15313","virus_comp_1640_cycle_1_1",3
"15314","virus_comp_1640_cycle_1_10",3
"15315","virus_comp_1640_cycle_1_11",3
"15316","virus_comp_1640_cycle_1_3",3
"15317","virus_comp_1641_cycle_1_1",3
"15318","virus_comp_1641_cycle_1_10",3
"15319","virus_comp_1641_cycle_1_4",3
"15320","virus_comp_1641_cycle_1_6",3
"15321","virus_comp_16417_cycle_1_1",3
"15322","virus_comp_1642_cycle_1_10",3
"15323","virus_comp_1642_cycle_1_6",3
"15324","virus_comp_1642_cycle_1_8",3
"15325","virus_comp_1642_cycle_1_9",3
"15326","virus_comp_16432_cycle_1_1",3
"15327","virus_comp_1644_cycle_1_1",3
"15328","virus_comp_1644_cycle_1_11",3
"15329","virus_comp_1644_cycle_1_4",3
"15330","virus_comp_16454_cycle_1_1",3
"15331","virus_comp_16465_cycle_1_2",3
"15332","virus_comp_16477_cycle_1_1",3
"15333","virus_comp_16495_cycle_1_3",3
"15334","virus_comp_16537_cycle_1_2",3
"15335","virus_comp_1660_cycle_1_5",3
"15336","virus_comp_1660_cycle_1_8",3
"15337","virus_comp_16601_cycle_1_1",3
"15338","virus_comp_16601_cycle_1_3",3
"15339","virus_comp_16605_cycle_1_3",3
"15340","virus_comp_1661_cycle_1_3",3
"15341","virus_comp_1661_cycle_1_4",3
"15342","virus_comp_1662_cycle_1_2",3
"15343","virus_comp_1662_cycle_1_3",3
"15344","virus_comp_1662_cycle_1_4",3
"15345","virus_comp_16631_cycle_1_1",3
"15346","virus_comp_1665_cycle_1_10",3
"15347","virus_comp_1665_cycle_1_6",3
"15348","virus_comp_1665_cycle_1_8",3
"15349","virus_comp_16662_cycle_1_2",3
"15350","virus_comp_16691_cycle_1_1",3
"15351","virus_comp_16691_cycle_1_2",3
"15352","virus_comp_16704_cycle_1_2",3
"15353","virus_comp_1675_cycle_1_11",3
"15354","virus_comp_1675_cycle_1_14",3
"15355","virus_comp_1675_cycle_1_4",3
"15356","virus_comp_1675_cycle_1_5",3
"15357","virus_comp_1675_cycle_1_6",3
"15358","virus_comp_1675_cycle_1_9",3
"15359","virus_comp_1676_cycle_1_11",3
"15360","virus_comp_1676_cycle_1_15",3
"15361","virus_comp_1676_cycle_1_2",3
"15362","virus_comp_1676_cycle_1_3",3
"15363","virus_comp_1676_cycle_1_5",3
"15364","virus_comp_1676_cycle_1_7",3
"15365","virus_comp_16763_cycle_1_1",3
"15366","virus_comp_16801_cycle_1_3",3
"15367","virus_comp_16815_cycle_1_1",3
"15368","virus_comp_1682_cycle_1_5",3
"15369","virus_comp_1682_cycle_1_6",3
"15370","virus_comp_1682_cycle_1_9",3
"15371","virus_comp_16839_cycle_1_3",3
"15372","virus_comp_1685_cycle_1_11",3
"15373","virus_comp_1685_cycle_1_16",3
"15374","virus_comp_1685_cycle_1_17",3
"15375","virus_comp_16860_cycle_1_4",3
"15376","virus_comp_1687_cycle_1_15",3
"15377","virus_comp_1687_cycle_1_3",3
"15378","virus_comp_1692_cycle_1_10",3
"15379","virus_comp_1692_cycle_1_11",3
"15380","virus_comp_1692_cycle_1_13",3
"15381","virus_comp_1692_cycle_1_14",3
"15382","virus_comp_1692_cycle_1_2",3
"15383","virus_comp_1697_cycle_1_11",3
"15384","virus_comp_1697_cycle_1_15",3
"15385","virus_comp_1697_cycle_1_3",3
"15386","virus_comp_1697_cycle_1_8",3
"15387","virus_comp_1698_cycle_1_9",3
"15388","virus_comp_1701_cycle_1_6",3
"15389","virus_comp_1701_cycle_1_7",3
"15390","virus_comp_1703_cycle_1_5",3
"15391","virus_comp_17047_cycle_1_3",3
"15392","virus_comp_1708_cycle_1_6",3
"15393","virus_comp_17086_cycle_1_1",3
"15394","virus_comp_17091_cycle_1_1",3
"15395","virus_comp_17109_cycle_1_3",3
"15396","virus_comp_17148_cycle_1_1",3
"15397","virus_comp_17153_cycle_1_1",3
"15398","virus_comp_17157_cycle_1_2",3
"15399","virus_comp_17164_cycle_1_2",3
"15400","virus_comp_17175_cycle_1_1",3
"15401","virus_comp_17197_cycle_1_1",3
"15402","virus_comp_1722_cycle_1_3",3
"15403","virus_comp_1722_cycle_1_4",3
"15404","virus_comp_17258_cycle_1_2",3
"15405","virus_comp_1727_cycle_1_8",3
"15406","virus_comp_1729_cycle_1_5",3
"15407","virus_comp_1729_cycle_1_7",3
"15408","virus_comp_17292_cycle_1_1",3
"15409","virus_comp_17305_cycle_1_2",3
"15410","virus_comp_1732_cycle_1_3",3
"15411","virus_comp_1732_cycle_1_8",3
"15412","virus_comp_17344_cycle_1_1",3
"15413","virus_comp_1736_cycle_1_12",3
"15414","virus_comp_1736_cycle_1_16",3
"15415","virus_comp_1736_cycle_1_17",3
"15416","virus_comp_1736_cycle_1_4",3
"15417","virus_comp_1736_cycle_1_5",3
"15418","virus_comp_17366_cycle_1_3",3
"15419","virus_comp_1739_cycle_1_5",3
"15420","virus_comp_1739_cycle_1_8",3
"15421","virus_comp_174_cycle_1_5",3
"15422","virus_comp_1740_cycle_1_12",3
"15423","virus_comp_1740_cycle_1_14",3
"15424","virus_comp_1744_cycle_1_10",3
"15425","virus_comp_1749_cycle_1_3",3
"15426","virus_comp_1749_cycle_1_4",3
"15427","virus_comp_17492_cycle_1_1",3
"15428","virus_comp_1750_cycle_1_1",3
"15429","virus_comp_17501_cycle_1_2",3
"15430","virus_comp_1752_cycle_1_12",3
"15431","virus_comp_17549_cycle_1_2",3
"15432","virus_comp_17559_cycle_1_1",3
"15433","virus_comp_17598_cycle_1_2",3
"15434","virus_comp_17612_cycle_1_1",3
"15435","virus_comp_17619_cycle_1_1",3
"15436","virus_comp_1764_cycle_1_2",3
"15437","virus_comp_1764_cycle_1_7",3
"15438","virus_comp_1767_cycle_1_1",3
"15439","virus_comp_1767_cycle_1_11",3
"15440","virus_comp_1767_cycle_1_3",3
"15441","virus_comp_1767_cycle_1_4",3
"15442","virus_comp_1767_cycle_1_5",3
"15443","virus_comp_1770_cycle_1_8",3
"15444","virus_comp_1772_cycle_1_2",3
"15445","virus_comp_1772_cycle_1_6",3
"15446","virus_comp_17740_cycle_1_2",3
"15447","virus_comp_17749_cycle_1_1",3
"15448","virus_comp_17749_cycle_1_2",3
"15449","virus_comp_17777_cycle_1_2",3
"15450","virus_comp_17777_cycle_1_8",3
"15451","virus_comp_17784_cycle_1_7",3
"15452","virus_comp_17787_cycle_1_14",3
"15453","virus_comp_17787_cycle_1_15",3
"15454","virus_comp_17792_cycle_1_13",3
"15455","virus_comp_17792_cycle_1_6",3
"15456","virus_comp_17799_cycle_1_13",3
"15457","virus_comp_17799_cycle_1_15",3
"15458","virus_comp_17799_cycle_1_4",3
"15459","virus_comp_17799_cycle_1_9",3
"15460","virus_comp_17800_cycle_1_102",3
"15461","virus_comp_17800_cycle_1_103",3
"15462","virus_comp_17800_cycle_1_104",3
"15463","virus_comp_17800_cycle_1_106",3
"15464","virus_comp_17800_cycle_1_107",3
"15465","virus_comp_17800_cycle_1_112",3
"15466","virus_comp_17800_cycle_1_113",3
"15467","virus_comp_17800_cycle_1_114",3
"15468","virus_comp_17800_cycle_1_115",3
"15469","virus_comp_17800_cycle_1_117",3
"15470","virus_comp_17800_cycle_1_118",3
"15471","virus_comp_17800_cycle_1_119",3
"15472","virus_comp_17800_cycle_1_121",3
"15473","virus_comp_17800_cycle_1_124",3
"15474","virus_comp_17800_cycle_1_131",3
"15475","virus_comp_17800_cycle_1_137",3
"15476","virus_comp_17800_cycle_1_158",3
"15477","virus_comp_17800_cycle_1_25",3
"15478","virus_comp_17800_cycle_1_26",3
"15479","virus_comp_17800_cycle_1_27",3
"15480","virus_comp_17800_cycle_1_31",3
"15481","virus_comp_17800_cycle_1_39",3
"15482","virus_comp_17800_cycle_1_41",3
"15483","virus_comp_17800_cycle_1_43",3
"15484","virus_comp_17800_cycle_1_46",3
"15485","virus_comp_17800_cycle_1_48",3
"15486","virus_comp_17800_cycle_1_49",3
"15487","virus_comp_17800_cycle_1_52",3
"15488","virus_comp_17800_cycle_1_58",3
"15489","virus_comp_17800_cycle_1_63",3
"15490","virus_comp_17800_cycle_1_65",3
"15491","virus_comp_17800_cycle_1_73",3
"15492","virus_comp_17800_cycle_1_74",3
"15493","virus_comp_17800_cycle_1_77",3
"15494","virus_comp_17800_cycle_1_81",3
"15495","virus_comp_17800_cycle_1_84",3
"15496","virus_comp_17800_cycle_1_85",3
"15497","virus_comp_17800_cycle_1_90",3
"15498","virus_comp_17800_cycle_1_91",3
"15499","virus_comp_17800_cycle_1_98",3
"15500","virus_comp_17800_cycle_1_99",3
"15501","virus_comp_17802_cycle_1_1",3
"15502","virus_comp_17805_cycle_1_1",3
"15503","virus_comp_17805_cycle_1_10",3
"15504","virus_comp_17805_cycle_1_100",3
"15505","virus_comp_17805_cycle_1_102",3
"15506","virus_comp_17805_cycle_1_105",3
"15507","virus_comp_17805_cycle_1_107",3
"15508","virus_comp_17805_cycle_1_108",3
"15509","virus_comp_17805_cycle_1_109",3
"15510","virus_comp_17805_cycle_1_110",3
"15511","virus_comp_17805_cycle_1_111",3
"15512","virus_comp_17805_cycle_1_113",3
"15513","virus_comp_17805_cycle_1_114",3
"15514","virus_comp_17805_cycle_1_116",3
"15515","virus_comp_17805_cycle_1_117",3
"15516","virus_comp_17805_cycle_1_118",3
"15517","virus_comp_17805_cycle_1_119",3
"15518","virus_comp_17805_cycle_1_12",3
"15519","virus_comp_17805_cycle_1_124",3
"15520","virus_comp_17805_cycle_1_127",3
"15521","virus_comp_17805_cycle_1_13",3
"15522","virus_comp_17805_cycle_1_130",3
"15523","virus_comp_17805_cycle_1_131",3
"15524","virus_comp_17805_cycle_1_133",3
"15525","virus_comp_17805_cycle_1_136",3
"15526","virus_comp_17805_cycle_1_15",3
"15527","virus_comp_17805_cycle_1_20",3
"15528","virus_comp_17805_cycle_1_22",3
"15529","virus_comp_17805_cycle_1_3",3
"15530","virus_comp_17805_cycle_1_30",3
"15531","virus_comp_17805_cycle_1_33",3
"15532","virus_comp_17805_cycle_1_36",3
"15533","virus_comp_17805_cycle_1_38",3
"15534","virus_comp_17805_cycle_1_4",3
"15535","virus_comp_17805_cycle_1_43",3
"15536","virus_comp_17805_cycle_1_44",3
"15537","virus_comp_17805_cycle_1_52",3
"15538","virus_comp_17805_cycle_1_53",3
"15539","virus_comp_17805_cycle_1_58",3
"15540","virus_comp_17805_cycle_1_6",3
"15541","virus_comp_17805_cycle_1_61",3
"15542","virus_comp_17805_cycle_1_64",3
"15543","virus_comp_17805_cycle_1_65",3
"15544","virus_comp_17805_cycle_1_72",3
"15545","virus_comp_17805_cycle_1_78",3
"15546","virus_comp_17805_cycle_1_81",3
"15547","virus_comp_17805_cycle_1_86",3
"15548","virus_comp_17805_cycle_1_87",3
"15549","virus_comp_17805_cycle_1_89",3
"15550","virus_comp_17805_cycle_1_93",3
"15551","virus_comp_17805_cycle_1_95",3
"15552","virus_comp_17805_cycle_1_97",3
"15553","virus_comp_17805_cycle_1_99",3
"15554","virus_comp_17806_cycle_1_4",3
"15555","virus_comp_17806_cycle_1_7",3
"15556","virus_comp_17806_cycle_1_8",3
"15557","virus_comp_17807_cycle_1_1",3
"15558","virus_comp_17807_cycle_1_4",3
"15559","virus_comp_17813_cycle_1_4",3
"15560","virus_comp_17813_cycle_1_6",3
"15561","virus_comp_17814_cycle_1_4",3
"15562","virus_comp_17814_cycle_1_6",3
"15563","virus_comp_17816_cycle_1_11",3
"15564","virus_comp_17816_cycle_1_15",3
"15565","virus_comp_17817_cycle_1_1",3
"15566","virus_comp_17817_cycle_1_15",3
"15567","virus_comp_17817_cycle_1_20",3
"15568","virus_comp_17817_cycle_1_21",3
"15569","virus_comp_17817_cycle_1_22",3
"15570","virus_comp_17817_cycle_1_23",3
"15571","virus_comp_17817_cycle_1_24",3
"15572","virus_comp_17817_cycle_1_26",3
"15573","virus_comp_17817_cycle_1_30",3
"15574","virus_comp_17817_cycle_1_37",3
"15575","virus_comp_17817_cycle_1_38",3
"15576","virus_comp_17817_cycle_1_40",3
"15577","virus_comp_17817_cycle_1_44",3
"15578","virus_comp_17817_cycle_1_51",3
"15579","virus_comp_17817_cycle_1_52",3
"15580","virus_comp_17817_cycle_1_70",3
"15581","virus_comp_17819_cycle_1_2",3
"15582","virus_comp_17819_cycle_1_3",3
"15583","virus_comp_17821_cycle_1_100",3
"15584","virus_comp_17821_cycle_1_11",3
"15585","virus_comp_17821_cycle_1_12",3
"15586","virus_comp_17821_cycle_1_13",3
"15587","virus_comp_17821_cycle_1_3",3
"15588","virus_comp_17821_cycle_1_4",3
"15589","virus_comp_17821_cycle_1_48",3
"15590","virus_comp_17821_cycle_1_5",3
"15591","virus_comp_17821_cycle_1_53",3
"15592","virus_comp_17821_cycle_1_55",3
"15593","virus_comp_17821_cycle_1_56",3
"15594","virus_comp_17821_cycle_1_57",3
"15595","virus_comp_17821_cycle_1_58",3
"15596","virus_comp_17821_cycle_1_59",3
"15597","virus_comp_17821_cycle_1_60",3
"15598","virus_comp_17821_cycle_1_61",3
"15599","virus_comp_17821_cycle_1_62",3
"15600","virus_comp_17821_cycle_1_63",3
"15601","virus_comp_17821_cycle_1_65",3
"15602","virus_comp_17821_cycle_1_66",3
"15603","virus_comp_17821_cycle_1_88",3
"15604","virus_comp_17821_cycle_1_89",3
"15605","virus_comp_17821_cycle_1_95",3
"15606","virus_comp_17821_cycle_1_97",3
"15607","virus_comp_17822_cycle_1_12",3
"15608","virus_comp_17822_cycle_1_18",3
"15609","virus_comp_17825_cycle_1_1",3
"15610","virus_comp_17825_cycle_1_10",3
"15611","virus_comp_17825_cycle_1_11",3
"15612","virus_comp_17825_cycle_1_12",3
"15613","virus_comp_17825_cycle_1_13",3
"15614","virus_comp_17825_cycle_1_2",3
"15615","virus_comp_17825_cycle_1_3",3
"15616","virus_comp_17825_cycle_1_4",3
"15617","virus_comp_17825_cycle_1_5",3
"15618","virus_comp_17825_cycle_1_6",3
"15619","virus_comp_17825_cycle_1_7",3
"15620","virus_comp_17825_cycle_1_9",3
"15621","virus_comp_17826_cycle_1_1",3
"15622","virus_comp_17826_cycle_1_12",3
"15623","virus_comp_17826_cycle_1_13",3
"15624","virus_comp_17826_cycle_1_14",3
"15625","virus_comp_17826_cycle_1_15",3
"15626","virus_comp_17826_cycle_1_16",3
"15627","virus_comp_17826_cycle_1_17",3
"15628","virus_comp_17826_cycle_1_21",3
"15629","virus_comp_17826_cycle_1_22",3
"15630","virus_comp_17826_cycle_1_23",3
"15631","virus_comp_17826_cycle_1_25",3
"15632","virus_comp_17826_cycle_1_26",3
"15633","virus_comp_17826_cycle_1_3",3
"15634","virus_comp_17826_cycle_1_6",3
"15635","virus_comp_17826_cycle_1_7",3
"15636","virus_comp_17826_cycle_1_8",3
"15637","virus_comp_17826_cycle_1_9",3
"15638","virus_comp_17831_cycle_1_12",3
"15639","virus_comp_17831_cycle_1_3",3
"15640","virus_comp_17831_cycle_1_7",3
"15641","virus_comp_17831_cycle_1_8",3
"15642","virus_comp_17833_cycle_1_18",3
"15643","virus_comp_17833_cycle_1_24",3
"15644","virus_comp_17833_cycle_1_33",3
"15645","virus_comp_17833_cycle_1_34",3
"15646","virus_comp_17833_cycle_1_43",3
"15647","virus_comp_17833_cycle_1_55",3
"15648","virus_comp_17833_cycle_1_6",3
"15649","virus_comp_17833_cycle_1_60",3
"15650","virus_comp_17833_cycle_1_68",3
"15651","virus_comp_17833_cycle_1_71",3
"15652","virus_comp_17833_cycle_1_8",3
"15653","virus_comp_17833_cycle_1_83",3
"15654","virus_comp_17834_cycle_1_11",3
"15655","virus_comp_17834_cycle_1_7",3
"15656","virus_comp_17834_cycle_1_9",3
"15657","virus_comp_17835_cycle_1_3",3
"15658","virus_comp_17837_cycle_1_1",3
"15659","virus_comp_17838_cycle_1_14",3
"15660","virus_comp_17838_cycle_1_20",3
"15661","virus_comp_17838_cycle_1_21",3
"15662","virus_comp_17838_cycle_1_24",3
"15663","virus_comp_17838_cycle_1_25",3
"15664","virus_comp_17838_cycle_1_26",3
"15665","virus_comp_17838_cycle_1_27",3
"15666","virus_comp_17838_cycle_1_31",3
"15667","virus_comp_17838_cycle_1_33",3
"15668","virus_comp_17838_cycle_1_35",3
"15669","virus_comp_17838_cycle_1_39",3
"15670","virus_comp_17838_cycle_1_40",3
"15671","virus_comp_17838_cycle_1_41",3
"15672","virus_comp_17838_cycle_1_54",3
"15673","virus_comp_17838_cycle_1_55",3
"15674","virus_comp_17838_cycle_1_57",3
"15675","virus_comp_17838_cycle_1_6",3
"15676","virus_comp_17838_cycle_1_60",3
"15677","virus_comp_17838_cycle_1_62",3
"15678","virus_comp_17838_cycle_1_63",3
"15679","virus_comp_17838_cycle_1_70",3
"15680","virus_comp_17838_cycle_1_71",3
"15681","virus_comp_17838_cycle_1_75",3
"15682","virus_comp_17838_cycle_1_8",3
"15683","virus_comp_17838_cycle_1_9",3
"15684","virus_comp_17839_cycle_1_17",3
"15685","virus_comp_17839_cycle_1_26",3
"15686","virus_comp_17839_cycle_1_27",3
"15687","virus_comp_17839_cycle_1_33",3
"15688","virus_comp_17839_cycle_1_40",3
"15689","virus_comp_17839_cycle_1_43",3
"15690","virus_comp_17839_cycle_1_48",3
"15691","virus_comp_1784_cycle_1_7",3
"15692","virus_comp_1784_cycle_1_9",3
"15693","virus_comp_17840_cycle_1_3",3
"15694","virus_comp_17840_cycle_1_41",3
"15695","virus_comp_17840_cycle_1_42",3
"15696","virus_comp_17840_cycle_1_6",3
"15697","virus_comp_17840_cycle_1_60",3
"15698","virus_comp_17840_cycle_1_66",3
"15699","virus_comp_17840_cycle_1_67",3
"15700","virus_comp_17840_cycle_1_78",3
"15701","virus_comp_17840_cycle_1_81",3
"15702","virus_comp_17840_cycle_1_87",3
"15703","virus_comp_17841_cycle_1_1",3
"15704","virus_comp_17841_cycle_1_10",3
"15705","virus_comp_17841_cycle_1_11",3
"15706","virus_comp_17841_cycle_1_12",3
"15707","virus_comp_17841_cycle_1_13",3
"15708","virus_comp_17841_cycle_1_14",3
"15709","virus_comp_17841_cycle_1_15",3
"15710","virus_comp_17841_cycle_1_16",3
"15711","virus_comp_17841_cycle_1_17",3
"15712","virus_comp_17841_cycle_1_18",3
"15713","virus_comp_17841_cycle_1_19",3
"15714","virus_comp_17841_cycle_1_20",3
"15715","virus_comp_17841_cycle_1_21",3
"15716","virus_comp_17841_cycle_1_22",3
"15717","virus_comp_17841_cycle_1_24",3
"15718","virus_comp_17841_cycle_1_25",3
"15719","virus_comp_17841_cycle_1_29",3
"15720","virus_comp_17841_cycle_1_30",3
"15721","virus_comp_17841_cycle_1_31",3
"15722","virus_comp_17841_cycle_1_32",3
"15723","virus_comp_17841_cycle_1_33",3
"15724","virus_comp_17841_cycle_1_34",3
"15725","virus_comp_17841_cycle_1_35",3
"15726","virus_comp_17841_cycle_1_36",3
"15727","virus_comp_17841_cycle_1_37",3
"15728","virus_comp_17841_cycle_1_38",3
"15729","virus_comp_17841_cycle_1_39",3
"15730","virus_comp_17841_cycle_1_4",3
"15731","virus_comp_17841_cycle_1_40",3
"15732","virus_comp_17841_cycle_1_41",3
"15733","virus_comp_17841_cycle_1_42",3
"15734","virus_comp_17841_cycle_1_43",3
"15735","virus_comp_17841_cycle_1_44",3
"15736","virus_comp_17841_cycle_1_45",3
"15737","virus_comp_17841_cycle_1_46",3
"15738","virus_comp_17841_cycle_1_47",3
"15739","virus_comp_17841_cycle_1_48",3
"15740","virus_comp_17841_cycle_1_49",3
"15741","virus_comp_17841_cycle_1_5",3
"15742","virus_comp_17841_cycle_1_50",3
"15743","virus_comp_17841_cycle_1_51",3
"15744","virus_comp_17841_cycle_1_52",3
"15745","virus_comp_17841_cycle_1_53",3
"15746","virus_comp_17841_cycle_1_54",3
"15747","virus_comp_17841_cycle_1_55",3
"15748","virus_comp_17841_cycle_1_56",3
"15749","virus_comp_17841_cycle_1_57",3
"15750","virus_comp_17841_cycle_1_58",3
"15751","virus_comp_17841_cycle_1_59",3
"15752","virus_comp_17841_cycle_1_6",3
"15753","virus_comp_17841_cycle_1_60",3
"15754","virus_comp_17841_cycle_1_61",3
"15755","virus_comp_17841_cycle_1_7",3
"15756","virus_comp_17841_cycle_1_8",3
"15757","virus_comp_17841_cycle_1_9",3
"15758","virus_comp_17842_cycle_1_12",3
"15759","virus_comp_17842_cycle_1_13",3
"15760","virus_comp_17842_cycle_1_15",3
"15761","virus_comp_17842_cycle_1_2",3
"15762","virus_comp_17842_cycle_1_3",3
"15763","virus_comp_17842_cycle_1_4",3
"15764","virus_comp_17842_cycle_1_5",3
"15765","virus_comp_17843_cycle_1_12",3
"15766","virus_comp_17843_cycle_1_21",3
"15767","virus_comp_17843_cycle_1_26",3
"15768","virus_comp_17843_cycle_1_27",3
"15769","virus_comp_17843_cycle_1_35",3
"15770","virus_comp_17843_cycle_1_36",3
"15771","virus_comp_17843_cycle_1_43",3
"15772","virus_comp_17843_cycle_1_44",3
"15773","virus_comp_17843_cycle_1_45",3
"15774","virus_comp_17843_cycle_1_47",3
"15775","virus_comp_17843_cycle_1_50",3
"15776","virus_comp_17843_cycle_1_51",3
"15777","virus_comp_17843_cycle_1_52",3
"15778","virus_comp_17843_cycle_1_53",3
"15779","virus_comp_17843_cycle_1_54",3
"15780","virus_comp_17843_cycle_1_57",3
"15781","virus_comp_17843_cycle_1_58",3
"15782","virus_comp_17843_cycle_1_59",3
"15783","virus_comp_17843_cycle_1_62",3
"15784","virus_comp_17843_cycle_1_64",3
"15785","virus_comp_17843_cycle_1_65",3
"15786","virus_comp_17843_cycle_1_66",3
"15787","virus_comp_17843_cycle_1_67",3
"15788","virus_comp_17843_cycle_1_68",3
"15789","virus_comp_17843_cycle_1_69",3
"15790","virus_comp_17843_cycle_1_70",3
"15791","virus_comp_17843_cycle_1_71",3
"15792","virus_comp_17843_cycle_1_77",3
"15793","virus_comp_17843_cycle_1_78",3
"15794","virus_comp_17843_cycle_1_79",3
"15795","virus_comp_17843_cycle_1_8",3
"15796","virus_comp_17843_cycle_1_84",3
"15797","virus_comp_17843_cycle_1_85",3
"15798","virus_comp_17843_cycle_1_86",3
"15799","virus_comp_17844_cycle_1_5",3
"15800","virus_comp_17845_cycle_1_4",3
"15801","virus_comp_17846_cycle_1_11",3
"15802","virus_comp_17846_cycle_1_2",3
"15803","virus_comp_17846_cycle_1_3",3
"15804","virus_comp_17851_cycle_1_10",3
"15805","virus_comp_17851_cycle_1_11",3
"15806","virus_comp_17851_cycle_1_13",3
"15807","virus_comp_17851_cycle_1_16",3
"15808","virus_comp_17851_cycle_1_21",3
"15809","virus_comp_17851_cycle_1_22",3
"15810","virus_comp_17851_cycle_1_24",3
"15811","virus_comp_17851_cycle_1_25",3
"15812","virus_comp_17851_cycle_1_38",3
"15813","virus_comp_17851_cycle_1_44",3
"15814","virus_comp_17851_cycle_1_45",3
"15815","virus_comp_17851_cycle_1_8",3
"15816","virus_comp_17851_cycle_1_9",3
"15817","virus_comp_17852_cycle_1_2",3
"15818","virus_comp_17853_cycle_1_5",3
"15819","virus_comp_17854_cycle_1_1",3
"15820","virus_comp_17856_cycle_1_43",3
"15821","virus_comp_17857_cycle_1_18",3
"15822","virus_comp_17857_cycle_1_20",3
"15823","virus_comp_17857_cycle_1_21",3
"15824","virus_comp_17857_cycle_1_27",3
"15825","virus_comp_17857_cycle_1_39",3
"15826","virus_comp_17857_cycle_1_4",3
"15827","virus_comp_17857_cycle_1_41",3
"15828","virus_comp_17857_cycle_1_45",3
"15829","virus_comp_17857_cycle_1_46",3
"15830","virus_comp_17857_cycle_1_49",3
"15831","virus_comp_17857_cycle_1_51",3
"15832","virus_comp_17857_cycle_1_53",3
"15833","virus_comp_17857_cycle_1_55",3
"15834","virus_comp_17857_cycle_1_56",3
"15835","virus_comp_17857_cycle_1_57",3
"15836","virus_comp_17857_cycle_1_58",3
"15837","virus_comp_17857_cycle_1_59",3
"15838","virus_comp_17857_cycle_1_63",3
"15839","virus_comp_17857_cycle_1_64",3
"15840","virus_comp_17857_cycle_1_66",3
"15841","virus_comp_17857_cycle_1_69",3
"15842","virus_comp_17857_cycle_1_70",3
"15843","virus_comp_17857_cycle_1_74",3
"15844","virus_comp_17858_cycle_1_4",3
"15845","virus_comp_17858_cycle_1_8",3
"15846","virus_comp_17860_cycle_1_17",3
"15847","virus_comp_17860_cycle_1_2",3
"15848","virus_comp_17860_cycle_1_26",3
"15849","virus_comp_17860_cycle_1_30",3
"15850","virus_comp_17860_cycle_1_35",3
"15851","virus_comp_17860_cycle_1_37",3
"15852","virus_comp_17860_cycle_1_38",3
"15853","virus_comp_17860_cycle_1_4",3
"15854","virus_comp_17860_cycle_1_40",3
"15855","virus_comp_17860_cycle_1_44",3
"15856","virus_comp_17860_cycle_1_5",3
"15857","virus_comp_17860_cycle_1_52",3
"15858","virus_comp_17860_cycle_1_61",3
"15859","virus_comp_17860_cycle_1_7",3
"15860","virus_comp_17861_cycle_1_14",3
"15861","virus_comp_17861_cycle_1_20",3
"15862","virus_comp_17861_cycle_1_26",3
"15863","virus_comp_17861_cycle_1_29",3
"15864","virus_comp_17861_cycle_1_34",3
"15865","virus_comp_17861_cycle_1_35",3
"15866","virus_comp_17861_cycle_1_4",3
"15867","virus_comp_17861_cycle_1_41",3
"15868","virus_comp_17861_cycle_1_42",3
"15869","virus_comp_17861_cycle_1_49",3
"15870","virus_comp_17861_cycle_1_54",3
"15871","virus_comp_17861_cycle_1_66",3
"15872","virus_comp_17861_cycle_1_68",3
"15873","virus_comp_17861_cycle_1_8",3
"15874","virus_comp_17861_cycle_1_9",3
"15875","virus_comp_17862_cycle_1_14",3
"15876","virus_comp_17862_cycle_1_16",3
"15877","virus_comp_17862_cycle_1_17",3
"15878","virus_comp_17862_cycle_1_20",3
"15879","virus_comp_17862_cycle_1_21",3
"15880","virus_comp_17862_cycle_1_3",3
"15881","virus_comp_17862_cycle_1_6",3
"15882","virus_comp_17863_cycle_1_13",3
"15883","virus_comp_17863_cycle_1_18",3
"15884","virus_comp_17863_cycle_1_19",3
"15885","virus_comp_17863_cycle_1_20",3
"15886","virus_comp_17863_cycle_1_21",3
"15887","virus_comp_17863_cycle_1_22",3
"15888","virus_comp_17863_cycle_1_27",3
"15889","virus_comp_17863_cycle_1_3",3
"15890","virus_comp_17863_cycle_1_31",3
"15891","virus_comp_17863_cycle_1_33",3
"15892","virus_comp_17863_cycle_1_34",3
"15893","virus_comp_17863_cycle_1_36",3
"15894","virus_comp_17863_cycle_1_41",3
"15895","virus_comp_17863_cycle_1_45",3
"15896","virus_comp_17863_cycle_1_46",3
"15897","virus_comp_17863_cycle_1_48",3
"15898","virus_comp_17863_cycle_1_53",3
"15899","virus_comp_17863_cycle_1_57",3
"15900","virus_comp_17863_cycle_1_70",3
"15901","virus_comp_17866_cycle_1_14",3
"15902","virus_comp_17866_cycle_1_16",3
"15903","virus_comp_17866_cycle_1_20",3
"15904","virus_comp_17866_cycle_1_23",3
"15905","virus_comp_17866_cycle_1_25",3
"15906","virus_comp_17866_cycle_1_39",3
"15907","virus_comp_17866_cycle_1_5",3
"15908","virus_comp_17866_cycle_1_58",3
"15909","virus_comp_17866_cycle_1_60",3
"15910","virus_comp_17866_cycle_1_61",3
"15911","virus_comp_17866_cycle_1_63",3
"15912","virus_comp_17866_cycle_1_65",3
"15913","virus_comp_17866_cycle_1_69",3
"15914","virus_comp_17866_cycle_1_75",3
"15915","virus_comp_17866_cycle_1_76",3
"15916","virus_comp_17868_cycle_1_3",3
"15917","virus_comp_17869_cycle_1_17",3
"15918","virus_comp_17869_cycle_1_21",3
"15919","virus_comp_17869_cycle_1_24",3
"15920","virus_comp_17869_cycle_1_25",3
"15921","virus_comp_17869_cycle_1_33",3
"15922","virus_comp_17869_cycle_1_34",3
"15923","virus_comp_17869_cycle_1_36",3
"15924","virus_comp_17869_cycle_1_53",3
"15925","virus_comp_17869_cycle_1_59",3
"15926","virus_comp_17869_cycle_1_60",3
"15927","virus_comp_1787_cycle_1_12",3
"15928","virus_comp_17870_cycle_1_11",3
"15929","virus_comp_17870_cycle_1_3",3
"15930","virus_comp_17871_cycle_1_2",3
"15931","virus_comp_17873_cycle_1_14",3
"15932","virus_comp_17873_cycle_1_18",3
"15933","virus_comp_17873_cycle_1_20",3
"15934","virus_comp_17873_cycle_1_23",3
"15935","virus_comp_17873_cycle_1_24",3
"15936","virus_comp_17873_cycle_1_25",3
"15937","virus_comp_17873_cycle_1_28",3
"15938","virus_comp_17873_cycle_1_33",3
"15939","virus_comp_17873_cycle_1_49",3
"15940","virus_comp_17873_cycle_1_8",3
"15941","virus_comp_17874_cycle_1_14",3
"15942","virus_comp_17874_cycle_1_16",3
"15943","virus_comp_17874_cycle_1_5",3
"15944","virus_comp_17874_cycle_1_7",3
"15945","virus_comp_17875_cycle_1_3",3
"15946","virus_comp_17875_cycle_1_4",3
"15947","virus_comp_17881_cycle_1_1",3
"15948","virus_comp_17881_cycle_1_12",3
"15949","virus_comp_17881_cycle_1_13",3
"15950","virus_comp_17881_cycle_1_16",3
"15951","virus_comp_17881_cycle_1_18",3
"15952","virus_comp_17881_cycle_1_27",3
"15953","virus_comp_17881_cycle_1_44",3
"15954","virus_comp_17881_cycle_1_45",3
"15955","virus_comp_17881_cycle_1_49",3
"15956","virus_comp_17881_cycle_1_54",3
"15957","virus_comp_17881_cycle_1_55",3
"15958","virus_comp_17881_cycle_1_6",3
"15959","virus_comp_17881_cycle_1_8",3
"15960","virus_comp_17884_cycle_1_4",3
"15961","virus_comp_17886_cycle_1_1",3
"15962","virus_comp_17886_cycle_1_2",3
"15963","virus_comp_17886_cycle_1_8",3
"15964","virus_comp_17887_cycle_1_1",3
"15965","virus_comp_17887_cycle_1_10",3
"15966","virus_comp_17887_cycle_1_12",3
"15967","virus_comp_17887_cycle_1_13",3
"15968","virus_comp_17887_cycle_1_16",3
"15969","virus_comp_17887_cycle_1_2",3
"15970","virus_comp_17887_cycle_1_24",3
"15971","virus_comp_17887_cycle_1_32",3
"15972","virus_comp_17887_cycle_1_33",3
"15973","virus_comp_17887_cycle_1_4",3
"15974","virus_comp_17887_cycle_1_43",3
"15975","virus_comp_17887_cycle_1_48",3
"15976","virus_comp_17887_cycle_1_49",3
"15977","virus_comp_17889_cycle_1_13",3
"15978","virus_comp_17889_cycle_1_19",3
"15979","virus_comp_17889_cycle_1_20",3
"15980","virus_comp_17889_cycle_1_23",3
"15981","virus_comp_17889_cycle_1_24",3
"15982","virus_comp_17889_cycle_1_26",3
"15983","virus_comp_17889_cycle_1_27",3
"15984","virus_comp_17889_cycle_1_3",3
"15985","virus_comp_17889_cycle_1_40",3
"15986","virus_comp_17889_cycle_1_42",3
"15987","virus_comp_17889_cycle_1_43",3
"15988","virus_comp_17889_cycle_1_44",3
"15989","virus_comp_17889_cycle_1_45",3
"15990","virus_comp_17889_cycle_1_47",3
"15991","virus_comp_17889_cycle_1_49",3
"15992","virus_comp_17889_cycle_1_51",3
"15993","virus_comp_17889_cycle_1_52",3
"15994","virus_comp_17889_cycle_1_53",3
"15995","virus_comp_17889_cycle_1_54",3
"15996","virus_comp_17889_cycle_1_55",3
"15997","virus_comp_17889_cycle_1_56",3
"15998","virus_comp_17889_cycle_1_64",3
"15999","virus_comp_17894_cycle_1_3",3
"16000","virus_comp_17895_cycle_1_1",3
"16001","virus_comp_17895_cycle_1_11",3
"16002","virus_comp_17895_cycle_1_12",3
"16003","virus_comp_17895_cycle_1_14",3
"16004","virus_comp_17895_cycle_1_16",3
"16005","virus_comp_17895_cycle_1_17",3
"16006","virus_comp_17895_cycle_1_19",3
"16007","virus_comp_17895_cycle_1_2",3
"16008","virus_comp_17895_cycle_1_6",3
"16009","virus_comp_17895_cycle_1_7",3
"16010","virus_comp_17895_cycle_1_9",3
"16011","virus_comp_17898_cycle_1_5",3
"16012","virus_comp_17899_cycle_1_6",3
"16013","virus_comp_17900_cycle_1_14",3
"16014","virus_comp_17900_cycle_1_16",3
"16015","virus_comp_17900_cycle_1_18",3
"16016","virus_comp_17900_cycle_1_19",3
"16017","virus_comp_17900_cycle_1_2",3
"16018","virus_comp_17902_cycle_1_10",3
"16019","virus_comp_17902_cycle_1_29",3
"16020","virus_comp_17902_cycle_1_31",3
"16021","virus_comp_17902_cycle_1_32",3
"16022","virus_comp_17902_cycle_1_9",3
"16023","virus_comp_17903_cycle_1_48",3
"16024","virus_comp_17904_cycle_1_1",3
"16025","virus_comp_17904_cycle_1_2",3
"16026","virus_comp_17906_cycle_1_23",3
"16027","virus_comp_17906_cycle_1_25",3
"16028","virus_comp_17906_cycle_1_30",3
"16029","virus_comp_17906_cycle_1_41",3
"16030","virus_comp_17906_cycle_1_43",3
"16031","virus_comp_17906_cycle_1_44",3
"16032","virus_comp_17906_cycle_1_47",3
"16033","virus_comp_17906_cycle_1_49",3
"16034","virus_comp_17906_cycle_1_5",3
"16035","virus_comp_17906_cycle_1_50",3
"16036","virus_comp_17906_cycle_1_54",3
"16037","virus_comp_17906_cycle_1_57",3
"16038","virus_comp_17906_cycle_1_67",3
"16039","virus_comp_17907_cycle_1_1",3
"16040","virus_comp_17907_cycle_1_14",3
"16041","virus_comp_17907_cycle_1_17",3
"16042","virus_comp_17907_cycle_1_18",3
"16043","virus_comp_17907_cycle_1_20",3
"16044","virus_comp_17907_cycle_1_25",3
"16045","virus_comp_17907_cycle_1_34",3
"16046","virus_comp_17907_cycle_1_4",3
"16047","virus_comp_17907_cycle_1_7",3
"16048","virus_comp_17909_cycle_1_10",3
"16049","virus_comp_17909_cycle_1_11",3
"16050","virus_comp_17909_cycle_1_12",3
"16051","virus_comp_17909_cycle_1_13",3
"16052","virus_comp_17909_cycle_1_14",3
"16053","virus_comp_17909_cycle_1_15",3
"16054","virus_comp_17909_cycle_1_16",3
"16055","virus_comp_17909_cycle_1_17",3
"16056","virus_comp_17909_cycle_1_19",3
"16057","virus_comp_17909_cycle_1_2",3
"16058","virus_comp_17909_cycle_1_20",3
"16059","virus_comp_17909_cycle_1_22",3
"16060","virus_comp_17909_cycle_1_24",3
"16061","virus_comp_17909_cycle_1_27",3
"16062","virus_comp_17909_cycle_1_28",3
"16063","virus_comp_17909_cycle_1_29",3
"16064","virus_comp_17909_cycle_1_30",3
"16065","virus_comp_17909_cycle_1_31",3
"16066","virus_comp_17909_cycle_1_32",3
"16067","virus_comp_17909_cycle_1_33",3
"16068","virus_comp_17909_cycle_1_34",3
"16069","virus_comp_17909_cycle_1_35",3
"16070","virus_comp_17909_cycle_1_37",3
"16071","virus_comp_17909_cycle_1_9",3
"16072","virus_comp_17910_cycle_1_13",3
"16073","virus_comp_17910_cycle_1_23",3
"16074","virus_comp_17910_cycle_1_26",3
"16075","virus_comp_17910_cycle_1_42",3
"16076","virus_comp_17911_cycle_1_15",3
"16077","virus_comp_17911_cycle_1_16",3
"16078","virus_comp_17911_cycle_1_18",3
"16079","virus_comp_17911_cycle_1_19",3
"16080","virus_comp_17911_cycle_1_2",3
"16081","virus_comp_17911_cycle_1_24",3
"16082","virus_comp_17911_cycle_1_27",3
"16083","virus_comp_17911_cycle_1_3",3
"16084","virus_comp_17911_cycle_1_41",3
"16085","virus_comp_17911_cycle_1_42",3
"16086","virus_comp_17911_cycle_1_48",3
"16087","virus_comp_17911_cycle_1_6",3
"16088","virus_comp_17913_cycle_1_1",3
"16089","virus_comp_17913_cycle_1_2",3
"16090","virus_comp_17915_cycle_1_1",3
"16091","virus_comp_17915_cycle_1_3",3
"16092","virus_comp_17919_cycle_1_12",3
"16093","virus_comp_17919_cycle_1_13",3
"16094","virus_comp_17919_cycle_1_3",3
"16095","virus_comp_1792_cycle_1_10",3
"16096","virus_comp_1792_cycle_1_4",3
"16097","virus_comp_1792_cycle_1_5",3
"16098","virus_comp_17920_cycle_1_25",3
"16099","virus_comp_17920_cycle_1_26",3
"16100","virus_comp_17920_cycle_1_8",3
"16101","virus_comp_17923_cycle_1_12",3
"16102","virus_comp_17923_cycle_1_15",3
"16103","virus_comp_17923_cycle_1_18",3
"16104","virus_comp_17923_cycle_1_3",3
"16105","virus_comp_17923_cycle_1_4",3
"16106","virus_comp_17923_cycle_1_9",3
"16107","virus_comp_17924_cycle_1_12",3
"16108","virus_comp_17924_cycle_1_14",3
"16109","virus_comp_17924_cycle_1_17",3
"16110","virus_comp_17924_cycle_1_2",3
"16111","virus_comp_17924_cycle_1_20",3
"16112","virus_comp_17924_cycle_1_25",3
"16113","virus_comp_17924_cycle_1_26",3
"16114","virus_comp_17924_cycle_1_28",3
"16115","virus_comp_17924_cycle_1_33",3
"16116","virus_comp_17924_cycle_1_39",3
"16117","virus_comp_17924_cycle_1_5",3
"16118","virus_comp_17924_cycle_1_6",3
"16119","virus_comp_17924_cycle_1_9",3
"16120","virus_comp_17925_cycle_1_16",3
"16121","virus_comp_17925_cycle_1_17",3
"16122","virus_comp_17925_cycle_1_18",3
"16123","virus_comp_17925_cycle_1_19",3
"16124","virus_comp_17925_cycle_1_2",3
"16125","virus_comp_17925_cycle_1_20",3
"16126","virus_comp_17925_cycle_1_25",3
"16127","virus_comp_17925_cycle_1_27",3
"16128","virus_comp_17925_cycle_1_28",3
"16129","virus_comp_17925_cycle_1_29",3
"16130","virus_comp_17925_cycle_1_3",3
"16131","virus_comp_17925_cycle_1_30",3
"16132","virus_comp_17925_cycle_1_32",3
"16133","virus_comp_17925_cycle_1_4",3
"16134","virus_comp_17925_cycle_1_5",3
"16135","virus_comp_17925_cycle_1_7",3
"16136","virus_comp_17925_cycle_1_8",3
"16137","virus_comp_17925_cycle_1_9",3
"16138","virus_comp_17927_cycle_1_1",3
"16139","virus_comp_17927_cycle_1_14",3
"16140","virus_comp_17927_cycle_1_15",3
"16141","virus_comp_17927_cycle_1_2",3
"16142","virus_comp_17927_cycle_1_24",3
"16143","virus_comp_17927_cycle_1_28",3
"16144","virus_comp_17927_cycle_1_4",3
"16145","virus_comp_17927_cycle_1_5",3
"16146","virus_comp_17927_cycle_1_7",3
"16147","virus_comp_17928_cycle_1_2",3
"16148","virus_comp_17928_cycle_1_3",3
"16149","virus_comp_17932_cycle_1_12",3
"16150","virus_comp_17932_cycle_1_13",3
"16151","virus_comp_17932_cycle_1_15",3
"16152","virus_comp_17932_cycle_1_16",3
"16153","virus_comp_17933_cycle_1_3",3
"16154","virus_comp_17934_cycle_1_18",3
"16155","virus_comp_17934_cycle_1_20",3
"16156","virus_comp_17934_cycle_1_3",3
"16157","virus_comp_17934_cycle_1_9",3
"16158","virus_comp_17935_cycle_1_1",3
"16159","virus_comp_17935_cycle_1_12",3
"16160","virus_comp_17935_cycle_1_13",3
"16161","virus_comp_17935_cycle_1_19",3
"16162","virus_comp_17935_cycle_1_26",3
"16163","virus_comp_17935_cycle_1_31",3
"16164","virus_comp_17935_cycle_1_33",3
"16165","virus_comp_17935_cycle_1_5",3
"16166","virus_comp_17935_cycle_1_7",3
"16167","virus_comp_17935_cycle_1_9",3
"16168","virus_comp_17936_cycle_1_1",3
"16169","virus_comp_17936_cycle_1_2",3
"16170","virus_comp_17936_cycle_1_5",3
"16171","virus_comp_17938_cycle_1_10",3
"16172","virus_comp_17938_cycle_1_2",3
"16173","virus_comp_17940_cycle_1_1",3
"16174","virus_comp_17945_cycle_1_16",3
"16175","virus_comp_17945_cycle_1_17",3
"16176","virus_comp_17945_cycle_1_18",3
"16177","virus_comp_17945_cycle_1_19",3
"16178","virus_comp_17947_cycle_1_10",3
"16179","virus_comp_17947_cycle_1_12",3
"16180","virus_comp_17947_cycle_1_9",3
"16181","virus_comp_17948_cycle_1_11",3
"16182","virus_comp_17948_cycle_1_4",3
"16183","virus_comp_17948_cycle_1_9",3
"16184","virus_comp_17949_cycle_1_1",3
"16185","virus_comp_17949_cycle_1_15",3
"16186","virus_comp_17949_cycle_1_17",3
"16187","virus_comp_17949_cycle_1_20",3
"16188","virus_comp_17949_cycle_1_23",3
"16189","virus_comp_17949_cycle_1_8",3
"16190","virus_comp_17949_cycle_1_9",3
"16191","virus_comp_1795_cycle_1_1",3
"16192","virus_comp_1795_cycle_1_3",3
"16193","virus_comp_17951_cycle_1_2",3
"16194","virus_comp_17951_cycle_1_24",3
"16195","virus_comp_17951_cycle_1_29",3
"16196","virus_comp_17951_cycle_1_4",3
"16197","virus_comp_17952_cycle_1_4",3
"16198","virus_comp_17952_cycle_1_5",3
"16199","virus_comp_17952_cycle_1_6",3
"16200","virus_comp_17953_cycle_1_5",3
"16201","virus_comp_17954_cycle_1_7",3
"16202","virus_comp_17955_cycle_1_11",3
"16203","virus_comp_17955_cycle_1_6",3
"16204","virus_comp_17955_cycle_1_9",3
"16205","virus_comp_17956_cycle_1_14",3
"16206","virus_comp_17956_cycle_1_15",3
"16207","virus_comp_17956_cycle_1_17",3
"16208","virus_comp_17956_cycle_1_7",3
"16209","virus_comp_17956_cycle_1_8",3
"16210","virus_comp_1796_cycle_1_1",3
"16211","virus_comp_1796_cycle_1_8",3
"16212","virus_comp_17960_cycle_1_2",3
"16213","virus_comp_17960_cycle_1_3",3
"16214","virus_comp_17960_cycle_1_4",3
"16215","virus_comp_17960_cycle_1_5",3
"16216","virus_comp_17960_cycle_1_6",3
"16217","virus_comp_17960_cycle_1_7",3
"16218","virus_comp_17960_cycle_1_8",3
"16219","virus_comp_17963_cycle_1_12",3
"16220","virus_comp_17963_cycle_1_17",3
"16221","virus_comp_17963_cycle_1_19",3
"16222","virus_comp_17963_cycle_1_20",3
"16223","virus_comp_17964_cycle_1_1",3
"16224","virus_comp_17964_cycle_1_10",3
"16225","virus_comp_17964_cycle_1_2",3
"16226","virus_comp_17964_cycle_1_3",3
"16227","virus_comp_17964_cycle_1_4",3
"16228","virus_comp_17964_cycle_1_5",3
"16229","virus_comp_17964_cycle_1_6",3
"16230","virus_comp_17964_cycle_1_7",3
"16231","virus_comp_17965_cycle_1_1",3
"16232","virus_comp_17965_cycle_1_11",3
"16233","virus_comp_17965_cycle_1_3",3
"16234","virus_comp_17965_cycle_1_9",3
"16235","virus_comp_17966_cycle_1_16",3
"16236","virus_comp_17966_cycle_1_17",3
"16237","virus_comp_17966_cycle_1_20",3
"16238","virus_comp_17966_cycle_1_3",3
"16239","virus_comp_17968_cycle_1_11",3
"16240","virus_comp_17968_cycle_1_19",3
"16241","virus_comp_17968_cycle_1_20",3
"16242","virus_comp_17968_cycle_1_21",3
"16243","virus_comp_17968_cycle_1_5",3
"16244","virus_comp_17968_cycle_1_6",3
"16245","virus_comp_17968_cycle_1_8",3
"16246","virus_comp_17969_cycle_1_1",3
"16247","virus_comp_17969_cycle_1_14",3
"16248","virus_comp_17969_cycle_1_2",3
"16249","virus_comp_17969_cycle_1_29",3
"16250","virus_comp_17969_cycle_1_3",3
"16251","virus_comp_17969_cycle_1_6",3
"16252","virus_comp_1797_cycle_1_10",3
"16253","virus_comp_1797_cycle_1_2",3
"16254","virus_comp_1797_cycle_1_4",3
"16255","virus_comp_17970_cycle_1_10",3
"16256","virus_comp_17970_cycle_1_11",3
"16257","virus_comp_17970_cycle_1_12",3
"16258","virus_comp_17970_cycle_1_16",3
"16259","virus_comp_17970_cycle_1_17",3
"16260","virus_comp_17970_cycle_1_18",3
"16261","virus_comp_17970_cycle_1_22",3
"16262","virus_comp_17970_cycle_1_23",3
"16263","virus_comp_17970_cycle_1_24",3
"16264","virus_comp_17970_cycle_1_27",3
"16265","virus_comp_17970_cycle_1_28",3
"16266","virus_comp_17970_cycle_1_29",3
"16267","virus_comp_17970_cycle_1_32",3
"16268","virus_comp_17970_cycle_1_36",3
"16269","virus_comp_17970_cycle_1_4",3
"16270","virus_comp_17970_cycle_1_40",3
"16271","virus_comp_17970_cycle_1_41",3
"16272","virus_comp_17970_cycle_1_42",3
"16273","virus_comp_17970_cycle_1_43",3
"16274","virus_comp_17970_cycle_1_46",3
"16275","virus_comp_17970_cycle_1_48",3
"16276","virus_comp_17970_cycle_1_6",3
"16277","virus_comp_17970_cycle_1_9",3
"16278","virus_comp_17972_cycle_1_10",3
"16279","virus_comp_17972_cycle_1_11",3
"16280","virus_comp_17972_cycle_1_12",3
"16281","virus_comp_17972_cycle_1_2",3
"16282","virus_comp_17972_cycle_1_3",3
"16283","virus_comp_17972_cycle_1_6",3
"16284","virus_comp_17972_cycle_1_7",3
"16285","virus_comp_17972_cycle_1_8",3
"16286","virus_comp_17972_cycle_1_9",3
"16287","virus_comp_17977_cycle_1_12",3
"16288","virus_comp_17977_cycle_1_3",3
"16289","virus_comp_17977_cycle_1_4",3
"16290","virus_comp_17977_cycle_1_5",3
"16291","virus_comp_17977_cycle_1_9",3
"16292","virus_comp_17979_cycle_1_1",3
"16293","virus_comp_17979_cycle_1_2",3
"16294","virus_comp_17980_cycle_1_1",3
"16295","virus_comp_17980_cycle_1_24",3
"16296","virus_comp_17980_cycle_1_3",3
"16297","virus_comp_17981_cycle_1_1",3
"16298","virus_comp_17981_cycle_1_10",3
"16299","virus_comp_17981_cycle_1_12",3
"16300","virus_comp_17981_cycle_1_14",3
"16301","virus_comp_17981_cycle_1_16",3
"16302","virus_comp_17981_cycle_1_18",3
"16303","virus_comp_17981_cycle_1_6",3
"16304","virus_comp_17981_cycle_1_8",3
"16305","virus_comp_17984_cycle_1_11",3
"16306","virus_comp_17984_cycle_1_12",3
"16307","virus_comp_17984_cycle_1_16",3
"16308","virus_comp_17984_cycle_1_17",3
"16309","virus_comp_17984_cycle_1_21",3
"16310","virus_comp_17984_cycle_1_22",3
"16311","virus_comp_17984_cycle_1_25",3
"16312","virus_comp_17984_cycle_1_31",3
"16313","virus_comp_17984_cycle_1_5",3
"16314","virus_comp_17984_cycle_1_6",3
"16315","virus_comp_17984_cycle_1_9",3
"16316","virus_comp_17985_cycle_1_14",3
"16317","virus_comp_17986_cycle_1_7",3
"16318","virus_comp_17990_cycle_1_11",3
"16319","virus_comp_17990_cycle_1_14",3
"16320","virus_comp_17990_cycle_1_19",3
"16321","virus_comp_17990_cycle_1_7",3
"16322","virus_comp_17990_cycle_1_8",3
"16323","virus_comp_17991_cycle_1_18",3
"16324","virus_comp_17991_cycle_1_19",3
"16325","virus_comp_17991_cycle_1_22",3
"16326","virus_comp_17991_cycle_1_24",3
"16327","virus_comp_17991_cycle_1_8",3
"16328","virus_comp_17992_cycle_1_5",3
"16329","virus_comp_17994_cycle_1_10",3
"16330","virus_comp_17994_cycle_1_11",3
"16331","virus_comp_17994_cycle_1_12",3
"16332","virus_comp_17994_cycle_1_13",3
"16333","virus_comp_17994_cycle_1_14",3
"16334","virus_comp_17994_cycle_1_15",3
"16335","virus_comp_17994_cycle_1_16",3
"16336","virus_comp_17994_cycle_1_17",3
"16337","virus_comp_17994_cycle_1_18",3
"16338","virus_comp_17994_cycle_1_19",3
"16339","virus_comp_17994_cycle_1_20",3
"16340","virus_comp_17994_cycle_1_5",3
"16341","virus_comp_17994_cycle_1_6",3
"16342","virus_comp_17994_cycle_1_7",3
"16343","virus_comp_17994_cycle_1_8",3
"16344","virus_comp_17994_cycle_1_9",3
"16345","virus_comp_17995_cycle_1_17",3
"16346","virus_comp_17995_cycle_1_19",3
"16347","virus_comp_17995_cycle_1_2",3
"16348","virus_comp_17995_cycle_1_22",3
"16349","virus_comp_17995_cycle_1_3",3
"16350","virus_comp_17995_cycle_1_7",3
"16351","virus_comp_17995_cycle_1_9",3
"16352","virus_comp_180_cycle_1_1",3
"16353","virus_comp_180_cycle_1_2",3
"16354","virus_comp_180_cycle_1_3",3
"16355","virus_comp_180_cycle_1_6",3
"16356","virus_comp_1800_cycle_1_4",3
"16357","virus_comp_1800_cycle_1_5",3
"16358","virus_comp_18003_cycle_1_7",3
"16359","virus_comp_18004_cycle_1_4",3
"16360","virus_comp_18005_cycle_1_5",3
"16361","virus_comp_18006_cycle_1_4",3
"16362","virus_comp_18006_cycle_1_6",3
"16363","virus_comp_18006_cycle_1_8",3
"16364","virus_comp_18009_cycle_1_3",3
"16365","virus_comp_18009_cycle_1_4",3
"16366","virus_comp_18009_cycle_1_7",3
"16367","virus_comp_18009_cycle_1_8",3
"16368","virus_comp_18011_cycle_1_14",3
"16369","virus_comp_18011_cycle_1_8",3
"16370","virus_comp_18013_cycle_1_1",3
"16371","virus_comp_18013_cycle_1_14",3
"16372","virus_comp_18013_cycle_1_6",3
"16373","virus_comp_18013_cycle_1_7",3
"16374","virus_comp_18016_cycle_1_10",3
"16375","virus_comp_18016_cycle_1_11",3
"16376","virus_comp_18016_cycle_1_12",3
"16377","virus_comp_18016_cycle_1_17",3
"16378","virus_comp_18016_cycle_1_20",3
"16379","virus_comp_18016_cycle_1_4",3
"16380","virus_comp_18016_cycle_1_5",3
"16381","virus_comp_18016_cycle_1_6",3
"16382","virus_comp_18016_cycle_1_9",3
"16383","virus_comp_18018_cycle_1_10",3
"16384","virus_comp_18018_cycle_1_11",3
"16385","virus_comp_18018_cycle_1_14",3
"16386","virus_comp_18018_cycle_1_18",3
"16387","virus_comp_18018_cycle_1_19",3
"16388","virus_comp_18018_cycle_1_21",3
"16389","virus_comp_18018_cycle_1_9",3
"16390","virus_comp_18020_cycle_1_1",3
"16391","virus_comp_18021_cycle_1_13",3
"16392","virus_comp_18021_cycle_1_16",3
"16393","virus_comp_18021_cycle_1_4",3
"16394","virus_comp_18021_cycle_1_7",3
"16395","virus_comp_18021_cycle_1_9",3
"16396","virus_comp_18023_cycle_1_1",3
"16397","virus_comp_18023_cycle_1_10",3
"16398","virus_comp_18023_cycle_1_2",3
"16399","virus_comp_18023_cycle_1_4",3
"16400","virus_comp_18023_cycle_1_7",3
"16401","virus_comp_18023_cycle_1_9",3
"16402","virus_comp_18025_cycle_1_2",3
"16403","virus_comp_18025_cycle_1_4",3
"16404","virus_comp_18026_cycle_1_1",3
"16405","virus_comp_18026_cycle_1_3",3
"16406","virus_comp_18026_cycle_1_8",3
"16407","virus_comp_18028_cycle_1_4",3
"16408","virus_comp_18030_cycle_1_12",3
"16409","virus_comp_18030_cycle_1_3",3
"16410","virus_comp_18030_cycle_1_5",3
"16411","virus_comp_18030_cycle_1_8",3
"16412","virus_comp_18032_cycle_1_12",3
"16413","virus_comp_18032_cycle_1_3",3
"16414","virus_comp_18032_cycle_1_8",3
"16415","virus_comp_18033_cycle_1_5",3
"16416","virus_comp_18033_cycle_1_6",3
"16417","virus_comp_18033_cycle_1_8",3
"16418","virus_comp_18035_cycle_1_5",3
"16419","virus_comp_18036_cycle_1_1",3
"16420","virus_comp_18037_cycle_1_12",3
"16421","virus_comp_18037_cycle_1_2",3
"16422","virus_comp_18037_cycle_1_9",3
"16423","virus_comp_18042_cycle_1_3",3
"16424","virus_comp_18042_cycle_1_4",3
"16425","virus_comp_18044_cycle_1_12",3
"16426","virus_comp_18044_cycle_1_13",3
"16427","virus_comp_18044_cycle_1_9",3
"16428","virus_comp_1805_cycle_1_3",3
"16429","virus_comp_1805_cycle_1_4",3
"16430","virus_comp_18052_cycle_1_3",3
"16431","virus_comp_18053_cycle_1_12",3
"16432","virus_comp_18053_cycle_1_14",3
"16433","virus_comp_18053_cycle_1_16",3
"16434","virus_comp_18054_cycle_1_16",3
"16435","virus_comp_18054_cycle_1_2",3
"16436","virus_comp_18054_cycle_1_3",3
"16437","virus_comp_18055_cycle_1_17",3
"16438","virus_comp_18055_cycle_1_18",3
"16439","virus_comp_18055_cycle_1_3",3
"16440","virus_comp_18055_cycle_1_5",3
"16441","virus_comp_18055_cycle_1_8",3
"16442","virus_comp_18061_cycle_1_12",3
"16443","virus_comp_18061_cycle_1_4",3
"16444","virus_comp_18061_cycle_1_7",3
"16445","virus_comp_18064_cycle_1_1",3
"16446","virus_comp_18064_cycle_1_10",3
"16447","virus_comp_18064_cycle_1_12",3
"16448","virus_comp_18064_cycle_1_13",3
"16449","virus_comp_18064_cycle_1_5",3
"16450","virus_comp_18064_cycle_1_6",3
"16451","virus_comp_18064_cycle_1_8",3
"16452","virus_comp_18065_cycle_1_4",3
"16453","virus_comp_18067_cycle_1_12",3
"16454","virus_comp_18067_cycle_1_15",3
"16455","virus_comp_18067_cycle_1_16",3
"16456","virus_comp_18067_cycle_1_6",3
"16457","virus_comp_18071_cycle_1_3",3
"16458","virus_comp_18072_cycle_1_2",3
"16459","virus_comp_18072_cycle_1_5",3
"16460","virus_comp_18078_cycle_1_4",3
"16461","virus_comp_18078_cycle_1_9",3
"16462","virus_comp_18080_cycle_1_4",3
"16463","virus_comp_18083_cycle_1_13",3
"16464","virus_comp_18083_cycle_1_6",3
"16465","virus_comp_18083_cycle_1_7",3
"16466","virus_comp_18085_cycle_1_1",3
"16467","virus_comp_18085_cycle_1_2",3
"16468","virus_comp_18085_cycle_1_6",3
"16469","virus_comp_18089_cycle_1_6",3
"16470","virus_comp_18089_cycle_1_9",3
"16471","virus_comp_1809_cycle_1_6",3
"16472","virus_comp_1809_cycle_1_8",3
"16473","virus_comp_18091_cycle_1_1",3
"16474","virus_comp_18091_cycle_1_2",3
"16475","virus_comp_18091_cycle_1_5",3
"16476","virus_comp_18094_cycle_1_2",3
"16477","virus_comp_18094_cycle_1_3",3
"16478","virus_comp_18094_cycle_1_4",3
"16479","virus_comp_18094_cycle_1_5",3
"16480","virus_comp_18094_cycle_1_7",3
"16481","virus_comp_18100_cycle_1_3",3
"16482","virus_comp_18101_cycle_1_10",3
"16483","virus_comp_18101_cycle_1_4",3
"16484","virus_comp_18104_cycle_1_10",3
"16485","virus_comp_18104_cycle_1_4",3
"16486","virus_comp_18104_cycle_1_7",3
"16487","virus_comp_18113_cycle_1_1",3
"16488","virus_comp_18123_cycle_1_1",3
"16489","virus_comp_18123_cycle_1_4",3
"16490","virus_comp_18124_cycle_1_9",3
"16491","virus_comp_18126_cycle_1_1",3
"16492","virus_comp_18127_cycle_1_1",3
"16493","virus_comp_18127_cycle_1_3",3
"16494","virus_comp_18127_cycle_1_6",3
"16495","virus_comp_18127_cycle_1_9",3
"16496","virus_comp_18128_cycle_1_12",3
"16497","virus_comp_18128_cycle_1_14",3
"16498","virus_comp_18128_cycle_1_7",3
"16499","virus_comp_18129_cycle_1_6",3
"16500","virus_comp_18129_cycle_1_9",3
"16501","virus_comp_18130_cycle_1_3",3
"16502","virus_comp_18130_cycle_1_7",3
"16503","virus_comp_18131_cycle_1_12",3
"16504","virus_comp_18131_cycle_1_7",3
"16505","virus_comp_18133_cycle_1_2",3
"16506","virus_comp_18133_cycle_1_6",3
"16507","virus_comp_18134_cycle_1_2",3
"16508","virus_comp_18134_cycle_1_9",3
"16509","virus_comp_18136_cycle_1_10",3
"16510","virus_comp_18136_cycle_1_13",3
"16511","virus_comp_18138_cycle_1_8",3
"16512","virus_comp_18142_cycle_1_2",3
"16513","virus_comp_18143_cycle_1_3",3
"16514","virus_comp_18144_cycle_1_2",3
"16515","virus_comp_18144_cycle_1_3",3
"16516","virus_comp_18144_cycle_1_4",3
"16517","virus_comp_1815_cycle_1_1",3
"16518","virus_comp_1816_cycle_1_10",3
"16519","virus_comp_1816_cycle_1_11",3
"16520","virus_comp_1816_cycle_1_13",3
"16521","virus_comp_1816_cycle_1_17",3
"16522","virus_comp_1816_cycle_1_18",3
"16523","virus_comp_1816_cycle_1_3",3
"16524","virus_comp_1816_cycle_1_9",3
"16525","virus_comp_18161_cycle_1_10",3
"16526","virus_comp_18161_cycle_1_13",3
"16527","virus_comp_18161_cycle_1_8",3
"16528","virus_comp_18175_cycle_1_3",3
"16529","virus_comp_18176_cycle_1_1",3
"16530","virus_comp_18177_cycle_1_2",3
"16531","virus_comp_18186_cycle_1_7",3
"16532","virus_comp_1819_cycle_1_11",3
"16533","virus_comp_1819_cycle_1_13",3
"16534","virus_comp_1819_cycle_1_14",3
"16535","virus_comp_1819_cycle_1_4",3
"16536","virus_comp_1819_cycle_1_5",3
"16537","virus_comp_1819_cycle_1_7",3
"16538","virus_comp_1819_cycle_1_8",3
"16539","virus_comp_18190_cycle_1_11",3
"16540","virus_comp_18190_cycle_1_8",3
"16541","virus_comp_18190_cycle_1_9",3
"16542","virus_comp_18191_cycle_1_3",3
"16543","virus_comp_18191_cycle_1_8",3
"16544","virus_comp_18197_cycle_1_3",3
"16545","virus_comp_18197_cycle_1_6",3
"16546","virus_comp_18197_cycle_1_9",3
"16547","virus_comp_18198_cycle_1_10",3
"16548","virus_comp_18198_cycle_1_6",3
"16549","virus_comp_18198_cycle_1_8",3
"16550","virus_comp_18198_cycle_1_9",3
"16551","virus_comp_18201_cycle_1_1",3
"16552","virus_comp_18201_cycle_1_3",3
"16553","virus_comp_18201_cycle_1_4",3
"16554","virus_comp_18202_cycle_1_1",3
"16555","virus_comp_18202_cycle_1_5",3
"16556","virus_comp_18202_cycle_1_6",3
"16557","virus_comp_18205_cycle_1_2",3
"16558","virus_comp_18205_cycle_1_5",3
"16559","virus_comp_18205_cycle_1_7",3
"16560","virus_comp_18207_cycle_1_1",3
"16561","virus_comp_18209_cycle_1_4",3
"16562","virus_comp_18209_cycle_1_5",3
"16563","virus_comp_18215_cycle_1_1",3
"16564","virus_comp_18215_cycle_1_2",3
"16565","virus_comp_18215_cycle_1_3",3
"16566","virus_comp_18215_cycle_1_5",3
"16567","virus_comp_18215_cycle_1_6",3
"16568","virus_comp_18215_cycle_1_7",3
"16569","virus_comp_18215_cycle_1_8",3
"16570","virus_comp_18215_cycle_1_9",3
"16571","virus_comp_18216_cycle_1_1",3
"16572","virus_comp_18216_cycle_1_5",3
"16573","virus_comp_18216_cycle_1_6",3
"16574","virus_comp_18219_cycle_1_8",3
"16575","virus_comp_18222_cycle_1_2",3
"16576","virus_comp_18222_cycle_1_9",3
"16577","virus_comp_18230_cycle_1_15",3
"16578","virus_comp_18232_cycle_1_6",3
"16579","virus_comp_18232_cycle_1_7",3
"16580","virus_comp_18232_cycle_1_9",3
"16581","virus_comp_18235_cycle_1_2",3
"16582","virus_comp_18235_cycle_1_4",3
"16583","virus_comp_1824_cycle_1_10",3
"16584","virus_comp_1824_cycle_1_2",3
"16585","virus_comp_1824_cycle_1_5",3
"16586","virus_comp_18243_cycle_1_10",3
"16587","virus_comp_18243_cycle_1_11",3
"16588","virus_comp_18243_cycle_1_9",3
"16589","virus_comp_18244_cycle_1_1",3
"16590","virus_comp_18244_cycle_1_12",3
"16591","virus_comp_18244_cycle_1_3",3
"16592","virus_comp_18244_cycle_1_4",3
"16593","virus_comp_18244_cycle_1_8",3
"16594","virus_comp_18252_cycle_1_1",3
"16595","virus_comp_18260_cycle_1_5",3
"16596","virus_comp_18275_cycle_1_11",3
"16597","virus_comp_18275_cycle_1_2",3
"16598","virus_comp_18275_cycle_1_3",3
"16599","virus_comp_18275_cycle_1_5",3
"16600","virus_comp_18275_cycle_1_6",3
"16601","virus_comp_18276_cycle_1_3",3
"16602","virus_comp_18276_cycle_1_4",3
"16603","virus_comp_18276_cycle_1_5",3
"16604","virus_comp_18290_cycle_1_1",3
"16605","virus_comp_18290_cycle_1_2",3
"16606","virus_comp_18290_cycle_1_7",3
"16607","virus_comp_18293_cycle_1_2",3
"16608","virus_comp_1830_cycle_1_2",3
"16609","virus_comp_18304_cycle_1_1",3
"16610","virus_comp_18305_cycle_1_1",3
"16611","virus_comp_18309_cycle_1_2",3
"16612","virus_comp_18309_cycle_1_5",3
"16613","virus_comp_18326_cycle_1_4",3
"16614","virus_comp_18338_cycle_1_2",3
"16615","virus_comp_18339_cycle_1_4",3
"16616","virus_comp_18339_cycle_1_9",3
"16617","virus_comp_18353_cycle_1_10",3
"16618","virus_comp_18353_cycle_1_2",3
"16619","virus_comp_18353_cycle_1_7",3
"16620","virus_comp_18354_cycle_1_1",3
"16621","virus_comp_18356_cycle_1_1",3
"16622","virus_comp_18356_cycle_1_5",3
"16623","virus_comp_18364_cycle_1_6",3
"16624","virus_comp_1838_cycle_1_1",3
"16625","virus_comp_1838_cycle_1_3",3
"16626","virus_comp_18383_cycle_1_5",3
"16627","virus_comp_18383_cycle_1_8",3
"16628","virus_comp_18387_cycle_1_1",3
"16629","virus_comp_18405_cycle_1_3",3
"16630","virus_comp_18407_cycle_1_1",3
"16631","virus_comp_18407_cycle_1_2",3
"16632","virus_comp_18412_cycle_1_6",3
"16633","virus_comp_18422_cycle_1_3",3
"16634","virus_comp_18434_cycle_1_2",3
"16635","virus_comp_18437_cycle_1_1",3
"16636","virus_comp_18437_cycle_1_4",3
"16637","virus_comp_18438_cycle_1_3",3
"16638","virus_comp_18438_cycle_1_4",3
"16639","virus_comp_18449_cycle_1_1",3
"16640","virus_comp_1845_cycle_1_2",3
"16641","virus_comp_18455_cycle_1_2",3
"16642","virus_comp_18455_cycle_1_4",3
"16643","virus_comp_18480_cycle_1_5",3
"16644","virus_comp_18480_cycle_1_6",3
"16645","virus_comp_18480_cycle_1_7",3
"16646","virus_comp_18487_cycle_1_2",3
"16647","virus_comp_18487_cycle_1_4",3
"16648","virus_comp_18493_cycle_1_1",3
"16649","virus_comp_18495_cycle_1_2",3
"16650","virus_comp_1853_cycle_1_4",3
"16651","virus_comp_18538_cycle_1_2",3
"16652","virus_comp_18550_cycle_1_1",3
"16653","virus_comp_1858_cycle_1_3",3
"16654","virus_comp_1858_cycle_1_4",3
"16655","virus_comp_1858_cycle_1_5",3
"16656","virus_comp_1858_cycle_1_6",3
"16657","virus_comp_1858_cycle_1_7",3
"16658","virus_comp_1858_cycle_1_8",3
"16659","virus_comp_1858_cycle_1_9",3
"16660","virus_comp_1862_cycle_1_15",3
"16661","virus_comp_1862_cycle_1_8",3
"16662","virus_comp_1864_cycle_1_6",3
"16663","virus_comp_1865_cycle_1_10",3
"16664","virus_comp_1865_cycle_1_3",3
"16665","virus_comp_1865_cycle_1_6",3
"16666","virus_comp_1889_cycle_1_5",3
"16667","virus_comp_1889_cycle_1_9",3
"16668","virus_comp_1904_cycle_1_5",3
"16669","virus_comp_1907_cycle_1_1",3
"16670","virus_comp_1907_cycle_1_2",3
"16671","virus_comp_1907_cycle_1_3",3
"16672","virus_comp_1907_cycle_1_4",3
"16673","virus_comp_1907_cycle_1_5",3
"16674","virus_comp_1907_cycle_1_6",3
"16675","virus_comp_1907_cycle_1_7",3
"16676","virus_comp_1907_cycle_1_8",3
"16677","virus_comp_1908_cycle_1_3",3
"16678","virus_comp_1916_cycle_1_3",3
"16679","virus_comp_1916_cycle_1_5",3
"16680","virus_comp_192_cycle_1_2",3
"16681","virus_comp_1924_cycle_1_10",3
"16682","virus_comp_1925_cycle_1_3",3
"16683","virus_comp_1925_cycle_1_5",3
"16684","virus_comp_1927_cycle_1_1",3
"16685","virus_comp_1927_cycle_1_2",3
"16686","virus_comp_1927_cycle_1_5",3
"16687","virus_comp_1929_cycle_1_5",3
"16688","virus_comp_1931_cycle_1_1",3
"16689","virus_comp_1932_cycle_1_2",3
"16690","virus_comp_1937_cycle_1_8",3
"16691","virus_comp_1940_cycle_1_2",3
"16692","virus_comp_1940_cycle_1_5",3
"16693","virus_comp_1945_cycle_1_2",3
"16694","virus_comp_1945_cycle_1_7",3
"16695","virus_comp_1945_cycle_1_8",3
"16696","virus_comp_1947_cycle_1_3",3
"16697","virus_comp_1947_cycle_1_5",3
"16698","virus_comp_1947_cycle_1_7",3
"16699","virus_comp_195_cycle_1_106",3
"16700","virus_comp_195_cycle_1_109",3
"16701","virus_comp_195_cycle_1_111",3
"16702","virus_comp_195_cycle_1_121",3
"16703","virus_comp_195_cycle_1_133",3
"16704","virus_comp_195_cycle_1_138",3
"16705","virus_comp_195_cycle_1_139",3
"16706","virus_comp_195_cycle_1_143",3
"16707","virus_comp_195_cycle_1_148",3
"16708","virus_comp_195_cycle_1_149",3
"16709","virus_comp_195_cycle_1_158",3
"16710","virus_comp_195_cycle_1_159",3
"16711","virus_comp_195_cycle_1_17",3
"16712","virus_comp_195_cycle_1_25",3
"16713","virus_comp_195_cycle_1_33",3
"16714","virus_comp_195_cycle_1_38",3
"16715","virus_comp_195_cycle_1_43",3
"16716","virus_comp_195_cycle_1_44",3
"16717","virus_comp_195_cycle_1_45",3
"16718","virus_comp_195_cycle_1_63",3
"16719","virus_comp_195_cycle_1_73",3
"16720","virus_comp_195_cycle_1_74",3
"16721","virus_comp_195_cycle_1_75",3
"16722","virus_comp_195_cycle_1_76",3
"16723","virus_comp_195_cycle_1_78",3
"16724","virus_comp_195_cycle_1_99",3
"16725","virus_comp_1950_cycle_1_8",3
"16726","virus_comp_1951_cycle_1_3",3
"16727","virus_comp_1951_cycle_1_9",3
"16728","virus_comp_1952_cycle_1_2",3
"16729","virus_comp_1952_cycle_1_3",3
"16730","virus_comp_1952_cycle_1_4",3
"16731","virus_comp_1952_cycle_1_6",3
"16732","virus_comp_1952_cycle_1_7",3
"16733","virus_comp_1953_cycle_1_12",3
"16734","virus_comp_1953_cycle_1_15",3
"16735","virus_comp_1955_cycle_1_11",3
"16736","virus_comp_1955_cycle_1_12",3
"16737","virus_comp_1955_cycle_1_13",3
"16738","virus_comp_1955_cycle_1_14",3
"16739","virus_comp_1955_cycle_1_5",3
"16740","virus_comp_1955_cycle_1_8",3
"16741","virus_comp_1959_cycle_1_10",3
"16742","virus_comp_1960_cycle_1_11",3
"16743","virus_comp_1960_cycle_1_13",3
"16744","virus_comp_1960_cycle_1_3",3
"16745","virus_comp_1960_cycle_1_5",3
"16746","virus_comp_1960_cycle_1_6",3
"16747","virus_comp_1960_cycle_1_7",3
"16748","virus_comp_1960_cycle_1_8",3
"16749","virus_comp_1960_cycle_1_9",3
"16750","virus_comp_1961_cycle_1_5",3
"16751","virus_comp_1961_cycle_1_9",3
"16752","virus_comp_1963_cycle_1_5",3
"16753","virus_comp_1963_cycle_1_6",3
"16754","virus_comp_1963_cycle_1_7",3
"16755","virus_comp_1966_cycle_1_1",3
"16756","virus_comp_1966_cycle_1_10",3
"16757","virus_comp_1966_cycle_1_2",3
"16758","virus_comp_1966_cycle_1_4",3
"16759","virus_comp_1967_cycle_1_6",3
"16760","virus_comp_197_cycle_1_107",3
"16761","virus_comp_197_cycle_1_112",3
"16762","virus_comp_197_cycle_1_122",3
"16763","virus_comp_197_cycle_1_22",3
"16764","virus_comp_197_cycle_1_28",3
"16765","virus_comp_197_cycle_1_29",3
"16766","virus_comp_197_cycle_1_38",3
"16767","virus_comp_197_cycle_1_42",3
"16768","virus_comp_197_cycle_1_43",3
"16769","virus_comp_197_cycle_1_77",3
"16770","virus_comp_1971_cycle_1_2",3
"16771","virus_comp_1971_cycle_1_4",3
"16772","virus_comp_1971_cycle_1_5",3
"16773","virus_comp_1972_cycle_1_10",3
"16774","virus_comp_1974_cycle_1_4",3
"16775","virus_comp_198_cycle_1_3",3
"16776","virus_comp_198_cycle_1_4",3
"16777","virus_comp_198_cycle_1_5",3
"16778","virus_comp_198_cycle_1_8",3
"16779","virus_comp_198_cycle_1_9",3
"16780","virus_comp_1981_cycle_1_2",3
"16781","virus_comp_1987_cycle_1_4",3
"16782","virus_comp_1988_cycle_1_6",3
"16783","virus_comp_199_cycle_1_4",3
"16784","virus_comp_200_cycle_1_1",3
"16785","virus_comp_200_cycle_1_2",3
"16786","virus_comp_2000_cycle_1_2",3
"16787","virus_comp_2000_cycle_1_6",3
"16788","virus_comp_2000_cycle_1_7",3
"16789","virus_comp_2000_cycle_1_8",3
"16790","virus_comp_2001_cycle_1_4",3
"16791","virus_comp_2004_cycle_1_10",3
"16792","virus_comp_2004_cycle_1_8",3
"16793","virus_comp_2004_cycle_1_9",3
"16794","virus_comp_2005_cycle_1_3",3
"16795","virus_comp_2005_cycle_1_4",3
"16796","virus_comp_2005_cycle_1_5",3
"16797","virus_comp_2005_cycle_1_6",3
"16798","virus_comp_2005_cycle_1_7",3
"16799","virus_comp_2005_cycle_1_8",3
"16800","virus_comp_2005_cycle_1_9",3
"16801","virus_comp_2007_cycle_1_2",3
"16802","virus_comp_2008_cycle_1_12",3
"16803","virus_comp_2008_cycle_1_2",3
"16804","virus_comp_2008_cycle_1_3",3
"16805","virus_comp_2011_cycle_1_5",3
"16806","virus_comp_2011_cycle_1_7",3
"16807","virus_comp_2011_cycle_1_9",3
"16808","virus_comp_2012_cycle_1_2",3
"16809","virus_comp_2012_cycle_1_4",3
"16810","virus_comp_2012_cycle_1_5",3
"16811","virus_comp_2012_cycle_1_7",3
"16812","virus_comp_2012_cycle_1_8",3
"16813","virus_comp_2017_cycle_1_1",3
"16814","virus_comp_2024_cycle_1_2",3
"16815","virus_comp_2024_cycle_1_7",3
"16816","virus_comp_2025_cycle_1_2",3
"16817","virus_comp_2025_cycle_1_4",3
"16818","virus_comp_2025_cycle_1_6",3
"16819","virus_comp_2025_cycle_1_7",3
"16820","virus_comp_2028_cycle_1_2",3
"16821","virus_comp_2028_cycle_1_3",3
"16822","virus_comp_2028_cycle_1_4",3
"16823","virus_comp_2030_cycle_1_13",3
"16824","virus_comp_2030_cycle_1_3",3
"16825","virus_comp_2030_cycle_1_4",3
"16826","virus_comp_2030_cycle_1_5",3
"16827","virus_comp_2030_cycle_1_6",3
"16828","virus_comp_2030_cycle_1_7",3
"16829","virus_comp_2032_cycle_1_3",3
"16830","virus_comp_2033_cycle_1_3",3
"16831","virus_comp_2033_cycle_1_7",3
"16832","virus_comp_2037_cycle_1_2",3
"16833","virus_comp_2037_cycle_1_4",3
"16834","virus_comp_2037_cycle_1_5",3
"16835","virus_comp_2042_cycle_1_4",3
"16836","virus_comp_2044_cycle_1_3",3
"16837","virus_comp_2044_cycle_1_6",3
"16838","virus_comp_2050_cycle_1_6",3
"16839","virus_comp_2052_cycle_1_10",3
"16840","virus_comp_2052_cycle_1_2",3
"16841","virus_comp_2055_cycle_1_1",3
"16842","virus_comp_2055_cycle_1_2",3
"16843","virus_comp_2055_cycle_1_3",3
"16844","virus_comp_2055_cycle_1_4",3
"16845","virus_comp_2055_cycle_1_5",3
"16846","virus_comp_2055_cycle_1_6",3
"16847","virus_comp_2055_cycle_1_7",3
"16848","virus_comp_2055_cycle_1_8",3
"16849","virus_comp_2055_cycle_1_9",3
"16850","virus_comp_2057_cycle_1_11",3
"16851","virus_comp_2057_cycle_1_2",3
"16852","virus_comp_2057_cycle_1_3",3
"16853","virus_comp_2057_cycle_1_4",3
"16854","virus_comp_2057_cycle_1_6",3
"16855","virus_comp_2057_cycle_1_7",3
"16856","virus_comp_206_cycle_1_11",3
"16857","virus_comp_206_cycle_1_15",3
"16858","virus_comp_206_cycle_1_16",3
"16859","virus_comp_206_cycle_1_17",3
"16860","virus_comp_206_cycle_1_21",3
"16861","virus_comp_206_cycle_1_23",3
"16862","virus_comp_206_cycle_1_25",3
"16863","virus_comp_206_cycle_1_26",3
"16864","virus_comp_206_cycle_1_28",3
"16865","virus_comp_206_cycle_1_29",3
"16866","virus_comp_206_cycle_1_30",3
"16867","virus_comp_206_cycle_1_32",3
"16868","virus_comp_206_cycle_1_33",3
"16869","virus_comp_206_cycle_1_34",3
"16870","virus_comp_206_cycle_1_37",3
"16871","virus_comp_206_cycle_1_38",3
"16872","virus_comp_206_cycle_1_41",3
"16873","virus_comp_206_cycle_1_42",3
"16874","virus_comp_206_cycle_1_43",3
"16875","virus_comp_206_cycle_1_44",3
"16876","virus_comp_206_cycle_1_45",3
"16877","virus_comp_206_cycle_1_48",3
"16878","virus_comp_206_cycle_1_49",3
"16879","virus_comp_206_cycle_1_5",3
"16880","virus_comp_206_cycle_1_55",3
"16881","virus_comp_206_cycle_1_59",3
"16882","virus_comp_206_cycle_1_6",3
"16883","virus_comp_206_cycle_1_66",3
"16884","virus_comp_206_cycle_1_67",3
"16885","virus_comp_206_cycle_1_7",3
"16886","virus_comp_206_cycle_1_8",3
"16887","virus_comp_2066_cycle_1_2",3
"16888","virus_comp_2066_cycle_1_7",3
"16889","virus_comp_2068_cycle_1_12",3
"16890","virus_comp_2071_cycle_1_8",3
"16891","virus_comp_2071_cycle_1_9",3
"16892","virus_comp_2072_cycle_1_10",3
"16893","virus_comp_2072_cycle_1_6",3
"16894","virus_comp_2075_cycle_1_1",3
"16895","virus_comp_2075_cycle_1_3",3
"16896","virus_comp_2075_cycle_1_6",3
"16897","virus_comp_2077_cycle_1_4",3
"16898","virus_comp_2080_cycle_1_10",3
"16899","virus_comp_2080_cycle_1_2",3
"16900","virus_comp_2080_cycle_1_3",3
"16901","virus_comp_2080_cycle_1_4",3
"16902","virus_comp_2082_cycle_1_4",3
"16903","virus_comp_2082_cycle_1_8",3
"16904","virus_comp_2089_cycle_1_1",3
"16905","virus_comp_2091_cycle_1_4",3
"16906","virus_comp_2092_cycle_1_12",3
"16907","virus_comp_2093_cycle_1_5",3
"16908","virus_comp_2094_cycle_1_14",3
"16909","virus_comp_2102_cycle_1_2",3
"16910","virus_comp_2104_cycle_1_10",3
"16911","virus_comp_2104_cycle_1_11",3
"16912","virus_comp_2104_cycle_1_2",3
"16913","virus_comp_2104_cycle_1_4",3
"16914","virus_comp_2104_cycle_1_6",3
"16915","virus_comp_2106_cycle_1_6",3
"16916","virus_comp_2110_cycle_1_2",3
"16917","virus_comp_2110_cycle_1_4",3
"16918","virus_comp_2112_cycle_1_1",3
"16919","virus_comp_2112_cycle_1_6",3
"16920","virus_comp_2117_cycle_1_11",3
"16921","virus_comp_2117_cycle_1_9",3
"16922","virus_comp_2118_cycle_1_8",3
"16923","virus_comp_2119_cycle_1_12",3
"16924","virus_comp_2119_cycle_1_13",3
"16925","virus_comp_2119_cycle_1_14",3
"16926","virus_comp_2122_cycle_1_7",3
"16927","virus_comp_2130_cycle_1_1",3
"16928","virus_comp_2132_cycle_1_4",3
"16929","virus_comp_2132_cycle_1_5",3
"16930","virus_comp_2133_cycle_1_12",3
"16931","virus_comp_2133_cycle_1_3",3
"16932","virus_comp_2134_cycle_1_1",3
"16933","virus_comp_2134_cycle_1_3",3
"16934","virus_comp_2134_cycle_1_8",3
"16935","virus_comp_2139_cycle_1_2",3
"16936","virus_comp_2139_cycle_1_4",3
"16937","virus_comp_2141_cycle_1_10",3
"16938","virus_comp_2141_cycle_1_12",3
"16939","virus_comp_2141_cycle_1_14",3
"16940","virus_comp_2141_cycle_1_8",3
"16941","virus_comp_2142_cycle_1_1",3
"16942","virus_comp_2142_cycle_1_2",3
"16943","virus_comp_2142_cycle_1_8",3
"16944","virus_comp_2146_cycle_1_1",3
"16945","virus_comp_2147_cycle_1_11",3
"16946","virus_comp_2152_cycle_1_2",3
"16947","virus_comp_2155_cycle_1_4",3
"16948","virus_comp_2155_cycle_1_5",3
"16949","virus_comp_2155_cycle_1_6",3
"16950","virus_comp_2156_cycle_1_3",3
"16951","virus_comp_2158_cycle_1_2",3
"16952","virus_comp_2158_cycle_1_3",3
"16953","virus_comp_2158_cycle_1_4",3
"16954","virus_comp_2163_cycle_1_15",3
"16955","virus_comp_2163_cycle_1_3",3
"16956","virus_comp_2163_cycle_1_9",3
"16957","virus_comp_2169_cycle_1_1",3
"16958","virus_comp_2169_cycle_1_7",3
"16959","virus_comp_2170_cycle_1_6",3
"16960","virus_comp_2176_cycle_1_1",3
"16961","virus_comp_2176_cycle_1_5",3
"16962","virus_comp_2176_cycle_1_8",3
"16963","virus_comp_2179_cycle_1_2",3
"16964","virus_comp_2183_cycle_1_4",3
"16965","virus_comp_2183_cycle_1_5",3
"16966","virus_comp_2189_cycle_1_3",3
"16967","virus_comp_2193_cycle_1_1",3
"16968","virus_comp_2193_cycle_1_11",3
"16969","virus_comp_2193_cycle_1_4",3
"16970","virus_comp_2193_cycle_1_5",3
"16971","virus_comp_2194_cycle_1_3",3
"16972","virus_comp_2194_cycle_1_4",3
"16973","virus_comp_2194_cycle_1_5",3
"16974","virus_comp_2194_cycle_1_6",3
"16975","virus_comp_2197_cycle_1_7",3
"16976","virus_comp_2215_cycle_1_10",3
"16977","virus_comp_2215_cycle_1_7",3
"16978","virus_comp_2215_cycle_1_9",3
"16979","virus_comp_222_cycle_1_1",3
"16980","virus_comp_222_cycle_1_2",3
"16981","virus_comp_2222_cycle_1_1",3
"16982","virus_comp_2222_cycle_1_3",3
"16983","virus_comp_2222_cycle_1_8",3
"16984","virus_comp_2222_cycle_1_9",3
"16985","virus_comp_2223_cycle_1_1",3
"16986","virus_comp_2224_cycle_1_6",3
"16987","virus_comp_2225_cycle_1_7",3
"16988","virus_comp_2226_cycle_1_1",3
"16989","virus_comp_2226_cycle_1_2",3
"16990","virus_comp_2226_cycle_1_3",3
"16991","virus_comp_2226_cycle_1_5",3
"16992","virus_comp_2229_cycle_1_4",3
"16993","virus_comp_223_cycle_1_1",3
"16994","virus_comp_223_cycle_1_3",3
"16995","virus_comp_2232_cycle_1_15",3
"16996","virus_comp_2234_cycle_1_1",3
"16997","virus_comp_2234_cycle_1_2",3
"16998","virus_comp_2234_cycle_1_3",3
"16999","virus_comp_2234_cycle_1_4",3
"17000","virus_comp_2234_cycle_1_5",3
"17001","virus_comp_2234_cycle_1_6",3
"17002","virus_comp_2234_cycle_1_7",3
"17003","virus_comp_2234_cycle_1_8",3
"17004","virus_comp_2235_cycle_1_10",3
"17005","virus_comp_2235_cycle_1_14",3
"17006","virus_comp_2235_cycle_1_2",3
"17007","virus_comp_2235_cycle_1_3",3
"17008","virus_comp_2235_cycle_1_4",3
"17009","virus_comp_2242_cycle_1_10",3
"17010","virus_comp_2242_cycle_1_9",3
"17011","virus_comp_2244_cycle_1_2",3
"17012","virus_comp_2244_cycle_1_4",3
"17013","virus_comp_2244_cycle_1_5",3
"17014","virus_comp_2244_cycle_1_6",3
"17015","virus_comp_2245_cycle_1_5",3
"17016","virus_comp_2246_cycle_1_1",3
"17017","virus_comp_2246_cycle_1_10",3
"17018","virus_comp_2246_cycle_1_11",3
"17019","virus_comp_2246_cycle_1_12",3
"17020","virus_comp_2246_cycle_1_14",3
"17021","virus_comp_2247_cycle_1_6",3
"17022","virus_comp_2247_cycle_1_7",3
"17023","virus_comp_2247_cycle_1_8",3
"17024","virus_comp_2248_cycle_1_7",3
"17025","virus_comp_2251_cycle_1_1",3
"17026","virus_comp_2251_cycle_1_2",3
"17027","virus_comp_2253_cycle_1_10",3
"17028","virus_comp_2253_cycle_1_9",3
"17029","virus_comp_2254_cycle_1_4",3
"17030","virus_comp_2256_cycle_1_2",3
"17031","virus_comp_2256_cycle_1_3",3
"17032","virus_comp_2256_cycle_1_6",3
"17033","virus_comp_2257_cycle_1_5",3
"17034","virus_comp_2260_cycle_1_5",3
"17035","virus_comp_2260_cycle_1_8",3
"17036","virus_comp_2266_cycle_1_1",3
"17037","virus_comp_2266_cycle_1_4",3
"17038","virus_comp_2266_cycle_1_6",3
"17039","virus_comp_2269_cycle_1_1",3
"17040","virus_comp_2270_cycle_1_1",3
"17041","virus_comp_2270_cycle_1_2",3
"17042","virus_comp_2271_cycle_1_5",3
"17043","virus_comp_2273_cycle_1_3",3
"17044","virus_comp_2277_cycle_1_6",3
"17045","virus_comp_2284_cycle_1_1",3
"17046","virus_comp_2286_cycle_1_4",3
"17047","virus_comp_2286_cycle_1_6",3
"17048","virus_comp_2287_cycle_1_4",3
"17049","virus_comp_2287_cycle_1_5",3
"17050","virus_comp_2287_cycle_1_7",3
"17051","virus_comp_2288_cycle_1_1",3
"17052","virus_comp_2288_cycle_1_2",3
"17053","virus_comp_229_cycle_1_156",3
"17054","virus_comp_229_cycle_1_47",3
"17055","virus_comp_229_cycle_1_57",3
"17056","virus_comp_229_cycle_1_69",3
"17057","virus_comp_2290_cycle_1_1",3
"17058","virus_comp_2290_cycle_1_2",3
"17059","virus_comp_2300_cycle_1_1",3
"17060","virus_comp_2300_cycle_1_10",3
"17061","virus_comp_2300_cycle_1_2",3
"17062","virus_comp_2300_cycle_1_3",3
"17063","virus_comp_2300_cycle_1_4",3
"17064","virus_comp_2300_cycle_1_5",3
"17065","virus_comp_2300_cycle_1_6",3
"17066","virus_comp_2300_cycle_1_7",3
"17067","virus_comp_2300_cycle_1_8",3
"17068","virus_comp_2300_cycle_1_9",3
"17069","virus_comp_2302_cycle_1_1",3
"17070","virus_comp_2302_cycle_1_10",3
"17071","virus_comp_2302_cycle_1_2",3
"17072","virus_comp_2302_cycle_1_3",3
"17073","virus_comp_2302_cycle_1_4",3
"17074","virus_comp_2302_cycle_1_5",3
"17075","virus_comp_2302_cycle_1_6",3
"17076","virus_comp_2302_cycle_1_7",3
"17077","virus_comp_2302_cycle_1_8",3
"17078","virus_comp_2304_cycle_1_4",3
"17079","virus_comp_2305_cycle_1_4",3
"17080","virus_comp_2305_cycle_1_8",3
"17081","virus_comp_2307_cycle_1_4",3
"17082","virus_comp_231_cycle_1_3",3
"17083","virus_comp_2315_cycle_1_2",3
"17084","virus_comp_2315_cycle_1_6",3
"17085","virus_comp_2319_cycle_1_3",3
"17086","virus_comp_2319_cycle_1_5",3
"17087","virus_comp_2319_cycle_1_9",3
"17088","virus_comp_2320_cycle_1_2",3
"17089","virus_comp_2322_cycle_1_8",3
"17090","virus_comp_2323_cycle_1_12",3
"17091","virus_comp_2324_cycle_1_6",3
"17092","virus_comp_2327_cycle_1_3",3
"17093","virus_comp_2327_cycle_1_4",3
"17094","virus_comp_2327_cycle_1_5",3
"17095","virus_comp_2327_cycle_1_6",3
"17096","virus_comp_2332_cycle_1_11",3
"17097","virus_comp_2344_cycle_1_5",3
"17098","virus_comp_2344_cycle_1_7",3
"17099","virus_comp_2345_cycle_1_1",3
"17100","virus_comp_2345_cycle_1_4",3
"17101","virus_comp_2345_cycle_1_8",3
"17102","virus_comp_2345_cycle_1_9",3
"17103","virus_comp_2346_cycle_1_5",3
"17104","virus_comp_2346_cycle_1_6",3
"17105","virus_comp_2349_cycle_1_6",3
"17106","virus_comp_2351_cycle_1_2",3
"17107","virus_comp_2351_cycle_1_3",3
"17108","virus_comp_2351_cycle_1_7",3
"17109","virus_comp_2351_cycle_1_8",3
"17110","virus_comp_2353_cycle_1_1",3
"17111","virus_comp_2354_cycle_1_6",3
"17112","virus_comp_2355_cycle_1_9",3
"17113","virus_comp_2356_cycle_1_1",3
"17114","virus_comp_2356_cycle_1_2",3
"17115","virus_comp_2356_cycle_1_3",3
"17116","virus_comp_2356_cycle_1_4",3
"17117","virus_comp_2356_cycle_1_5",3
"17118","virus_comp_2356_cycle_1_6",3
"17119","virus_comp_2357_cycle_1_2",3
"17120","virus_comp_2357_cycle_1_4",3
"17121","virus_comp_2357_cycle_1_5",3
"17122","virus_comp_2357_cycle_1_6",3
"17123","virus_comp_2358_cycle_1_1",3
"17124","virus_comp_2358_cycle_1_10",3
"17125","virus_comp_2358_cycle_1_2",3
"17126","virus_comp_2358_cycle_1_5",3
"17127","virus_comp_2358_cycle_1_6",3
"17128","virus_comp_2358_cycle_1_9",3
"17129","virus_comp_2361_cycle_1_2",3
"17130","virus_comp_2361_cycle_1_3",3
"17131","virus_comp_2361_cycle_1_4",3
"17132","virus_comp_2361_cycle_1_5",3
"17133","virus_comp_2361_cycle_1_6",3
"17134","virus_comp_2361_cycle_1_7",3
"17135","virus_comp_2361_cycle_1_8",3
"17136","virus_comp_2361_cycle_1_9",3
"17137","virus_comp_2362_cycle_1_10",3
"17138","virus_comp_2362_cycle_1_11",3
"17139","virus_comp_2362_cycle_1_4",3
"17140","virus_comp_2366_cycle_1_10",3
"17141","virus_comp_2366_cycle_1_3",3
"17142","virus_comp_2366_cycle_1_5",3
"17143","virus_comp_2368_cycle_1_1",3
"17144","virus_comp_2370_cycle_1_10",3
"17145","virus_comp_2370_cycle_1_3",3
"17146","virus_comp_2370_cycle_1_6",3
"17147","virus_comp_2373_cycle_1_1",3
"17148","virus_comp_2373_cycle_1_6",3
"17149","virus_comp_2376_cycle_1_3",3
"17150","virus_comp_2378_cycle_1_11",3
"17151","virus_comp_2378_cycle_1_5",3
"17152","virus_comp_2378_cycle_1_8",3
"17153","virus_comp_238_cycle_1_1",3
"17154","virus_comp_238_cycle_1_102",3
"17155","virus_comp_238_cycle_1_103",3
"17156","virus_comp_238_cycle_1_105",3
"17157","virus_comp_238_cycle_1_107",3
"17158","virus_comp_238_cycle_1_109",3
"17159","virus_comp_238_cycle_1_11",3
"17160","virus_comp_238_cycle_1_115",3
"17161","virus_comp_238_cycle_1_117",3
"17162","virus_comp_238_cycle_1_118",3
"17163","virus_comp_238_cycle_1_12",3
"17164","virus_comp_238_cycle_1_123",3
"17165","virus_comp_238_cycle_1_124",3
"17166","virus_comp_238_cycle_1_128",3
"17167","virus_comp_238_cycle_1_129",3
"17168","virus_comp_238_cycle_1_13",3
"17169","virus_comp_238_cycle_1_130",3
"17170","virus_comp_238_cycle_1_135",3
"17171","virus_comp_238_cycle_1_137",3
"17172","virus_comp_238_cycle_1_138",3
"17173","virus_comp_238_cycle_1_139",3
"17174","virus_comp_238_cycle_1_140",3
"17175","virus_comp_238_cycle_1_144",3
"17176","virus_comp_238_cycle_1_15",3
"17177","virus_comp_238_cycle_1_150",3
"17178","virus_comp_238_cycle_1_153",3
"17179","virus_comp_238_cycle_1_161",3
"17180","virus_comp_238_cycle_1_19",3
"17181","virus_comp_238_cycle_1_26",3
"17182","virus_comp_238_cycle_1_3",3
"17183","virus_comp_238_cycle_1_30",3
"17184","virus_comp_238_cycle_1_37",3
"17185","virus_comp_238_cycle_1_4",3
"17186","virus_comp_238_cycle_1_40",3
"17187","virus_comp_238_cycle_1_46",3
"17188","virus_comp_238_cycle_1_47",3
"17189","virus_comp_238_cycle_1_48",3
"17190","virus_comp_238_cycle_1_49",3
"17191","virus_comp_238_cycle_1_5",3
"17192","virus_comp_238_cycle_1_56",3
"17193","virus_comp_238_cycle_1_58",3
"17194","virus_comp_238_cycle_1_6",3
"17195","virus_comp_238_cycle_1_61",3
"17196","virus_comp_238_cycle_1_63",3
"17197","virus_comp_238_cycle_1_64",3
"17198","virus_comp_238_cycle_1_66",3
"17199","virus_comp_238_cycle_1_67",3
"17200","virus_comp_238_cycle_1_69",3
"17201","virus_comp_238_cycle_1_71",3
"17202","virus_comp_238_cycle_1_74",3
"17203","virus_comp_238_cycle_1_77",3
"17204","virus_comp_238_cycle_1_80",3
"17205","virus_comp_238_cycle_1_81",3
"17206","virus_comp_238_cycle_1_85",3
"17207","virus_comp_238_cycle_1_86",3
"17208","virus_comp_238_cycle_1_87",3
"17209","virus_comp_238_cycle_1_91",3
"17210","virus_comp_238_cycle_1_92",3
"17211","virus_comp_2380_cycle_1_2",3
"17212","virus_comp_2380_cycle_1_3",3
"17213","virus_comp_2380_cycle_1_4",3
"17214","virus_comp_2380_cycle_1_5",3
"17215","virus_comp_2380_cycle_1_6",3
"17216","virus_comp_2380_cycle_1_7",3
"17217","virus_comp_2380_cycle_1_8",3
"17218","virus_comp_2380_cycle_1_9",3
"17219","virus_comp_2384_cycle_1_4",3
"17220","virus_comp_2386_cycle_1_12",3
"17221","virus_comp_2386_cycle_1_2",3
"17222","virus_comp_2389_cycle_1_2",3
"17223","virus_comp_2389_cycle_1_7",3
"17224","virus_comp_2390_cycle_1_7",3
"17225","virus_comp_2390_cycle_1_8",3
"17226","virus_comp_2396_cycle_1_1",3
"17227","virus_comp_2399_cycle_1_5",3
"17228","virus_comp_2399_cycle_1_6",3
"17229","virus_comp_2400_cycle_1_2",3
"17230","virus_comp_2402_cycle_1_3",3
"17231","virus_comp_2408_cycle_1_1",3
"17232","virus_comp_2408_cycle_1_5",3
"17233","virus_comp_2408_cycle_1_6",3
"17234","virus_comp_2410_cycle_1_1",3
"17235","virus_comp_2411_cycle_1_10",3
"17236","virus_comp_2411_cycle_1_2",3
"17237","virus_comp_2411_cycle_1_4",3
"17238","virus_comp_2411_cycle_1_9",3
"17239","virus_comp_2413_cycle_1_6",3
"17240","virus_comp_2413_cycle_1_7",3
"17241","virus_comp_2413_cycle_1_8",3
"17242","virus_comp_2413_cycle_1_9",3
"17243","virus_comp_2418_cycle_1_1",3
"17244","virus_comp_2418_cycle_1_2",3
"17245","virus_comp_2422_cycle_1_1",3
"17246","virus_comp_2422_cycle_1_4",3
"17247","virus_comp_2422_cycle_1_6",3
"17248","virus_comp_2426_cycle_1_2",3
"17249","virus_comp_2426_cycle_1_3",3
"17250","virus_comp_2427_cycle_1_6",3
"17251","virus_comp_2427_cycle_1_9",3
"17252","virus_comp_2435_cycle_1_6",3
"17253","virus_comp_2437_cycle_1_2",3
"17254","virus_comp_2437_cycle_1_3",3
"17255","virus_comp_2437_cycle_1_5",3
"17256","virus_comp_2437_cycle_1_8",3
"17257","virus_comp_2440_cycle_1_1",3
"17258","virus_comp_2440_cycle_1_2",3
"17259","virus_comp_2440_cycle_1_5",3
"17260","virus_comp_2440_cycle_1_6",3
"17261","virus_comp_2441_cycle_1_2",3
"17262","virus_comp_2441_cycle_1_4",3
"17263","virus_comp_2442_cycle_1_2",3
"17264","virus_comp_2442_cycle_1_4",3
"17265","virus_comp_2443_cycle_1_3",3
"17266","virus_comp_2445_cycle_1_4",3
"17267","virus_comp_2446_cycle_1_1",3
"17268","virus_comp_2446_cycle_1_10",3
"17269","virus_comp_2446_cycle_1_2",3
"17270","virus_comp_2446_cycle_1_3",3
"17271","virus_comp_2446_cycle_1_4",3
"17272","virus_comp_2446_cycle_1_5",3
"17273","virus_comp_2446_cycle_1_6",3
"17274","virus_comp_2446_cycle_1_7",3
"17275","virus_comp_2446_cycle_1_8",3
"17276","virus_comp_2446_cycle_1_9",3
"17277","virus_comp_245_cycle_1_2",3
"17278","virus_comp_245_cycle_1_24",3
"17279","virus_comp_245_cycle_1_4",3
"17280","virus_comp_245_cycle_1_40",3
"17281","virus_comp_245_cycle_1_63",3
"17282","virus_comp_245_cycle_1_77",3
"17283","virus_comp_245_cycle_1_78",3
"17284","virus_comp_245_cycle_1_81",3
"17285","virus_comp_2452_cycle_1_1",3
"17286","virus_comp_2453_cycle_1_6",3
"17287","virus_comp_2460_cycle_1_5",3
"17288","virus_comp_2460_cycle_1_6",3
"17289","virus_comp_2460_cycle_1_7",3
"17290","virus_comp_2460_cycle_1_9",3
"17291","virus_comp_2461_cycle_1_2",3
"17292","virus_comp_2461_cycle_1_7",3
"17293","virus_comp_2463_cycle_1_2",3
"17294","virus_comp_2463_cycle_1_3",3
"17295","virus_comp_2463_cycle_1_8",3
"17296","virus_comp_2464_cycle_1_13",3
"17297","virus_comp_2464_cycle_1_6",3
"17298","virus_comp_2465_cycle_1_1",3
"17299","virus_comp_2466_cycle_1_2",3
"17300","virus_comp_2467_cycle_1_1",3
"17301","virus_comp_2467_cycle_1_3",3
"17302","virus_comp_2469_cycle_1_1",3
"17303","virus_comp_2469_cycle_1_2",3
"17304","virus_comp_2469_cycle_1_3",3
"17305","virus_comp_2469_cycle_1_5",3
"17306","virus_comp_247_cycle_1_3",3
"17307","virus_comp_247_cycle_1_6",3
"17308","virus_comp_2472_cycle_1_10",3
"17309","virus_comp_2472_cycle_1_3",3
"17310","virus_comp_2472_cycle_1_4",3
"17311","virus_comp_2472_cycle_1_5",3
"17312","virus_comp_2473_cycle_1_10",3
"17313","virus_comp_2473_cycle_1_13",3
"17314","virus_comp_2473_cycle_1_9",3
"17315","virus_comp_2478_cycle_1_4",3
"17316","virus_comp_2478_cycle_1_5",3
"17317","virus_comp_2478_cycle_1_7",3
"17318","virus_comp_2488_cycle_1_4",3
"17319","virus_comp_2488_cycle_1_9",3
"17320","virus_comp_2491_cycle_1_3",3
"17321","virus_comp_2491_cycle_1_4",3
"17322","virus_comp_2496_cycle_1_2",3
"17323","virus_comp_2496_cycle_1_3",3
"17324","virus_comp_2496_cycle_1_8",3
"17325","virus_comp_2496_cycle_1_9",3
"17326","virus_comp_2497_cycle_1_1",3
"17327","virus_comp_2497_cycle_1_2",3
"17328","virus_comp_2497_cycle_1_3",3
"17329","virus_comp_2497_cycle_1_5",3
"17330","virus_comp_2497_cycle_1_6",3
"17331","virus_comp_2497_cycle_1_7",3
"17332","virus_comp_2497_cycle_1_8",3
"17333","virus_comp_250_cycle_1_115",3
"17334","virus_comp_250_cycle_1_121",3
"17335","virus_comp_250_cycle_1_132",3
"17336","virus_comp_250_cycle_1_185",3
"17337","virus_comp_250_cycle_1_207",3
"17338","virus_comp_250_cycle_1_224",3
"17339","virus_comp_250_cycle_1_242",3
"17340","virus_comp_250_cycle_1_251",3
"17341","virus_comp_250_cycle_1_78",3
"17342","virus_comp_250_cycle_1_86",3
"17343","virus_comp_250_cycle_1_90",3
"17344","virus_comp_250_cycle_1_91",3
"17345","virus_comp_250_cycle_1_95",3
"17346","virus_comp_2503_cycle_1_8",3
"17347","virus_comp_2506_cycle_1_2",3
"17348","virus_comp_2506_cycle_1_8",3
"17349","virus_comp_2509_cycle_1_3",3
"17350","virus_comp_2509_cycle_1_9",3
"17351","virus_comp_2512_cycle_1_2",3
"17352","virus_comp_2513_cycle_1_10",3
"17353","virus_comp_2518_cycle_1_4",3
"17354","virus_comp_2521_cycle_1_1",3
"17355","virus_comp_2521_cycle_1_2",3
"17356","virus_comp_2521_cycle_1_3",3
"17357","virus_comp_2524_cycle_1_12",3
"17358","virus_comp_2524_cycle_1_7",3
"17359","virus_comp_2525_cycle_1_3",3
"17360","virus_comp_2525_cycle_1_9",3
"17361","virus_comp_2527_cycle_1_1",3
"17362","virus_comp_2527_cycle_1_2",3
"17363","virus_comp_2527_cycle_1_7",3
"17364","virus_comp_2529_cycle_1_6",3
"17365","virus_comp_2530_cycle_1_2",3
"17366","virus_comp_2530_cycle_1_3",3
"17367","virus_comp_2530_cycle_1_4",3
"17368","virus_comp_2530_cycle_1_5",3
"17369","virus_comp_2530_cycle_1_6",3
"17370","virus_comp_2532_cycle_1_1",3
"17371","virus_comp_2535_cycle_1_10",3
"17372","virus_comp_2536_cycle_1_2",3
"17373","virus_comp_2536_cycle_1_4",3
"17374","virus_comp_2536_cycle_1_6",3
"17375","virus_comp_2536_cycle_1_9",3
"17376","virus_comp_2542_cycle_1_1",3
"17377","virus_comp_2542_cycle_1_3",3
"17378","virus_comp_2542_cycle_1_4",3
"17379","virus_comp_2542_cycle_1_5",3
"17380","virus_comp_2542_cycle_1_6",3
"17381","virus_comp_2542_cycle_1_7",3
"17382","virus_comp_2542_cycle_1_8",3
"17383","virus_comp_2542_cycle_1_9",3
"17384","virus_comp_2544_cycle_1_6",3
"17385","virus_comp_2545_cycle_1_5",3
"17386","virus_comp_2547_cycle_1_1",3
"17387","virus_comp_255_cycle_1_1",3
"17388","virus_comp_2550_cycle_1_3",3
"17389","virus_comp_2550_cycle_1_4",3
"17390","virus_comp_2557_cycle_1_1",3
"17391","virus_comp_2557_cycle_1_2",3
"17392","virus_comp_2557_cycle_1_3",3
"17393","virus_comp_2557_cycle_1_4",3
"17394","virus_comp_2557_cycle_1_5",3
"17395","virus_comp_2557_cycle_1_6",3
"17396","virus_comp_2557_cycle_1_7",3
"17397","virus_comp_2557_cycle_1_8",3
"17398","virus_comp_2558_cycle_1_1",3
"17399","virus_comp_2558_cycle_1_2",3
"17400","virus_comp_257_cycle_1_55",3
"17401","virus_comp_2572_cycle_1_1",3
"17402","virus_comp_2575_cycle_1_10",3
"17403","virus_comp_2577_cycle_1_3",3
"17404","virus_comp_2577_cycle_1_4",3
"17405","virus_comp_2577_cycle_1_5",3
"17406","virus_comp_2595_cycle_1_2",3
"17407","virus_comp_2595_cycle_1_5",3
"17408","virus_comp_2596_cycle_1_10",3
"17409","virus_comp_2596_cycle_1_11",3
"17410","virus_comp_2597_cycle_1_1",3
"17411","virus_comp_2597_cycle_1_4",3
"17412","virus_comp_2597_cycle_1_5",3
"17413","virus_comp_2597_cycle_1_7",3
"17414","virus_comp_260_cycle_1_4",3
"17415","virus_comp_2601_cycle_1_6",3
"17416","virus_comp_2603_cycle_1_8",3
"17417","virus_comp_2609_cycle_1_2",3
"17418","virus_comp_2609_cycle_1_6",3
"17419","virus_comp_2609_cycle_1_7",3
"17420","virus_comp_261_cycle_1_6",3
"17421","virus_comp_261_cycle_1_8",3
"17422","virus_comp_2616_cycle_1_6",3
"17423","virus_comp_2616_cycle_1_9",3
"17424","virus_comp_2617_cycle_1_7",3
"17425","virus_comp_262_cycle_1_104",3
"17426","virus_comp_262_cycle_1_105",3
"17427","virus_comp_262_cycle_1_107",3
"17428","virus_comp_262_cycle_1_108",3
"17429","virus_comp_262_cycle_1_109",3
"17430","virus_comp_262_cycle_1_11",3
"17431","virus_comp_262_cycle_1_113",3
"17432","virus_comp_262_cycle_1_14",3
"17433","virus_comp_262_cycle_1_15",3
"17434","virus_comp_262_cycle_1_18",3
"17435","virus_comp_262_cycle_1_2",3
"17436","virus_comp_262_cycle_1_20",3
"17437","virus_comp_262_cycle_1_25",3
"17438","virus_comp_262_cycle_1_3",3
"17439","virus_comp_262_cycle_1_32",3
"17440","virus_comp_262_cycle_1_33",3
"17441","virus_comp_262_cycle_1_37",3
"17442","virus_comp_262_cycle_1_4",3
"17443","virus_comp_262_cycle_1_47",3
"17444","virus_comp_262_cycle_1_6",3
"17445","virus_comp_262_cycle_1_60",3
"17446","virus_comp_262_cycle_1_62",3
"17447","virus_comp_262_cycle_1_69",3
"17448","virus_comp_262_cycle_1_7",3
"17449","virus_comp_262_cycle_1_70",3
"17450","virus_comp_262_cycle_1_71",3
"17451","virus_comp_262_cycle_1_73",3
"17452","virus_comp_262_cycle_1_74",3
"17453","virus_comp_262_cycle_1_77",3
"17454","virus_comp_262_cycle_1_78",3
"17455","virus_comp_262_cycle_1_79",3
"17456","virus_comp_262_cycle_1_8",3
"17457","virus_comp_262_cycle_1_81",3
"17458","virus_comp_262_cycle_1_82",3
"17459","virus_comp_262_cycle_1_83",3
"17460","virus_comp_262_cycle_1_84",3
"17461","virus_comp_262_cycle_1_85",3
"17462","virus_comp_262_cycle_1_89",3
"17463","virus_comp_262_cycle_1_92",3
"17464","virus_comp_262_cycle_1_97",3
"17465","virus_comp_2634_cycle_1_11",3
"17466","virus_comp_2634_cycle_1_14",3
"17467","virus_comp_2634_cycle_1_15",3
"17468","virus_comp_2634_cycle_1_2",3
"17469","virus_comp_2638_cycle_1_11",3
"17470","virus_comp_2638_cycle_1_5",3
"17471","virus_comp_2641_cycle_1_3",3
"17472","virus_comp_2641_cycle_1_7",3
"17473","virus_comp_2644_cycle_1_4",3
"17474","virus_comp_2644_cycle_1_8",3
"17475","virus_comp_2646_cycle_1_2",3
"17476","virus_comp_2646_cycle_1_4",3
"17477","virus_comp_2649_cycle_1_1",3
"17478","virus_comp_2649_cycle_1_6",3
"17479","virus_comp_2649_cycle_1_8",3
"17480","virus_comp_2652_cycle_1_4",3
"17481","virus_comp_266_cycle_1_7",3
"17482","virus_comp_266_cycle_1_9",3
"17483","virus_comp_2661_cycle_1_10",3
"17484","virus_comp_2661_cycle_1_3",3
"17485","virus_comp_2664_cycle_1_1",3
"17486","virus_comp_2669_cycle_1_3",3
"17487","virus_comp_2670_cycle_1_7",3
"17488","virus_comp_2671_cycle_1_1",3
"17489","virus_comp_2679_cycle_1_1",3
"17490","virus_comp_2679_cycle_1_3",3
"17491","virus_comp_2679_cycle_1_6",3
"17492","virus_comp_2679_cycle_1_7",3
"17493","virus_comp_2682_cycle_1_5",3
"17494","virus_comp_2684_cycle_1_4",3
"17495","virus_comp_269_cycle_1_1",3
"17496","virus_comp_269_cycle_1_3",3
"17497","virus_comp_269_cycle_1_5",3
"17498","virus_comp_2696_cycle_1_10",3
"17499","virus_comp_270_cycle_1_1",3
"17500","virus_comp_270_cycle_1_4",3
"17501","virus_comp_270_cycle_1_8",3
"17502","virus_comp_2700_cycle_1_1",3
"17503","virus_comp_2702_cycle_1_2",3
"17504","virus_comp_2702_cycle_1_5",3
"17505","virus_comp_2702_cycle_1_7",3
"17506","virus_comp_2704_cycle_1_5",3
"17507","virus_comp_2705_cycle_1_4",3
"17508","virus_comp_2708_cycle_1_5",3
"17509","virus_comp_2711_cycle_1_5",3
"17510","virus_comp_2711_cycle_1_6",3
"17511","virus_comp_2711_cycle_1_7",3
"17512","virus_comp_2711_cycle_1_8",3
"17513","virus_comp_2714_cycle_1_6",3
"17514","virus_comp_2714_cycle_1_8",3
"17515","virus_comp_2714_cycle_1_9",3
"17516","virus_comp_2718_cycle_1_1",3
"17517","virus_comp_2718_cycle_1_2",3
"17518","virus_comp_2719_cycle_1_2",3
"17519","virus_comp_2720_cycle_1_3",3
"17520","virus_comp_2720_cycle_1_4",3
"17521","virus_comp_2721_cycle_1_5",3
"17522","virus_comp_2721_cycle_1_8",3
"17523","virus_comp_2724_cycle_1_2",3
"17524","virus_comp_2724_cycle_1_3",3
"17525","virus_comp_2725_cycle_1_2",3
"17526","virus_comp_2725_cycle_1_5",3
"17527","virus_comp_2725_cycle_1_7",3
"17528","virus_comp_2727_cycle_1_1",3
"17529","virus_comp_2727_cycle_1_2",3
"17530","virus_comp_2730_cycle_1_1",3
"17531","virus_comp_2730_cycle_1_5",3
"17532","virus_comp_2730_cycle_1_7",3
"17533","virus_comp_2730_cycle_1_8",3
"17534","virus_comp_2731_cycle_1_2",3
"17535","virus_comp_2731_cycle_1_4",3
"17536","virus_comp_2742_cycle_1_15",3
"17537","virus_comp_2742_cycle_1_4",3
"17538","virus_comp_2742_cycle_1_5",3
"17539","virus_comp_2744_cycle_1_9",3
"17540","virus_comp_2757_cycle_1_10",3
"17541","virus_comp_2757_cycle_1_6",3
"17542","virus_comp_2757_cycle_1_9",3
"17543","virus_comp_2765_cycle_1_1",3
"17544","virus_comp_2765_cycle_1_2",3
"17545","virus_comp_2765_cycle_1_4",3
"17546","virus_comp_2765_cycle_1_6",3
"17547","virus_comp_2765_cycle_1_7",3
"17548","virus_comp_2765_cycle_1_9",3
"17549","virus_comp_2767_cycle_1_3",3
"17550","virus_comp_2773_cycle_1_2",3
"17551","virus_comp_2773_cycle_1_4",3
"17552","virus_comp_2773_cycle_1_5",3
"17553","virus_comp_2774_cycle_1_2",3
"17554","virus_comp_2774_cycle_1_6",3
"17555","virus_comp_2774_cycle_1_9",3
"17556","virus_comp_2775_cycle_1_9",3
"17557","virus_comp_2782_cycle_1_3",3
"17558","virus_comp_2787_cycle_1_1",3
"17559","virus_comp_2787_cycle_1_2",3
"17560","virus_comp_2792_cycle_1_3",3
"17561","virus_comp_2793_cycle_1_4",3
"17562","virus_comp_2794_cycle_1_4",3
"17563","virus_comp_280_cycle_1_12",3
"17564","virus_comp_280_cycle_1_17",3
"17565","virus_comp_280_cycle_1_26",3
"17566","virus_comp_2803_cycle_1_5",3
"17567","virus_comp_2803_cycle_1_6",3
"17568","virus_comp_2806_cycle_1_3",3
"17569","virus_comp_2806_cycle_1_4",3
"17570","virus_comp_2806_cycle_1_7",3
"17571","virus_comp_2809_cycle_1_5",3
"17572","virus_comp_2809_cycle_1_6",3
"17573","virus_comp_2812_cycle_1_1",3
"17574","virus_comp_2812_cycle_1_5",3
"17575","virus_comp_2814_cycle_1_11",3
"17576","virus_comp_2814_cycle_1_12",3
"17577","virus_comp_2814_cycle_1_3",3
"17578","virus_comp_2814_cycle_1_7",3
"17579","virus_comp_2816_cycle_1_6",3
"17580","virus_comp_2819_cycle_1_1",3
"17581","virus_comp_2820_cycle_1_7",3
"17582","virus_comp_2824_cycle_1_1",3
"17583","virus_comp_2826_cycle_1_1",3
"17584","virus_comp_2826_cycle_1_2",3
"17585","virus_comp_2826_cycle_1_3",3
"17586","virus_comp_2826_cycle_1_4",3
"17587","virus_comp_2826_cycle_1_5",3
"17588","virus_comp_2826_cycle_1_6",3
"17589","virus_comp_2826_cycle_1_9",3
"17590","virus_comp_2828_cycle_1_1",3
"17591","virus_comp_2828_cycle_1_4",3
"17592","virus_comp_2828_cycle_1_7",3
"17593","virus_comp_2830_cycle_1_10",3
"17594","virus_comp_2830_cycle_1_4",3
"17595","virus_comp_2830_cycle_1_6",3
"17596","virus_comp_2830_cycle_1_9",3
"17597","virus_comp_2833_cycle_1_5",3
"17598","virus_comp_2834_cycle_1_5",3
"17599","virus_comp_2836_cycle_1_10",3
"17600","virus_comp_2836_cycle_1_11",3
"17601","virus_comp_284_cycle_1_43",3
"17602","virus_comp_284_cycle_1_81",3
"17603","virus_comp_2840_cycle_1_7",3
"17604","virus_comp_2844_cycle_1_1",3
"17605","virus_comp_2844_cycle_1_2",3
"17606","virus_comp_2844_cycle_1_5",3
"17607","virus_comp_2844_cycle_1_6",3
"17608","virus_comp_2849_cycle_1_11",3
"17609","virus_comp_2849_cycle_1_5",3
"17610","virus_comp_2849_cycle_1_7",3
"17611","virus_comp_2849_cycle_1_8",3
"17612","virus_comp_2849_cycle_1_9",3
"17613","virus_comp_285_cycle_1_10",3
"17614","virus_comp_285_cycle_1_101",3
"17615","virus_comp_285_cycle_1_102",3
"17616","virus_comp_285_cycle_1_103",3
"17617","virus_comp_285_cycle_1_104",3
"17618","virus_comp_285_cycle_1_105",3
"17619","virus_comp_285_cycle_1_108",3
"17620","virus_comp_285_cycle_1_109",3
"17621","virus_comp_285_cycle_1_11",3
"17622","virus_comp_285_cycle_1_110",3
"17623","virus_comp_285_cycle_1_111",3
"17624","virus_comp_285_cycle_1_112",3
"17625","virus_comp_285_cycle_1_113",3
"17626","virus_comp_285_cycle_1_114",3
"17627","virus_comp_285_cycle_1_116",3
"17628","virus_comp_285_cycle_1_118",3
"17629","virus_comp_285_cycle_1_120",3
"17630","virus_comp_285_cycle_1_123",3
"17631","virus_comp_285_cycle_1_124",3
"17632","virus_comp_285_cycle_1_125",3
"17633","virus_comp_285_cycle_1_129",3
"17634","virus_comp_285_cycle_1_131",3
"17635","virus_comp_285_cycle_1_132",3
"17636","virus_comp_285_cycle_1_16",3
"17637","virus_comp_285_cycle_1_17",3
"17638","virus_comp_285_cycle_1_19",3
"17639","virus_comp_285_cycle_1_2",3
"17640","virus_comp_285_cycle_1_22",3
"17641","virus_comp_285_cycle_1_23",3
"17642","virus_comp_285_cycle_1_24",3
"17643","virus_comp_285_cycle_1_26",3
"17644","virus_comp_285_cycle_1_27",3
"17645","virus_comp_285_cycle_1_29",3
"17646","virus_comp_285_cycle_1_3",3
"17647","virus_comp_285_cycle_1_31",3
"17648","virus_comp_285_cycle_1_32",3
"17649","virus_comp_285_cycle_1_34",3
"17650","virus_comp_285_cycle_1_35",3
"17651","virus_comp_285_cycle_1_36",3
"17652","virus_comp_285_cycle_1_37",3
"17653","virus_comp_285_cycle_1_38",3
"17654","virus_comp_285_cycle_1_39",3
"17655","virus_comp_285_cycle_1_4",3
"17656","virus_comp_285_cycle_1_41",3
"17657","virus_comp_285_cycle_1_42",3
"17658","virus_comp_285_cycle_1_46",3
"17659","virus_comp_285_cycle_1_47",3
"17660","virus_comp_285_cycle_1_48",3
"17661","virus_comp_285_cycle_1_49",3
"17662","virus_comp_285_cycle_1_5",3
"17663","virus_comp_285_cycle_1_52",3
"17664","virus_comp_285_cycle_1_53",3
"17665","virus_comp_285_cycle_1_54",3
"17666","virus_comp_285_cycle_1_58",3
"17667","virus_comp_285_cycle_1_6",3
"17668","virus_comp_285_cycle_1_60",3
"17669","virus_comp_285_cycle_1_63",3
"17670","virus_comp_285_cycle_1_66",3
"17671","virus_comp_285_cycle_1_67",3
"17672","virus_comp_285_cycle_1_68",3
"17673","virus_comp_285_cycle_1_69",3
"17674","virus_comp_285_cycle_1_7",3
"17675","virus_comp_285_cycle_1_71",3
"17676","virus_comp_285_cycle_1_76",3
"17677","virus_comp_285_cycle_1_79",3
"17678","virus_comp_285_cycle_1_8",3
"17679","virus_comp_285_cycle_1_82",3
"17680","virus_comp_285_cycle_1_84",3
"17681","virus_comp_285_cycle_1_85",3
"17682","virus_comp_285_cycle_1_87",3
"17683","virus_comp_285_cycle_1_88",3
"17684","virus_comp_285_cycle_1_89",3
"17685","virus_comp_285_cycle_1_90",3
"17686","virus_comp_285_cycle_1_91",3
"17687","virus_comp_285_cycle_1_92",3
"17688","virus_comp_285_cycle_1_94",3
"17689","virus_comp_285_cycle_1_95",3
"17690","virus_comp_285_cycle_1_96",3
"17691","virus_comp_285_cycle_1_97",3
"17692","virus_comp_285_cycle_1_98",3
"17693","virus_comp_2856_cycle_1_6",3
"17694","virus_comp_2863_cycle_1_3",3
"17695","virus_comp_2864_cycle_1_1",3
"17696","virus_comp_2864_cycle_1_5",3
"17697","virus_comp_2868_cycle_1_2",3
"17698","virus_comp_2875_cycle_1_2",3
"17699","virus_comp_2875_cycle_1_7",3
"17700","virus_comp_2882_cycle_1_2",3
"17701","virus_comp_2882_cycle_1_3",3
"17702","virus_comp_2885_cycle_1_1",3
"17703","virus_comp_29_cycle_1_14",3
"17704","virus_comp_29_cycle_1_15",3
"17705","virus_comp_29_cycle_1_19",3
"17706","virus_comp_29_cycle_1_20",3
"17707","virus_comp_29_cycle_1_24",3
"17708","virus_comp_29_cycle_1_27",3
"17709","virus_comp_29_cycle_1_31",3
"17710","virus_comp_29_cycle_1_34",3
"17711","virus_comp_29_cycle_1_39",3
"17712","virus_comp_29_cycle_1_48",3
"17713","virus_comp_29_cycle_1_53",3
"17714","virus_comp_29_cycle_1_55",3
"17715","virus_comp_29_cycle_1_58",3
"17716","virus_comp_29_cycle_1_60",3
"17717","virus_comp_29_cycle_1_64",3
"17718","virus_comp_29_cycle_1_66",3
"17719","virus_comp_29_cycle_1_67",3
"17720","virus_comp_29_cycle_1_72",3
"17721","virus_comp_29_cycle_1_73",3
"17722","virus_comp_29_cycle_1_74",3
"17723","virus_comp_29_cycle_1_82",3
"17724","virus_comp_29_cycle_1_89",3
"17725","virus_comp_29_cycle_1_9",3
"17726","virus_comp_29_cycle_1_90",3
"17727","virus_comp_29_cycle_1_93",3
"17728","virus_comp_2902_cycle_1_2",3
"17729","virus_comp_2902_cycle_1_4",3
"17730","virus_comp_2904_cycle_1_6",3
"17731","virus_comp_2905_cycle_1_12",3
"17732","virus_comp_2908_cycle_1_1",3
"17733","virus_comp_2910_cycle_1_1",3
"17734","virus_comp_2913_cycle_1_5",3
"17735","virus_comp_2923_cycle_1_5",3
"17736","virus_comp_2923_cycle_1_7",3
"17737","virus_comp_293_cycle_1_1",3
"17738","virus_comp_2938_cycle_1_2",3
"17739","virus_comp_2943_cycle_1_8",3
"17740","virus_comp_2945_cycle_1_11",3
"17741","virus_comp_2945_cycle_1_12",3
"17742","virus_comp_2950_cycle_1_2",3
"17743","virus_comp_2950_cycle_1_8",3
"17744","virus_comp_2955_cycle_1_7",3
"17745","virus_comp_296_cycle_1_7",3
"17746","virus_comp_296_cycle_1_8",3
"17747","virus_comp_2962_cycle_1_5",3
"17748","virus_comp_2968_cycle_1_1",3
"17749","virus_comp_2969_cycle_1_3",3
"17750","virus_comp_2973_cycle_1_4",3
"17751","virus_comp_2977_cycle_1_3",3
"17752","virus_comp_2979_cycle_1_1",3
"17753","virus_comp_2979_cycle_1_2",3
"17754","virus_comp_2979_cycle_1_5",3
"17755","virus_comp_2981_cycle_1_2",3
"17756","virus_comp_2984_cycle_1_3",3
"17757","virus_comp_2986_cycle_1_2",3
"17758","virus_comp_2986_cycle_1_9",3
"17759","virus_comp_2994_cycle_1_7",3
"17760","virus_comp_2996_cycle_1_1",3
"17761","virus_comp_2996_cycle_1_2",3
"17762","virus_comp_2996_cycle_1_8",3
"17763","virus_comp_3007_cycle_1_5",3
"17764","virus_comp_301_cycle_1_123",3
"17765","virus_comp_3012_cycle_1_3",3
"17766","virus_comp_3015_cycle_1_6",3
"17767","virus_comp_3023_cycle_1_1",3
"17768","virus_comp_3023_cycle_1_3",3
"17769","virus_comp_3023_cycle_1_5",3
"17770","virus_comp_3029_cycle_1_8",3
"17771","virus_comp_3031_cycle_1_2",3
"17772","virus_comp_3031_cycle_1_5",3
"17773","virus_comp_3037_cycle_1_3",3
"17774","virus_comp_3037_cycle_1_5",3
"17775","virus_comp_3037_cycle_1_6",3
"17776","virus_comp_3044_cycle_1_2",3
"17777","virus_comp_3044_cycle_1_5",3
"17778","virus_comp_3047_cycle_1_3",3
"17779","virus_comp_305_cycle_1_3",3
"17780","virus_comp_305_cycle_1_4",3
"17781","virus_comp_3051_cycle_1_2",3
"17782","virus_comp_3052_cycle_1_4",3
"17783","virus_comp_3054_cycle_1_3",3
"17784","virus_comp_3054_cycle_1_6",3
"17785","virus_comp_306_cycle_1_2",3
"17786","virus_comp_306_cycle_1_5",3
"17787","virus_comp_3089_cycle_1_1",3
"17788","virus_comp_3089_cycle_1_3",3
"17789","virus_comp_3089_cycle_1_5",3
"17790","virus_comp_3089_cycle_1_7",3
"17791","virus_comp_3093_cycle_1_7",3
"17792","virus_comp_3098_cycle_1_3",3
"17793","virus_comp_3098_cycle_1_4",3
"17794","virus_comp_3098_cycle_1_5",3
"17795","virus_comp_3098_cycle_1_6",3
"17796","virus_comp_3104_cycle_1_10",3
"17797","virus_comp_3104_cycle_1_11",3
"17798","virus_comp_3104_cycle_1_6",3
"17799","virus_comp_3104_cycle_1_8",3
"17800","virus_comp_3104_cycle_1_9",3
"17801","virus_comp_3109_cycle_1_5",3
"17802","virus_comp_3114_cycle_1_2",3
"17803","virus_comp_3114_cycle_1_6",3
"17804","virus_comp_3121_cycle_1_7",3
"17805","virus_comp_3123_cycle_1_10",3
"17806","virus_comp_3123_cycle_1_5",3
"17807","virus_comp_3124_cycle_1_4",3
"17808","virus_comp_3124_cycle_1_9",3
"17809","virus_comp_3126_cycle_1_4",3
"17810","virus_comp_3127_cycle_1_5",3
"17811","virus_comp_3131_cycle_1_2",3
"17812","virus_comp_3131_cycle_1_3",3
"17813","virus_comp_3131_cycle_1_7",3
"17814","virus_comp_3132_cycle_1_1",3
"17815","virus_comp_3135_cycle_1_3",3
"17816","virus_comp_3136_cycle_1_7",3
"17817","virus_comp_3137_cycle_1_1",3
"17818","virus_comp_3137_cycle_1_2",3
"17819","virus_comp_3141_cycle_1_4",3
"17820","virus_comp_3146_cycle_1_7",3
"17821","virus_comp_3149_cycle_1_4",3
"17822","virus_comp_3149_cycle_1_6",3
"17823","virus_comp_3151_cycle_1_1",3
"17824","virus_comp_3151_cycle_1_4",3
"17825","virus_comp_3151_cycle_1_5",3
"17826","virus_comp_3152_cycle_1_3",3
"17827","virus_comp_3152_cycle_1_9",3
"17828","virus_comp_3153_cycle_1_8",3
"17829","virus_comp_3153_cycle_1_9",3
"17830","virus_comp_3157_cycle_1_10",3
"17831","virus_comp_3157_cycle_1_9",3
"17832","virus_comp_3167_cycle_1_4",3
"17833","virus_comp_317_cycle_1_5",3
"17834","virus_comp_3170_cycle_1_7",3
"17835","virus_comp_3170_cycle_1_8",3
"17836","virus_comp_3179_cycle_1_1",3
"17837","virus_comp_3179_cycle_1_2",3
"17838","virus_comp_3179_cycle_1_3",3
"17839","virus_comp_318_cycle_1_101",3
"17840","virus_comp_318_cycle_1_102",3
"17841","virus_comp_318_cycle_1_103",3
"17842","virus_comp_318_cycle_1_11",3
"17843","virus_comp_318_cycle_1_110",3
"17844","virus_comp_318_cycle_1_111",3
"17845","virus_comp_318_cycle_1_115",3
"17846","virus_comp_318_cycle_1_116",3
"17847","virus_comp_318_cycle_1_14",3
"17848","virus_comp_318_cycle_1_19",3
"17849","virus_comp_318_cycle_1_23",3
"17850","virus_comp_318_cycle_1_25",3
"17851","virus_comp_318_cycle_1_38",3
"17852","virus_comp_318_cycle_1_47",3
"17853","virus_comp_318_cycle_1_48",3
"17854","virus_comp_318_cycle_1_49",3
"17855","virus_comp_318_cycle_1_50",3
"17856","virus_comp_318_cycle_1_57",3
"17857","virus_comp_318_cycle_1_75",3
"17858","virus_comp_318_cycle_1_81",3
"17859","virus_comp_318_cycle_1_82",3
"17860","virus_comp_318_cycle_1_83",3
"17861","virus_comp_318_cycle_1_84",3
"17862","virus_comp_318_cycle_1_85",3
"17863","virus_comp_318_cycle_1_87",3
"17864","virus_comp_318_cycle_1_88",3
"17865","virus_comp_318_cycle_1_91",3
"17866","virus_comp_318_cycle_1_92",3
"17867","virus_comp_318_cycle_1_93",3
"17868","virus_comp_318_cycle_1_94",3
"17869","virus_comp_318_cycle_1_96",3
"17870","virus_comp_318_cycle_1_99",3
"17871","virus_comp_319_cycle_1_5",3
"17872","virus_comp_3192_cycle_1_1",3
"17873","virus_comp_3192_cycle_1_4",3
"17874","virus_comp_3192_cycle_1_8",3
"17875","virus_comp_3195_cycle_1_7",3
"17876","virus_comp_3197_cycle_1_3",3
"17877","virus_comp_3197_cycle_1_6",3
"17878","virus_comp_3197_cycle_1_7",3
"17879","virus_comp_3199_cycle_1_3",3
"17880","virus_comp_3199_cycle_1_5",3
"17881","virus_comp_3200_cycle_1_4",3
"17882","virus_comp_3200_cycle_1_7",3
"17883","virus_comp_3204_cycle_1_6",3
"17884","virus_comp_3204_cycle_1_7",3
"17885","virus_comp_3208_cycle_1_5",3
"17886","virus_comp_3210_cycle_1_1",3
"17887","virus_comp_3210_cycle_1_2",3
"17888","virus_comp_3212_cycle_1_1",3
"17889","virus_comp_3216_cycle_1_9",3
"17890","virus_comp_3225_cycle_1_10",3
"17891","virus_comp_3225_cycle_1_9",3
"17892","virus_comp_3226_cycle_1_11",3
"17893","virus_comp_3226_cycle_1_3",3
"17894","virus_comp_3229_cycle_1_5",3
"17895","virus_comp_3229_cycle_1_8",3
"17896","virus_comp_3233_cycle_1_3",3
"17897","virus_comp_3233_cycle_1_6",3
"17898","virus_comp_3239_cycle_1_3",3
"17899","virus_comp_3239_cycle_1_4",3
"17900","virus_comp_324_cycle_1_1",3
"17901","virus_comp_324_cycle_1_2",3
"17902","virus_comp_3240_cycle_1_1",3
"17903","virus_comp_3240_cycle_1_10",3
"17904","virus_comp_3240_cycle_1_3",3
"17905","virus_comp_3240_cycle_1_7",3
"17906","virus_comp_3240_cycle_1_9",3
"17907","virus_comp_325_cycle_1_2",3
"17908","virus_comp_325_cycle_1_3",3
"17909","virus_comp_3253_cycle_1_1",3
"17910","virus_comp_3253_cycle_1_4",3
"17911","virus_comp_3260_cycle_1_6",3
"17912","virus_comp_3262_cycle_1_5",3
"17913","virus_comp_3262_cycle_1_6",3
"17914","virus_comp_3264_cycle_1_2",3
"17915","virus_comp_3264_cycle_1_6",3
"17916","virus_comp_3274_cycle_1_4",3
"17917","virus_comp_3275_cycle_1_2",3
"17918","virus_comp_3275_cycle_1_4",3
"17919","virus_comp_3279_cycle_1_1",3
"17920","virus_comp_3279_cycle_1_2",3
"17921","virus_comp_3279_cycle_1_4",3
"17922","virus_comp_3286_cycle_1_1",3
"17923","virus_comp_3295_cycle_1_2",3
"17924","virus_comp_3295_cycle_1_3",3
"17925","virus_comp_3295_cycle_1_5",3
"17926","virus_comp_3295_cycle_1_6",3
"17927","virus_comp_3297_cycle_1_5",3
"17928","virus_comp_330_cycle_1_10",3
"17929","virus_comp_330_cycle_1_108",3
"17930","virus_comp_330_cycle_1_11",3
"17931","virus_comp_330_cycle_1_110",3
"17932","virus_comp_330_cycle_1_13",3
"17933","virus_comp_330_cycle_1_20",3
"17934","virus_comp_330_cycle_1_22",3
"17935","virus_comp_330_cycle_1_24",3
"17936","virus_comp_330_cycle_1_27",3
"17937","virus_comp_330_cycle_1_28",3
"17938","virus_comp_330_cycle_1_43",3
"17939","virus_comp_330_cycle_1_44",3
"17940","virus_comp_330_cycle_1_46",3
"17941","virus_comp_330_cycle_1_52",3
"17942","virus_comp_330_cycle_1_58",3
"17943","virus_comp_330_cycle_1_59",3
"17944","virus_comp_330_cycle_1_65",3
"17945","virus_comp_330_cycle_1_66",3
"17946","virus_comp_330_cycle_1_72",3
"17947","virus_comp_330_cycle_1_73",3
"17948","virus_comp_330_cycle_1_74",3
"17949","virus_comp_330_cycle_1_76",3
"17950","virus_comp_330_cycle_1_77",3
"17951","virus_comp_330_cycle_1_79",3
"17952","virus_comp_330_cycle_1_81",3
"17953","virus_comp_330_cycle_1_87",3
"17954","virus_comp_3301_cycle_1_4",3
"17955","virus_comp_3301_cycle_1_6",3
"17956","virus_comp_3311_cycle_1_2",3
"17957","virus_comp_3311_cycle_1_4",3
"17958","virus_comp_3311_cycle_1_5",3
"17959","virus_comp_3311_cycle_1_6",3
"17960","virus_comp_3315_cycle_1_1",3
"17961","virus_comp_3315_cycle_1_2",3
"17962","virus_comp_332_cycle_1_1",3
"17963","virus_comp_332_cycle_1_10",3
"17964","virus_comp_332_cycle_1_12",3
"17965","virus_comp_332_cycle_1_16",3
"17966","virus_comp_332_cycle_1_17",3
"17967","virus_comp_332_cycle_1_18",3
"17968","virus_comp_332_cycle_1_19",3
"17969","virus_comp_332_cycle_1_2",3
"17970","virus_comp_332_cycle_1_24",3
"17971","virus_comp_332_cycle_1_25",3
"17972","virus_comp_332_cycle_1_27",3
"17973","virus_comp_332_cycle_1_28",3
"17974","virus_comp_332_cycle_1_29",3
"17975","virus_comp_332_cycle_1_30",3
"17976","virus_comp_332_cycle_1_35",3
"17977","virus_comp_332_cycle_1_41",3
"17978","virus_comp_332_cycle_1_42",3
"17979","virus_comp_332_cycle_1_44",3
"17980","virus_comp_332_cycle_1_49",3
"17981","virus_comp_332_cycle_1_52",3
"17982","virus_comp_332_cycle_1_53",3
"17983","virus_comp_332_cycle_1_57",3
"17984","virus_comp_332_cycle_1_58",3
"17985","virus_comp_332_cycle_1_60",3
"17986","virus_comp_332_cycle_1_61",3
"17987","virus_comp_332_cycle_1_62",3
"17988","virus_comp_332_cycle_1_63",3
"17989","virus_comp_332_cycle_1_64",3
"17990","virus_comp_332_cycle_1_69",3
"17991","virus_comp_332_cycle_1_70",3
"17992","virus_comp_332_cycle_1_73",3
"17993","virus_comp_332_cycle_1_74",3
"17994","virus_comp_332_cycle_1_77",3
"17995","virus_comp_332_cycle_1_78",3
"17996","virus_comp_332_cycle_1_81",3
"17997","virus_comp_332_cycle_1_82",3
"17998","virus_comp_332_cycle_1_83",3
"17999","virus_comp_332_cycle_1_84",3
"18000","virus_comp_332_cycle_1_85",3
"18001","virus_comp_332_cycle_1_86",3
"18002","virus_comp_332_cycle_1_9",3
"18003","virus_comp_3320_cycle_1_8",3
"18004","virus_comp_3322_cycle_1_3",3
"18005","virus_comp_3322_cycle_1_5",3
"18006","virus_comp_3340_cycle_1_1",3
"18007","virus_comp_3351_cycle_1_2",3
"18008","virus_comp_3351_cycle_1_4",3
"18009","virus_comp_3351_cycle_1_8",3
"18010","virus_comp_3359_cycle_1_12",3
"18011","virus_comp_336_cycle_1_15",3
"18012","virus_comp_3367_cycle_1_3",3
"18013","virus_comp_3367_cycle_1_4",3
"18014","virus_comp_3368_cycle_1_8",3
"18015","virus_comp_3378_cycle_1_4",3
"18016","virus_comp_3378_cycle_1_5",3
"18017","virus_comp_3390_cycle_1_3",3
"18018","virus_comp_3390_cycle_1_9",3
"18019","virus_comp_3396_cycle_1_3",3
"18020","virus_comp_3400_cycle_1_2",3
"18021","virus_comp_3400_cycle_1_3",3
"18022","virus_comp_3417_cycle_1_6",3
"18023","virus_comp_3419_cycle_1_1",3
"18024","virus_comp_3420_cycle_1_2",3
"18025","virus_comp_3426_cycle_1_4",3
"18026","virus_comp_3438_cycle_1_4",3
"18027","virus_comp_3438_cycle_1_5",3
"18028","virus_comp_3438_cycle_1_6",3
"18029","virus_comp_3438_cycle_1_9",3
"18030","virus_comp_3442_cycle_1_9",3
"18031","virus_comp_3443_cycle_1_10",3
"18032","virus_comp_3483_cycle_1_2",3
"18033","virus_comp_3484_cycle_1_1",3
"18034","virus_comp_3493_cycle_1_1",3
"18035","virus_comp_3493_cycle_1_2",3
"18036","virus_comp_3504_cycle_1_3",3
"18037","virus_comp_3504_cycle_1_5",3
"18038","virus_comp_3508_cycle_1_2",3
"18039","virus_comp_3515_cycle_1_3",3
"18040","virus_comp_3522_cycle_1_2",3
"18041","virus_comp_3522_cycle_1_8",3
"18042","virus_comp_3522_cycle_1_9",3
"18043","virus_comp_3526_cycle_1_3",3
"18044","virus_comp_3526_cycle_1_7",3
"18045","virus_comp_3527_cycle_1_2",3
"18046","virus_comp_3528_cycle_1_1",3
"18047","virus_comp_3528_cycle_1_4",3
"18048","virus_comp_3531_cycle_1_4",3
"18049","virus_comp_3534_cycle_1_2",3
"18050","virus_comp_3542_cycle_1_2",3
"18051","virus_comp_3542_cycle_1_6",3
"18052","virus_comp_3542_cycle_1_8",3
"18053","virus_comp_3545_cycle_1_4",3
"18054","virus_comp_355_cycle_1_17",3
"18055","virus_comp_3565_cycle_1_4",3
"18056","virus_comp_3565_cycle_1_5",3
"18057","virus_comp_3568_cycle_1_2",3
"18058","virus_comp_357_cycle_1_2",3
"18059","virus_comp_357_cycle_1_4",3
"18060","virus_comp_358_cycle_1_11",3
"18061","virus_comp_3580_cycle_1_4",3
"18062","virus_comp_3589_cycle_1_2",3
"18063","virus_comp_3592_cycle_1_5",3
"18064","virus_comp_36_cycle_2_45",3
"18065","virus_comp_36_cycle_2_71",3
"18066","virus_comp_36_cycle_2_72",3
"18067","virus_comp_3607_cycle_1_5",3
"18068","virus_comp_361_cycle_1_69",3
"18069","virus_comp_3611_cycle_1_2",3
"18070","virus_comp_3611_cycle_1_3",3
"18071","virus_comp_3611_cycle_1_5",3
"18072","virus_comp_3620_cycle_1_5",3
"18073","virus_comp_3628_cycle_1_5",3
"18074","virus_comp_3629_cycle_1_3",3
"18075","virus_comp_3630_cycle_1_2",3
"18076","virus_comp_3630_cycle_1_4",3
"18077","virus_comp_3632_cycle_1_5",3
"18078","virus_comp_364_cycle_1_7",3
"18079","virus_comp_3641_cycle_1_3",3
"18080","virus_comp_3642_cycle_1_5",3
"18081","virus_comp_3642_cycle_1_6",3
"18082","virus_comp_3642_cycle_1_7",3
"18083","virus_comp_3643_cycle_1_2",3
"18084","virus_comp_3646_cycle_1_3",3
"18085","virus_comp_365_cycle_1_10",3
"18086","virus_comp_3652_cycle_1_6",3
"18087","virus_comp_3652_cycle_1_7",3
"18088","virus_comp_3657_cycle_1_2",3
"18089","virus_comp_3657_cycle_1_6",3
"18090","virus_comp_3663_cycle_1_6",3
"18091","virus_comp_3672_cycle_1_3",3
"18092","virus_comp_3675_cycle_1_3",3
"18093","virus_comp_369_cycle_1_2",3
"18094","virus_comp_3697_cycle_1_2",3
"18095","virus_comp_3697_cycle_1_3",3
"18096","virus_comp_3697_cycle_1_6",3
"18097","virus_comp_370_cycle_1_12",3
"18098","virus_comp_370_cycle_1_13",3
"18099","virus_comp_370_cycle_1_19",3
"18100","virus_comp_370_cycle_1_23",3
"18101","virus_comp_370_cycle_1_28",3
"18102","virus_comp_370_cycle_1_38",3
"18103","virus_comp_370_cycle_1_40",3
"18104","virus_comp_370_cycle_1_41",3
"18105","virus_comp_370_cycle_1_48",3
"18106","virus_comp_370_cycle_1_53",3
"18107","virus_comp_370_cycle_1_55",3
"18108","virus_comp_370_cycle_1_59",3
"18109","virus_comp_370_cycle_1_66",3
"18110","virus_comp_370_cycle_1_68",3
"18111","virus_comp_370_cycle_1_69",3
"18112","virus_comp_370_cycle_1_70",3
"18113","virus_comp_3703_cycle_1_5",3
"18114","virus_comp_3714_cycle_1_1",3
"18115","virus_comp_3714_cycle_1_4",3
"18116","virus_comp_3714_cycle_1_6",3
"18117","virus_comp_372_cycle_1_100",3
"18118","virus_comp_372_cycle_1_103",3
"18119","virus_comp_372_cycle_1_104",3
"18120","virus_comp_372_cycle_1_105",3
"18121","virus_comp_372_cycle_1_112",3
"18122","virus_comp_372_cycle_1_115",3
"18123","virus_comp_372_cycle_1_18",3
"18124","virus_comp_372_cycle_1_19",3
"18125","virus_comp_372_cycle_1_20",3
"18126","virus_comp_372_cycle_1_22",3
"18127","virus_comp_372_cycle_1_3",3
"18128","virus_comp_372_cycle_1_33",3
"18129","virus_comp_372_cycle_1_46",3
"18130","virus_comp_372_cycle_1_47",3
"18131","virus_comp_372_cycle_1_50",3
"18132","virus_comp_372_cycle_1_53",3
"18133","virus_comp_372_cycle_1_55",3
"18134","virus_comp_372_cycle_1_56",3
"18135","virus_comp_372_cycle_1_62",3
"18136","virus_comp_372_cycle_1_63",3
"18137","virus_comp_372_cycle_1_64",3
"18138","virus_comp_372_cycle_1_65",3
"18139","virus_comp_372_cycle_1_66",3
"18140","virus_comp_372_cycle_1_68",3
"18141","virus_comp_372_cycle_1_72",3
"18142","virus_comp_372_cycle_1_74",3
"18143","virus_comp_372_cycle_1_75",3
"18144","virus_comp_372_cycle_1_76",3
"18145","virus_comp_372_cycle_1_80",3
"18146","virus_comp_372_cycle_1_81",3
"18147","virus_comp_372_cycle_1_82",3
"18148","virus_comp_372_cycle_1_87",3
"18149","virus_comp_372_cycle_1_89",3
"18150","virus_comp_3720_cycle_1_1",3
"18151","virus_comp_3720_cycle_1_3",3
"18152","virus_comp_3726_cycle_1_4",3
"18153","virus_comp_3726_cycle_1_5",3
"18154","virus_comp_3727_cycle_1_4",3
"18155","virus_comp_3727_cycle_1_6",3
"18156","virus_comp_3727_cycle_1_8",3
"18157","virus_comp_3730_cycle_1_7",3
"18158","virus_comp_3732_cycle_1_3",3
"18159","virus_comp_3732_cycle_1_8",3
"18160","virus_comp_3732_cycle_1_9",3
"18161","virus_comp_3742_cycle_1_2",3
"18162","virus_comp_3742_cycle_1_3",3
"18163","virus_comp_3742_cycle_1_5",3
"18164","virus_comp_3744_cycle_1_3",3
"18165","virus_comp_3747_cycle_1_6",3
"18166","virus_comp_3749_cycle_1_3",3
"18167","virus_comp_3751_cycle_1_4",3
"18168","virus_comp_3755_cycle_1_1",3
"18169","virus_comp_377_cycle_1_16",3
"18170","virus_comp_377_cycle_1_17",3
"18171","virus_comp_377_cycle_1_19",3
"18172","virus_comp_377_cycle_1_20",3
"18173","virus_comp_377_cycle_1_22",3
"18174","virus_comp_377_cycle_1_23",3
"18175","virus_comp_377_cycle_1_25",3
"18176","virus_comp_377_cycle_1_26",3
"18177","virus_comp_3773_cycle_1_4",3
"18178","virus_comp_3775_cycle_1_5",3
"18179","virus_comp_3775_cycle_1_7",3
"18180","virus_comp_3776_cycle_1_2",3
"18181","virus_comp_3776_cycle_1_4",3
"18182","virus_comp_3778_cycle_1_6",3
"18183","virus_comp_3778_cycle_1_8",3
"18184","virus_comp_378_cycle_1_3",3
"18185","virus_comp_3794_cycle_1_2",3
"18186","virus_comp_3794_cycle_1_6",3
"18187","virus_comp_3797_cycle_1_4",3
"18188","virus_comp_3799_cycle_1_3",3
"18189","virus_comp_3806_cycle_1_2",3
"18190","virus_comp_3807_cycle_1_1",3
"18191","virus_comp_3807_cycle_1_3",3
"18192","virus_comp_3807_cycle_1_4",3
"18193","virus_comp_3808_cycle_1_8",3
"18194","virus_comp_381_cycle_1_2",3
"18195","virus_comp_381_cycle_1_23",3
"18196","virus_comp_381_cycle_1_31",3
"18197","virus_comp_381_cycle_1_4",3
"18198","virus_comp_381_cycle_1_55",3
"18199","virus_comp_381_cycle_1_78",3
"18200","virus_comp_381_cycle_1_86",3
"18201","virus_comp_381_cycle_1_89",3
"18202","virus_comp_381_cycle_1_91",3
"18203","virus_comp_381_cycle_1_92",3
"18204","virus_comp_381_cycle_1_94",3
"18205","virus_comp_3811_cycle_1_3",3
"18206","virus_comp_3811_cycle_1_4",3
"18207","virus_comp_3811_cycle_1_6",3
"18208","virus_comp_3813_cycle_1_1",3
"18209","virus_comp_3817_cycle_1_2",3
"18210","virus_comp_3817_cycle_1_4",3
"18211","virus_comp_3817_cycle_1_8",3
"18212","virus_comp_3820_cycle_1_4",3
"18213","virus_comp_3820_cycle_1_7",3
"18214","virus_comp_3823_cycle_1_2",3
"18215","virus_comp_3824_cycle_1_2",3
"18216","virus_comp_3825_cycle_1_4",3
"18217","virus_comp_3825_cycle_1_5",3
"18218","virus_comp_3826_cycle_1_1",3
"18219","virus_comp_3826_cycle_1_3",3
"18220","virus_comp_3828_cycle_1_2",3
"18221","virus_comp_3832_cycle_1_1",3
"18222","virus_comp_3842_cycle_1_1",3
"18223","virus_comp_3850_cycle_1_8",3
"18224","virus_comp_3869_cycle_1_3",3
"18225","virus_comp_3870_cycle_1_5",3
"18226","virus_comp_3876_cycle_1_1",3
"18227","virus_comp_3880_cycle_1_4",3
"18228","virus_comp_3880_cycle_1_6",3
"18229","virus_comp_3880_cycle_1_7",3
"18230","virus_comp_3882_cycle_1_1",3
"18231","virus_comp_3882_cycle_1_5",3
"18232","virus_comp_3884_cycle_1_3",3
"18233","virus_comp_390_cycle_1_9",3
"18234","virus_comp_3907_cycle_1_3",3
"18235","virus_comp_391_cycle_1_21",3
"18236","virus_comp_391_cycle_1_29",3
"18237","virus_comp_391_cycle_1_3",3
"18238","virus_comp_391_cycle_1_30",3
"18239","virus_comp_391_cycle_1_34",3
"18240","virus_comp_391_cycle_1_37",3
"18241","virus_comp_391_cycle_1_41",3
"18242","virus_comp_391_cycle_1_42",3
"18243","virus_comp_391_cycle_1_48",3
"18244","virus_comp_391_cycle_1_49",3
"18245","virus_comp_391_cycle_1_59",3
"18246","virus_comp_391_cycle_1_60",3
"18247","virus_comp_391_cycle_1_61",3
"18248","virus_comp_391_cycle_1_66",3
"18249","virus_comp_391_cycle_1_71",3
"18250","virus_comp_391_cycle_1_88",3
"18251","virus_comp_392_cycle_1_2",3
"18252","virus_comp_392_cycle_1_3",3
"18253","virus_comp_392_cycle_1_4",3
"18254","virus_comp_3927_cycle_1_3",3
"18255","virus_comp_393_cycle_1_1",3
"18256","virus_comp_393_cycle_1_2",3
"18257","virus_comp_393_cycle_1_5",3
"18258","virus_comp_3930_cycle_1_2",3
"18259","virus_comp_3930_cycle_1_4",3
"18260","virus_comp_3930_cycle_1_8",3
"18261","virus_comp_3934_cycle_1_1",3
"18262","virus_comp_3934_cycle_1_2",3
"18263","virus_comp_3934_cycle_1_3",3
"18264","virus_comp_3935_cycle_1_3",3
"18265","virus_comp_3939_cycle_1_6",3
"18266","virus_comp_3939_cycle_1_8",3
"18267","virus_comp_3948_cycle_1_4",3
"18268","virus_comp_3958_cycle_1_1",3
"18269","virus_comp_3961_cycle_1_1",3
"18270","virus_comp_397_cycle_1_1",3
"18271","virus_comp_398_cycle_1_8",3
"18272","virus_comp_3984_cycle_1_3",3
"18273","virus_comp_3984_cycle_1_4",3
"18274","virus_comp_3984_cycle_1_6",3
"18275","virus_comp_3986_cycle_1_3",3
"18276","virus_comp_399_cycle_1_5",3
"18277","virus_comp_399_cycle_1_6",3
"18278","virus_comp_399_cycle_1_8",3
"18279","virus_comp_3992_cycle_1_3",3
"18280","virus_comp_3997_cycle_1_1",3
"18281","virus_comp_3997_cycle_1_6",3
"18282","virus_comp_400_cycle_3_13",3
"18283","virus_comp_400_cycle_3_14",3
"18284","virus_comp_400_cycle_3_20",3
"18285","virus_comp_400_cycle_3_23",3
"18286","virus_comp_400_cycle_3_24",3
"18287","virus_comp_400_cycle_3_25",3
"18288","virus_comp_400_cycle_3_28",3
"18289","virus_comp_400_cycle_3_32",3
"18290","virus_comp_400_cycle_3_33",3
"18291","virus_comp_400_cycle_3_45",3
"18292","virus_comp_400_cycle_3_61",3
"18293","virus_comp_400_cycle_3_63",3
"18294","virus_comp_400_cycle_3_64",3
"18295","virus_comp_400_cycle_3_66",3
"18296","virus_comp_400_cycle_3_67",3
"18297","virus_comp_400_cycle_3_70",3
"18298","virus_comp_400_cycle_3_78",3
"18299","virus_comp_4004_cycle_1_8",3
"18300","virus_comp_4011_cycle_1_3",3
"18301","virus_comp_4011_cycle_1_5",3
"18302","virus_comp_4011_cycle_1_7",3
"18303","virus_comp_4017_cycle_1_3",3
"18304","virus_comp_402_cycle_1_1",3
"18305","virus_comp_402_cycle_1_10",3
"18306","virus_comp_402_cycle_1_11",3
"18307","virus_comp_402_cycle_1_12",3
"18308","virus_comp_402_cycle_1_13",3
"18309","virus_comp_402_cycle_1_2",3
"18310","virus_comp_402_cycle_1_3",3
"18311","virus_comp_402_cycle_1_7",3
"18312","virus_comp_4029_cycle_1_2",3
"18313","virus_comp_4038_cycle_1_1",3
"18314","virus_comp_4038_cycle_1_5",3
"18315","virus_comp_4038_cycle_1_8",3
"18316","virus_comp_4045_cycle_1_6",3
"18317","virus_comp_4049_cycle_1_5",3
"18318","virus_comp_4056_cycle_1_1",3
"18319","virus_comp_4056_cycle_1_3",3
"18320","virus_comp_4056_cycle_1_5",3
"18321","virus_comp_4056_cycle_1_7",3
"18322","virus_comp_4057_cycle_1_2",3
"18323","virus_comp_4058_cycle_1_5",3
"18324","virus_comp_407_cycle_1_25",3
"18325","virus_comp_407_cycle_1_28",3
"18326","virus_comp_407_cycle_1_29",3
"18327","virus_comp_407_cycle_1_40",3
"18328","virus_comp_4070_cycle_1_1",3
"18329","virus_comp_4070_cycle_1_5",3
"18330","virus_comp_409_cycle_1_3",3
"18331","virus_comp_4093_cycle_1_3",3
"18332","virus_comp_4093_cycle_1_5",3
"18333","virus_comp_4098_cycle_1_3",3
"18334","virus_comp_410_cycle_1_14",3
"18335","virus_comp_410_cycle_1_20",3
"18336","virus_comp_410_cycle_1_8",3
"18337","virus_comp_4111_cycle_1_2",3
"18338","virus_comp_4111_cycle_1_5",3
"18339","virus_comp_4111_cycle_1_6",3
"18340","virus_comp_4119_cycle_1_2",3
"18341","virus_comp_4119_cycle_1_3",3
"18342","virus_comp_4119_cycle_1_4",3
"18343","virus_comp_4131_cycle_1_5",3
"18344","virus_comp_414_cycle_1_6",3
"18345","virus_comp_4148_cycle_1_3",3
"18346","virus_comp_4148_cycle_1_4",3
"18347","virus_comp_415_cycle_1_112",3
"18348","virus_comp_415_cycle_1_114",3
"18349","virus_comp_415_cycle_1_32",3
"18350","virus_comp_415_cycle_1_36",3
"18351","virus_comp_415_cycle_1_37",3
"18352","virus_comp_415_cycle_1_82",3
"18353","virus_comp_415_cycle_1_84",3
"18354","virus_comp_415_cycle_1_95",3
"18355","virus_comp_415_cycle_1_96",3
"18356","virus_comp_416_cycle_1_2",3
"18357","virus_comp_4166_cycle_1_2",3
"18358","virus_comp_4166_cycle_1_6",3
"18359","virus_comp_417_cycle_1_16",3
"18360","virus_comp_417_cycle_1_21",3
"18361","virus_comp_417_cycle_1_8",3
"18362","virus_comp_418_cycle_1_15",3
"18363","virus_comp_418_cycle_1_17",3
"18364","virus_comp_418_cycle_1_19",3
"18365","virus_comp_418_cycle_1_2",3
"18366","virus_comp_418_cycle_1_38",3
"18367","virus_comp_418_cycle_1_4",3
"18368","virus_comp_4189_cycle_1_4",3
"18369","virus_comp_4199_cycle_1_2",3
"18370","virus_comp_420_cycle_1_2",3
"18371","virus_comp_420_cycle_1_3",3
"18372","virus_comp_420_cycle_1_5",3
"18373","virus_comp_4200_cycle_1_6",3
"18374","virus_comp_4204_cycle_1_5",3
"18375","virus_comp_421_cycle_1_2",3
"18376","virus_comp_4210_cycle_1_1",3
"18377","virus_comp_4210_cycle_1_5",3
"18378","virus_comp_4210_cycle_1_6",3
"18379","virus_comp_4226_cycle_1_2",3
"18380","virus_comp_4226_cycle_1_3",3
"18381","virus_comp_4226_cycle_1_5",3
"18382","virus_comp_423_cycle_1_4",3
"18383","virus_comp_423_cycle_1_5",3
"18384","virus_comp_4237_cycle_1_2",3
"18385","virus_comp_4247_cycle_1_1",3
"18386","virus_comp_4247_cycle_1_5",3
"18387","virus_comp_4261_cycle_1_2",3
"18388","virus_comp_4261_cycle_1_3",3
"18389","virus_comp_4263_cycle_1_1",3
"18390","virus_comp_4270_cycle_1_7",3
"18391","virus_comp_4271_cycle_1_7",3
"18392","virus_comp_4276_cycle_1_5",3
"18393","virus_comp_4278_cycle_1_7",3
"18394","virus_comp_429_cycle_1_10",3
"18395","virus_comp_429_cycle_1_11",3
"18396","virus_comp_429_cycle_1_12",3
"18397","virus_comp_429_cycle_1_14",3
"18398","virus_comp_429_cycle_1_16",3
"18399","virus_comp_429_cycle_1_17",3
"18400","virus_comp_429_cycle_1_20",3
"18401","virus_comp_429_cycle_1_23",3
"18402","virus_comp_429_cycle_1_28",3
"18403","virus_comp_429_cycle_1_30",3
"18404","virus_comp_429_cycle_1_37",3
"18405","virus_comp_429_cycle_1_43",3
"18406","virus_comp_429_cycle_1_44",3
"18407","virus_comp_429_cycle_1_45",3
"18408","virus_comp_429_cycle_1_48",3
"18409","virus_comp_429_cycle_1_49",3
"18410","virus_comp_429_cycle_1_52",3
"18411","virus_comp_429_cycle_1_57",3
"18412","virus_comp_429_cycle_1_58",3
"18413","virus_comp_429_cycle_1_74",3
"18414","virus_comp_429_cycle_1_9",3
"18415","virus_comp_4299_cycle_1_3",3
"18416","virus_comp_430_cycle_1_13",3
"18417","virus_comp_430_cycle_1_19",3
"18418","virus_comp_4307_cycle_1_4",3
"18419","virus_comp_4308_cycle_1_6",3
"18420","virus_comp_4308_cycle_1_7",3
"18421","virus_comp_4308_cycle_1_8",3
"18422","virus_comp_4309_cycle_1_4",3
"18423","virus_comp_4309_cycle_1_5",3
"18424","virus_comp_431_cycle_1_1",3
"18425","virus_comp_431_cycle_1_10",3
"18426","virus_comp_431_cycle_1_16",3
"18427","virus_comp_431_cycle_1_2",3
"18428","virus_comp_431_cycle_1_5",3
"18429","virus_comp_431_cycle_1_9",3
"18430","virus_comp_4312_cycle_1_1",3
"18431","virus_comp_4312_cycle_1_2",3
"18432","virus_comp_4318_cycle_1_3",3
"18433","virus_comp_432_cycle_1_1",3
"18434","virus_comp_432_cycle_1_6",3
"18435","virus_comp_4320_cycle_1_1",3
"18436","virus_comp_433_cycle_1_22",3
"18437","virus_comp_433_cycle_1_25",3
"18438","virus_comp_433_cycle_1_32",3
"18439","virus_comp_433_cycle_1_36",3
"18440","virus_comp_433_cycle_1_37",3
"18441","virus_comp_433_cycle_1_41",3
"18442","virus_comp_433_cycle_1_45",3
"18443","virus_comp_433_cycle_1_48",3
"18444","virus_comp_433_cycle_1_49",3
"18445","virus_comp_433_cycle_1_51",3
"18446","virus_comp_433_cycle_1_59",3
"18447","virus_comp_433_cycle_1_6",3
"18448","virus_comp_4337_cycle_1_3",3
"18449","virus_comp_4337_cycle_1_4",3
"18450","virus_comp_4339_cycle_1_9",3
"18451","virus_comp_434_cycle_1_3",3
"18452","virus_comp_434_cycle_1_4",3
"18453","virus_comp_434_cycle_1_9",3
"18454","virus_comp_4341_cycle_1_4",3
"18455","virus_comp_4346_cycle_1_1",3
"18456","virus_comp_4346_cycle_1_3",3
"18457","virus_comp_4346_cycle_1_5",3
"18458","virus_comp_4347_cycle_1_2",3
"18459","virus_comp_4349_cycle_1_6",3
"18460","virus_comp_4349_cycle_1_7",3
"18461","virus_comp_4355_cycle_1_2",3
"18462","virus_comp_4369_cycle_1_3",3
"18463","virus_comp_4371_cycle_1_2",3
"18464","virus_comp_4378_cycle_1_3",3
"18465","virus_comp_4378_cycle_1_4",3
"18466","virus_comp_438_cycle_1_2",3
"18467","virus_comp_438_cycle_1_4",3
"18468","virus_comp_438_cycle_1_5",3
"18469","virus_comp_438_cycle_1_6",3
"18470","virus_comp_4383_cycle_1_2",3
"18471","virus_comp_4389_cycle_1_1",3
"18472","virus_comp_4389_cycle_1_3",3
"18473","virus_comp_439_cycle_1_12",3
"18474","virus_comp_439_cycle_1_13",3
"18475","virus_comp_439_cycle_1_15",3
"18476","virus_comp_439_cycle_1_16",3
"18477","virus_comp_439_cycle_1_17",3
"18478","virus_comp_439_cycle_1_18",3
"18479","virus_comp_439_cycle_1_19",3
"18480","virus_comp_439_cycle_1_20",3
"18481","virus_comp_439_cycle_1_21",3
"18482","virus_comp_439_cycle_1_26",3
"18483","virus_comp_439_cycle_1_27",3
"18484","virus_comp_439_cycle_1_29",3
"18485","virus_comp_439_cycle_1_34",3
"18486","virus_comp_439_cycle_1_37",3
"18487","virus_comp_439_cycle_1_38",3
"18488","virus_comp_439_cycle_1_45",3
"18489","virus_comp_439_cycle_1_49",3
"18490","virus_comp_439_cycle_1_53",3
"18491","virus_comp_439_cycle_1_54",3
"18492","virus_comp_439_cycle_1_56",3
"18493","virus_comp_439_cycle_1_58",3
"18494","virus_comp_439_cycle_1_9",3
"18495","virus_comp_4393_cycle_1_1",3
"18496","virus_comp_4393_cycle_1_5",3
"18497","virus_comp_4393_cycle_1_6",3
"18498","virus_comp_4393_cycle_1_7",3
"18499","virus_comp_440_cycle_1_6",3
"18500","virus_comp_4401_cycle_1_4",3
"18501","virus_comp_4406_cycle_1_1",3
"18502","virus_comp_4416_cycle_1_3",3
"18503","virus_comp_442_cycle_1_10",3
"18504","virus_comp_442_cycle_1_18",3
"18505","virus_comp_442_cycle_1_21",3
"18506","virus_comp_442_cycle_1_23",3
"18507","virus_comp_442_cycle_1_38",3
"18508","virus_comp_442_cycle_1_40",3
"18509","virus_comp_442_cycle_1_44",3
"18510","virus_comp_442_cycle_1_46",3
"18511","virus_comp_442_cycle_1_5",3
"18512","virus_comp_442_cycle_1_7",3
"18513","virus_comp_442_cycle_1_9",3
"18514","virus_comp_4432_cycle_1_2",3
"18515","virus_comp_4446_cycle_1_4",3
"18516","virus_comp_4453_cycle_1_2",3
"18517","virus_comp_446_cycle_1_11",3
"18518","virus_comp_446_cycle_1_16",3
"18519","virus_comp_446_cycle_1_4",3
"18520","virus_comp_446_cycle_1_5",3
"18521","virus_comp_446_cycle_1_7",3
"18522","virus_comp_4463_cycle_1_4",3
"18523","virus_comp_4466_cycle_1_1",3
"18524","virus_comp_4466_cycle_1_2",3
"18525","virus_comp_4468_cycle_1_1",3
"18526","virus_comp_447_cycle_1_4",3
"18527","virus_comp_447_cycle_1_8",3
"18528","virus_comp_448_cycle_1_10",3
"18529","virus_comp_448_cycle_1_11",3
"18530","virus_comp_448_cycle_1_12",3
"18531","virus_comp_448_cycle_1_2",3
"18532","virus_comp_448_cycle_1_23",3
"18533","virus_comp_448_cycle_1_34",3
"18534","virus_comp_448_cycle_1_37",3
"18535","virus_comp_448_cycle_1_4",3
"18536","virus_comp_448_cycle_1_40",3
"18537","virus_comp_448_cycle_1_43",3
"18538","virus_comp_448_cycle_1_47",3
"18539","virus_comp_448_cycle_1_49",3
"18540","virus_comp_448_cycle_1_5",3
"18541","virus_comp_448_cycle_1_52",3
"18542","virus_comp_448_cycle_1_56",3
"18543","virus_comp_448_cycle_1_6",3
"18544","virus_comp_448_cycle_1_61",3
"18545","virus_comp_448_cycle_1_64",3
"18546","virus_comp_448_cycle_1_67",3
"18547","virus_comp_448_cycle_1_7",3
"18548","virus_comp_448_cycle_1_8",3
"18549","virus_comp_4481_cycle_1_1",3
"18550","virus_comp_4503_cycle_1_2",3
"18551","virus_comp_451_cycle_1_7",3
"18552","virus_comp_451_cycle_1_9",3
"18553","virus_comp_4510_cycle_1_4",3
"18554","virus_comp_4511_cycle_1_2",3
"18555","virus_comp_4511_cycle_1_7",3
"18556","virus_comp_4511_cycle_1_8",3
"18557","virus_comp_4521_cycle_1_5",3
"18558","virus_comp_4525_cycle_1_2",3
"18559","virus_comp_4526_cycle_1_3",3
"18560","virus_comp_4526_cycle_1_6",3
"18561","virus_comp_453_cycle_1_4",3
"18562","virus_comp_4544_cycle_1_4",3
"18563","virus_comp_4544_cycle_1_5",3
"18564","virus_comp_4544_cycle_1_6",3
"18565","virus_comp_4544_cycle_1_7",3
"18566","virus_comp_4548_cycle_1_1",3
"18567","virus_comp_4548_cycle_1_2",3
"18568","virus_comp_4562_cycle_1_7",3
"18569","virus_comp_457_cycle_1_4",3
"18570","virus_comp_4573_cycle_1_2",3
"18571","virus_comp_4588_cycle_1_2",3
"18572","virus_comp_4597_cycle_1_6",3
"18573","virus_comp_460_cycle_1_9",3
"18574","virus_comp_4602_cycle_1_1",3
"18575","virus_comp_4602_cycle_1_2",3
"18576","virus_comp_4602_cycle_1_3",3
"18577","virus_comp_4605_cycle_1_2",3
"18578","virus_comp_4606_cycle_1_3",3
"18579","virus_comp_4606_cycle_1_6",3
"18580","virus_comp_4614_cycle_1_4",3
"18581","virus_comp_4619_cycle_1_3",3
"18582","virus_comp_462_cycle_1_10",3
"18583","virus_comp_462_cycle_1_15",3
"18584","virus_comp_462_cycle_1_28",3
"18585","virus_comp_4621_cycle_1_2",3
"18586","virus_comp_4632_cycle_1_1",3
"18587","virus_comp_4632_cycle_1_2",3
"18588","virus_comp_4632_cycle_1_3",3
"18589","virus_comp_4632_cycle_1_5",3
"18590","virus_comp_4637_cycle_1_5",3
"18591","virus_comp_464_cycle_1_11",3
"18592","virus_comp_464_cycle_1_19",3
"18593","virus_comp_464_cycle_1_33",3
"18594","virus_comp_464_cycle_1_44",3
"18595","virus_comp_464_cycle_1_45",3
"18596","virus_comp_464_cycle_1_68",3
"18597","virus_comp_464_cycle_1_69",3
"18598","virus_comp_464_cycle_1_70",3
"18599","virus_comp_464_cycle_1_73",3
"18600","virus_comp_464_cycle_1_86",3
"18601","virus_comp_465_cycle_1_1",3
"18602","virus_comp_465_cycle_1_10",3
"18603","virus_comp_465_cycle_1_11",3
"18604","virus_comp_465_cycle_1_12",3
"18605","virus_comp_465_cycle_1_14",3
"18606","virus_comp_465_cycle_1_15",3
"18607","virus_comp_465_cycle_1_18",3
"18608","virus_comp_465_cycle_1_6",3
"18609","virus_comp_465_cycle_1_9",3
"18610","virus_comp_4650_cycle_1_2",3
"18611","virus_comp_4658_cycle_1_2",3
"18612","virus_comp_466_cycle_1_2",3
"18613","virus_comp_4674_cycle_1_2",3
"18614","virus_comp_4688_cycle_1_2",3
"18615","virus_comp_4690_cycle_1_8",3
"18616","virus_comp_4698_cycle_1_2",3
"18617","virus_comp_4706_cycle_1_4",3
"18618","virus_comp_4706_cycle_1_8",3
"18619","virus_comp_472_cycle_1_10",3
"18620","virus_comp_472_cycle_1_20",3
"18621","virus_comp_472_cycle_1_21",3
"18622","virus_comp_4727_cycle_1_5",3
"18623","virus_comp_4727_cycle_1_6",3
"18624","virus_comp_473_cycle_1_1",3
"18625","virus_comp_473_cycle_1_10",3
"18626","virus_comp_473_cycle_1_11",3
"18627","virus_comp_473_cycle_1_12",3
"18628","virus_comp_473_cycle_1_14",3
"18629","virus_comp_473_cycle_1_16",3
"18630","virus_comp_473_cycle_1_18",3
"18631","virus_comp_473_cycle_1_19",3
"18632","virus_comp_473_cycle_1_2",3
"18633","virus_comp_473_cycle_1_20",3
"18634","virus_comp_473_cycle_1_9",3
"18635","virus_comp_4737_cycle_1_2",3
"18636","virus_comp_4744_cycle_1_4",3
"18637","virus_comp_475_cycle_1_16",3
"18638","virus_comp_475_cycle_1_27",3
"18639","virus_comp_475_cycle_1_29",3
"18640","virus_comp_475_cycle_1_30",3
"18641","virus_comp_475_cycle_1_37",3
"18642","virus_comp_475_cycle_1_4",3
"18643","virus_comp_475_cycle_1_63",3
"18644","virus_comp_475_cycle_1_78",3
"18645","virus_comp_475_cycle_1_88",3
"18646","virus_comp_475_cycle_1_89",3
"18647","virus_comp_4751_cycle_1_3",3
"18648","virus_comp_4754_cycle_1_3",3
"18649","virus_comp_4754_cycle_1_4",3
"18650","virus_comp_4754_cycle_1_5",3
"18651","virus_comp_476_cycle_1_5",3
"18652","virus_comp_4767_cycle_1_6",3
"18653","virus_comp_4767_cycle_1_8",3
"18654","virus_comp_4768_cycle_1_2",3
"18655","virus_comp_4769_cycle_1_5",3
"18656","virus_comp_477_cycle_1_10",3
"18657","virus_comp_477_cycle_1_3",3
"18658","virus_comp_477_cycle_1_6",3
"18659","virus_comp_4772_cycle_1_2",3
"18660","virus_comp_4774_cycle_1_2",3
"18661","virus_comp_4776_cycle_1_2",3
"18662","virus_comp_4776_cycle_1_3",3
"18663","virus_comp_478_cycle_1_11",3
"18664","virus_comp_478_cycle_1_9",3
"18665","virus_comp_4784_cycle_1_3",3
"18666","virus_comp_4789_cycle_1_1",3
"18667","virus_comp_4789_cycle_1_2",3
"18668","virus_comp_479_cycle_1_10",3
"18669","virus_comp_479_cycle_1_11",3
"18670","virus_comp_479_cycle_1_13",3
"18671","virus_comp_479_cycle_1_16",3
"18672","virus_comp_479_cycle_1_20",3
"18673","virus_comp_479_cycle_1_21",3
"18674","virus_comp_479_cycle_1_22",3
"18675","virus_comp_479_cycle_1_23",3
"18676","virus_comp_479_cycle_1_29",3
"18677","virus_comp_479_cycle_1_3",3
"18678","virus_comp_479_cycle_1_30",3
"18679","virus_comp_479_cycle_1_4",3
"18680","virus_comp_479_cycle_1_8",3
"18681","virus_comp_479_cycle_1_9",3
"18682","virus_comp_4795_cycle_1_3",3
"18683","virus_comp_4795_cycle_1_5",3
"18684","virus_comp_4795_cycle_1_6",3
"18685","virus_comp_4802_cycle_1_2",3
"18686","virus_comp_4802_cycle_1_3",3
"18687","virus_comp_481_cycle_1_3",3
"18688","virus_comp_481_cycle_1_4",3
"18689","virus_comp_481_cycle_1_6",3
"18690","virus_comp_4812_cycle_1_3",3
"18691","virus_comp_4827_cycle_1_3",3
"18692","virus_comp_4831_cycle_1_1",3
"18693","virus_comp_4831_cycle_1_5",3
"18694","virus_comp_484_cycle_1_4",3
"18695","virus_comp_4851_cycle_1_3",3
"18696","virus_comp_4853_cycle_1_4",3
"18697","virus_comp_4853_cycle_1_5",3
"18698","virus_comp_4856_cycle_1_2",3
"18699","virus_comp_4857_cycle_1_1",3
"18700","virus_comp_4857_cycle_1_2",3
"18701","virus_comp_4857_cycle_1_3",3
"18702","virus_comp_4862_cycle_1_5",3
"18703","virus_comp_4869_cycle_1_2",3
"18704","virus_comp_4869_cycle_1_4",3
"18705","virus_comp_4897_cycle_1_1",3
"18706","virus_comp_4897_cycle_1_2",3
"18707","virus_comp_4897_cycle_1_3",3
"18708","virus_comp_4899_cycle_1_1",3
"18709","virus_comp_4899_cycle_1_2",3
"18710","virus_comp_4899_cycle_1_4",3
"18711","virus_comp_4900_cycle_1_1",3
"18712","virus_comp_4912_cycle_1_3",3
"18713","virus_comp_4912_cycle_1_4",3
"18714","virus_comp_4913_cycle_1_1",3
"18715","virus_comp_4913_cycle_1_3",3
"18716","virus_comp_493_cycle_1_14",3
"18717","virus_comp_493_cycle_1_19",3
"18718","virus_comp_493_cycle_1_30",3
"18719","virus_comp_493_cycle_1_32",3
"18720","virus_comp_493_cycle_1_33",3
"18721","virus_comp_493_cycle_1_34",3
"18722","virus_comp_493_cycle_1_36",3
"18723","virus_comp_493_cycle_1_37",3
"18724","virus_comp_493_cycle_1_38",3
"18725","virus_comp_493_cycle_1_50",3
"18726","virus_comp_493_cycle_1_51",3
"18727","virus_comp_493_cycle_1_52",3
"18728","virus_comp_493_cycle_1_56",3
"18729","virus_comp_493_cycle_1_83",3
"18730","virus_comp_493_cycle_1_87",3
"18731","virus_comp_4931_cycle_1_1",3
"18732","virus_comp_4935_cycle_1_1",3
"18733","virus_comp_4935_cycle_1_4",3
"18734","virus_comp_4935_cycle_1_7",3
"18735","virus_comp_494_cycle_1_12",3
"18736","virus_comp_494_cycle_1_3",3
"18737","virus_comp_4946_cycle_1_2",3
"18738","virus_comp_4948_cycle_1_3",3
"18739","virus_comp_495_cycle_1_1",3
"18740","virus_comp_495_cycle_1_3",3
"18741","virus_comp_495_cycle_1_5",3
"18742","virus_comp_495_cycle_1_6",3
"18743","virus_comp_495_cycle_1_7",3
"18744","virus_comp_4952_cycle_1_5",3
"18745","virus_comp_4952_cycle_1_8",3
"18746","virus_comp_4953_cycle_1_1",3
"18747","virus_comp_4953_cycle_1_4",3
"18748","virus_comp_4959_cycle_1_2",3
"18749","virus_comp_4959_cycle_1_3",3
"18750","virus_comp_496_cycle_1_15",3
"18751","virus_comp_496_cycle_1_21",3
"18752","virus_comp_496_cycle_1_24",3
"18753","virus_comp_496_cycle_1_39",3
"18754","virus_comp_496_cycle_1_44",3
"18755","virus_comp_496_cycle_1_45",3
"18756","virus_comp_496_cycle_1_55",3
"18757","virus_comp_496_cycle_1_56",3
"18758","virus_comp_496_cycle_1_57",3
"18759","virus_comp_496_cycle_1_6",3
"18760","virus_comp_496_cycle_1_64",3
"18761","virus_comp_496_cycle_1_7",3
"18762","virus_comp_4962_cycle_1_3",3
"18763","virus_comp_4963_cycle_1_6",3
"18764","virus_comp_498_cycle_1_10",3
"18765","virus_comp_498_cycle_1_2",3
"18766","virus_comp_498_cycle_1_24",3
"18767","virus_comp_498_cycle_1_26",3
"18768","virus_comp_498_cycle_1_31",3
"18769","virus_comp_498_cycle_1_32",3
"18770","virus_comp_498_cycle_1_39",3
"18771","virus_comp_498_cycle_1_40",3
"18772","virus_comp_498_cycle_1_41",3
"18773","virus_comp_498_cycle_1_45",3
"18774","virus_comp_498_cycle_1_46",3
"18775","virus_comp_498_cycle_1_5",3
"18776","virus_comp_498_cycle_1_52",3
"18777","virus_comp_498_cycle_1_54",3
"18778","virus_comp_498_cycle_1_58",3
"18779","virus_comp_498_cycle_1_6",3
"18780","virus_comp_498_cycle_1_62",3
"18781","virus_comp_498_cycle_1_66",3
"18782","virus_comp_498_cycle_1_7",3
"18783","virus_comp_498_cycle_1_70",3
"18784","virus_comp_498_cycle_1_71",3
"18785","virus_comp_498_cycle_1_73",3
"18786","virus_comp_498_cycle_1_74",3
"18787","virus_comp_498_cycle_1_75",3
"18788","virus_comp_498_cycle_1_76",3
"18789","virus_comp_498_cycle_1_78",3
"18790","virus_comp_498_cycle_1_85",3
"18791","virus_comp_498_cycle_1_9",3
"18792","virus_comp_498_cycle_1_98",3
"18793","virus_comp_4989_cycle_1_2",3
"18794","virus_comp_4991_cycle_1_2",3
"18795","virus_comp_4991_cycle_1_3",3
"18796","virus_comp_4991_cycle_1_4",3
"18797","virus_comp_500_cycle_1_9",3
"18798","virus_comp_501_cycle_1_5",3
"18799","virus_comp_501_cycle_1_7",3
"18800","virus_comp_501_cycle_1_9",3
"18801","virus_comp_5014_cycle_1_1",3
"18802","virus_comp_5023_cycle_1_5",3
"18803","virus_comp_503_cycle_1_18",3
"18804","virus_comp_5031_cycle_1_1",3
"18805","virus_comp_5031_cycle_1_2",3
"18806","virus_comp_5031_cycle_1_4",3
"18807","virus_comp_5040_cycle_1_4",3
"18808","virus_comp_5040_cycle_1_5",3
"18809","virus_comp_5051_cycle_1_2",3
"18810","virus_comp_5051_cycle_1_4",3
"18811","virus_comp_5053_cycle_1_1",3
"18812","virus_comp_5072_cycle_1_4",3
"18813","virus_comp_5079_cycle_1_1",3
"18814","virus_comp_5079_cycle_1_4",3
"18815","virus_comp_5081_cycle_1_1",3
"18816","virus_comp_5081_cycle_1_5",3
"18817","virus_comp_5083_cycle_1_1",3
"18818","virus_comp_5083_cycle_1_2",3
"18819","virus_comp_5083_cycle_1_6",3
"18820","virus_comp_5084_cycle_1_2",3
"18821","virus_comp_5084_cycle_1_5",3
"18822","virus_comp_5084_cycle_1_9",3
"18823","virus_comp_510_cycle_1_2",3
"18824","virus_comp_510_cycle_1_3",3
"18825","virus_comp_510_cycle_1_9",3
"18826","virus_comp_5124_cycle_1_3",3
"18827","virus_comp_5126_cycle_1_1",3
"18828","virus_comp_5129_cycle_1_1",3
"18829","virus_comp_513_cycle_1_7",3
"18830","virus_comp_5139_cycle_1_4",3
"18831","virus_comp_5144_cycle_1_4",3
"18832","virus_comp_5145_cycle_1_3",3
"18833","virus_comp_516_cycle_1_12",3
"18834","virus_comp_516_cycle_1_14",3
"18835","virus_comp_516_cycle_1_17",3
"18836","virus_comp_516_cycle_1_18",3
"18837","virus_comp_516_cycle_1_19",3
"18838","virus_comp_516_cycle_1_20",3
"18839","virus_comp_516_cycle_1_27",3
"18840","virus_comp_516_cycle_1_3",3
"18841","virus_comp_516_cycle_1_37",3
"18842","virus_comp_516_cycle_1_4",3
"18843","virus_comp_516_cycle_1_41",3
"18844","virus_comp_516_cycle_1_45",3
"18845","virus_comp_516_cycle_1_53",3
"18846","virus_comp_516_cycle_1_60",3
"18847","virus_comp_516_cycle_1_7",3
"18848","virus_comp_516_cycle_1_82",3
"18849","virus_comp_5164_cycle_1_2",3
"18850","virus_comp_517_cycle_1_3",3
"18851","virus_comp_517_cycle_1_5",3
"18852","virus_comp_5176_cycle_1_4",3
"18853","virus_comp_5176_cycle_1_6",3
"18854","virus_comp_5181_cycle_1_3",3
"18855","virus_comp_5181_cycle_1_4",3
"18856","virus_comp_5182_cycle_1_3",3
"18857","virus_comp_5182_cycle_1_5",3
"18858","virus_comp_5182_cycle_1_6",3
"18859","virus_comp_5200_cycle_1_1",3
"18860","virus_comp_5200_cycle_1_3",3
"18861","virus_comp_5200_cycle_1_4",3
"18862","virus_comp_5200_cycle_1_5",3
"18863","virus_comp_5203_cycle_1_3",3
"18864","virus_comp_521_cycle_1_6",3
"18865","virus_comp_521_cycle_1_8",3
"18866","virus_comp_521_cycle_1_9",3
"18867","virus_comp_522_cycle_1_10",3
"18868","virus_comp_522_cycle_1_5",3
"18869","virus_comp_5223_cycle_1_1",3
"18870","virus_comp_523_cycle_1_1",3
"18871","virus_comp_523_cycle_1_2",3
"18872","virus_comp_523_cycle_1_9",3
"18873","virus_comp_524_cycle_1_5",3
"18874","virus_comp_5257_cycle_1_5",3
"18875","virus_comp_5295_cycle_1_2",3
"18876","virus_comp_5339_cycle_1_3",3
"18877","virus_comp_5352_cycle_1_1",3
"18878","virus_comp_5352_cycle_1_2",3
"18879","virus_comp_5352_cycle_1_3",3
"18880","virus_comp_5366_cycle_1_1",3
"18881","virus_comp_5367_cycle_1_1",3
"18882","virus_comp_5368_cycle_1_1",3
"18883","virus_comp_5371_cycle_1_4",3
"18884","virus_comp_5371_cycle_1_6",3
"18885","virus_comp_5375_cycle_1_2",3
"18886","virus_comp_5384_cycle_1_2",3
"18887","virus_comp_5391_cycle_1_1",3
"18888","virus_comp_5397_cycle_1_1",3
"18889","virus_comp_5397_cycle_1_3",3
"18890","virus_comp_5397_cycle_1_7",3
"18891","virus_comp_540_cycle_1_20",3
"18892","virus_comp_5406_cycle_1_5",3
"18893","virus_comp_5417_cycle_1_1",3
"18894","virus_comp_542_cycle_2_101",3
"18895","virus_comp_542_cycle_2_14",3
"18896","virus_comp_542_cycle_2_22",3
"18897","virus_comp_542_cycle_2_27",3
"18898","virus_comp_542_cycle_2_29",3
"18899","virus_comp_542_cycle_2_30",3
"18900","virus_comp_542_cycle_2_31",3
"18901","virus_comp_542_cycle_2_32",3
"18902","virus_comp_542_cycle_2_46",3
"18903","virus_comp_542_cycle_2_53",3
"18904","virus_comp_542_cycle_2_54",3
"18905","virus_comp_542_cycle_2_62",3
"18906","virus_comp_542_cycle_2_65",3
"18907","virus_comp_542_cycle_2_66",3
"18908","virus_comp_542_cycle_2_67",3
"18909","virus_comp_542_cycle_2_69",3
"18910","virus_comp_542_cycle_2_70",3
"18911","virus_comp_542_cycle_2_71",3
"18912","virus_comp_542_cycle_2_78",3
"18913","virus_comp_542_cycle_2_80",3
"18914","virus_comp_542_cycle_2_81",3
"18915","virus_comp_542_cycle_2_85",3
"18916","virus_comp_542_cycle_2_86",3
"18917","virus_comp_542_cycle_2_88",3
"18918","virus_comp_542_cycle_2_93",3
"18919","virus_comp_542_cycle_2_94",3
"18920","virus_comp_5441_cycle_1_1",3
"18921","virus_comp_5441_cycle_1_2",3
"18922","virus_comp_547_cycle_1_13",3
"18923","virus_comp_547_cycle_1_5",3
"18924","virus_comp_547_cycle_1_9",3
"18925","virus_comp_5477_cycle_1_2",3
"18926","virus_comp_5496_cycle_1_2",3
"18927","virus_comp_550_cycle_1_2",3
"18928","virus_comp_550_cycle_1_4",3
"18929","virus_comp_551_cycle_1_1",3
"18930","virus_comp_551_cycle_1_12",3
"18931","virus_comp_551_cycle_1_17",3
"18932","virus_comp_551_cycle_1_20",3
"18933","virus_comp_551_cycle_1_24",3
"18934","virus_comp_551_cycle_1_25",3
"18935","virus_comp_551_cycle_1_26",3
"18936","virus_comp_551_cycle_1_32",3
"18937","virus_comp_551_cycle_1_34",3
"18938","virus_comp_551_cycle_1_35",3
"18939","virus_comp_551_cycle_1_36",3
"18940","virus_comp_551_cycle_1_37",3
"18941","virus_comp_551_cycle_1_39",3
"18942","virus_comp_551_cycle_1_40",3
"18943","virus_comp_551_cycle_1_41",3
"18944","virus_comp_551_cycle_1_42",3
"18945","virus_comp_551_cycle_1_43",3
"18946","virus_comp_551_cycle_1_44",3
"18947","virus_comp_551_cycle_1_48",3
"18948","virus_comp_551_cycle_1_5",3
"18949","virus_comp_551_cycle_1_52",3
"18950","virus_comp_551_cycle_1_56",3
"18951","virus_comp_551_cycle_1_57",3
"18952","virus_comp_551_cycle_1_61",3
"18953","virus_comp_551_cycle_1_8",3
"18954","virus_comp_551_cycle_1_9",3
"18955","virus_comp_5521_cycle_1_3",3
"18956","virus_comp_5521_cycle_1_4",3
"18957","virus_comp_558_cycle_1_2",3
"18958","virus_comp_5582_cycle_1_4",3
"18959","virus_comp_5583_cycle_1_1",3
"18960","virus_comp_5587_cycle_1_3",3
"18961","virus_comp_561_cycle_1_2",3
"18962","virus_comp_5620_cycle_1_1",3
"18963","virus_comp_565_cycle_1_2",3
"18964","virus_comp_565_cycle_1_24",3
"18965","virus_comp_565_cycle_1_36",3
"18966","virus_comp_565_cycle_1_50",3
"18967","virus_comp_5658_cycle_1_2",3
"18968","virus_comp_566_cycle_1_2",3
"18969","virus_comp_567_cycle_1_20",3
"18970","virus_comp_567_cycle_1_25",3
"18971","virus_comp_567_cycle_1_27",3
"18972","virus_comp_567_cycle_1_29",3
"18973","virus_comp_567_cycle_1_30",3
"18974","virus_comp_567_cycle_1_51",3
"18975","virus_comp_5677_cycle_1_2",3
"18976","virus_comp_568_cycle_1_10",3
"18977","virus_comp_568_cycle_1_12",3
"18978","virus_comp_568_cycle_1_18",3
"18979","virus_comp_5707_cycle_1_4",3
"18980","virus_comp_5707_cycle_1_5",3
"18981","virus_comp_5730_cycle_1_1",3
"18982","virus_comp_5730_cycle_1_3",3
"18983","virus_comp_5776_cycle_1_1",3
"18984","virus_comp_5776_cycle_1_3",3
"18985","virus_comp_578_cycle_1_1",3
"18986","virus_comp_578_cycle_1_2",3
"18987","virus_comp_578_cycle_1_4",3
"18988","virus_comp_579_cycle_1_2",3
"18989","virus_comp_579_cycle_1_4",3
"18990","virus_comp_5792_cycle_1_4",3
"18991","virus_comp_5863_cycle_1_1",3
"18992","virus_comp_587_cycle_1_20",3
"18993","virus_comp_587_cycle_1_32",3
"18994","virus_comp_587_cycle_1_39",3
"18995","virus_comp_587_cycle_1_46",3
"18996","virus_comp_587_cycle_1_65",3
"18997","virus_comp_587_cycle_1_73",3
"18998","virus_comp_587_cycle_1_80",3
"18999","virus_comp_587_cycle_1_81",3
"19000","virus_comp_5871_cycle_1_2",3
"19001","virus_comp_588_cycle_1_10",3
"19002","virus_comp_588_cycle_1_11",3
"19003","virus_comp_588_cycle_1_12",3
"19004","virus_comp_588_cycle_1_13",3
"19005","virus_comp_588_cycle_1_14",3
"19006","virus_comp_588_cycle_1_17",3
"19007","virus_comp_588_cycle_1_19",3
"19008","virus_comp_588_cycle_1_2",3
"19009","virus_comp_588_cycle_1_23",3
"19010","virus_comp_588_cycle_1_33",3
"19011","virus_comp_588_cycle_1_34",3
"19012","virus_comp_588_cycle_1_36",3
"19013","virus_comp_588_cycle_1_40",3
"19014","virus_comp_588_cycle_1_42",3
"19015","virus_comp_588_cycle_1_43",3
"19016","virus_comp_588_cycle_1_44",3
"19017","virus_comp_588_cycle_1_46",3
"19018","virus_comp_588_cycle_1_47",3
"19019","virus_comp_588_cycle_1_48",3
"19020","virus_comp_588_cycle_1_49",3
"19021","virus_comp_588_cycle_1_5",3
"19022","virus_comp_588_cycle_1_50",3
"19023","virus_comp_588_cycle_1_61",3
"19024","virus_comp_588_cycle_1_62",3
"19025","virus_comp_588_cycle_1_63",3
"19026","virus_comp_588_cycle_1_64",3
"19027","virus_comp_588_cycle_1_67",3
"19028","virus_comp_588_cycle_1_72",3
"19029","virus_comp_588_cycle_1_73",3
"19030","virus_comp_588_cycle_1_74",3
"19031","virus_comp_588_cycle_1_75",3
"19032","virus_comp_588_cycle_1_8",3
"19033","virus_comp_5883_cycle_1_2",3
"19034","virus_comp_5883_cycle_1_4",3
"19035","virus_comp_5888_cycle_1_7",3
"19036","virus_comp_589_cycle_1_10",3
"19037","virus_comp_589_cycle_1_11",3
"19038","virus_comp_589_cycle_1_14",3
"19039","virus_comp_589_cycle_1_15",3
"19040","virus_comp_589_cycle_1_19",3
"19041","virus_comp_589_cycle_1_20",3
"19042","virus_comp_589_cycle_1_23",3
"19043","virus_comp_589_cycle_1_33",3
"19044","virus_comp_589_cycle_1_43",3
"19045","virus_comp_589_cycle_1_47",3
"19046","virus_comp_589_cycle_1_48",3
"19047","virus_comp_589_cycle_1_5",3
"19048","virus_comp_589_cycle_1_56",3
"19049","virus_comp_589_cycle_1_59",3
"19050","virus_comp_589_cycle_1_6",3
"19051","virus_comp_589_cycle_1_61",3
"19052","virus_comp_589_cycle_1_62",3
"19053","virus_comp_589_cycle_1_69",3
"19054","virus_comp_589_cycle_1_7",3
"19055","virus_comp_589_cycle_1_70",3
"19056","virus_comp_589_cycle_1_73",3
"19057","virus_comp_589_cycle_1_74",3
"19058","virus_comp_589_cycle_1_75",3
"19059","virus_comp_589_cycle_1_78",3
"19060","virus_comp_589_cycle_1_79",3
"19061","virus_comp_589_cycle_1_8",3
"19062","virus_comp_589_cycle_1_80",3
"19063","virus_comp_590_cycle_2_18",3
"19064","virus_comp_590_cycle_2_4",3
"19065","virus_comp_5915_cycle_1_1",3
"19066","virus_comp_5915_cycle_1_4",3
"19067","virus_comp_5927_cycle_1_3",3
"19068","virus_comp_593_cycle_1_103",3
"19069","virus_comp_593_cycle_1_18",3
"19070","virus_comp_593_cycle_1_35",3
"19071","virus_comp_593_cycle_1_45",3
"19072","virus_comp_593_cycle_1_5",3
"19073","virus_comp_593_cycle_1_56",3
"19074","virus_comp_593_cycle_1_57",3
"19075","virus_comp_593_cycle_1_6",3
"19076","virus_comp_593_cycle_1_7",3
"19077","virus_comp_593_cycle_1_79",3
"19078","virus_comp_5934_cycle_1_3",3
"19079","virus_comp_594_cycle_1_1",3
"19080","virus_comp_594_cycle_1_2",3
"19081","virus_comp_5949_cycle_1_1",3
"19082","virus_comp_5949_cycle_1_3",3
"19083","virus_comp_596_cycle_1_7",3
"19084","virus_comp_60_cycle_1_1",3
"19085","virus_comp_60_cycle_1_11",3
"19086","virus_comp_60_cycle_1_12",3
"19087","virus_comp_60_cycle_1_16",3
"19088","virus_comp_60_cycle_1_3",3
"19089","virus_comp_60_cycle_1_35",3
"19090","virus_comp_601_cycle_1_4",3
"19091","virus_comp_6019_cycle_1_1",3
"19092","virus_comp_602_cycle_1_5",3
"19093","virus_comp_602_cycle_1_9",3
"19094","virus_comp_6037_cycle_1_2",3
"19095","virus_comp_6037_cycle_1_3",3
"19096","virus_comp_604_cycle_1_13",3
"19097","virus_comp_604_cycle_1_14",3
"19098","virus_comp_604_cycle_1_15",3
"19099","virus_comp_604_cycle_1_2",3
"19100","virus_comp_604_cycle_1_4",3
"19101","virus_comp_604_cycle_1_8",3
"19102","virus_comp_605_cycle_1_1",3
"19103","virus_comp_605_cycle_1_4",3
"19104","virus_comp_605_cycle_1_5",3
"19105","virus_comp_605_cycle_1_8",3
"19106","virus_comp_606_cycle_1_2",3
"19107","virus_comp_606_cycle_1_3",3
"19108","virus_comp_606_cycle_1_5",3
"19109","virus_comp_6081_cycle_1_2",3
"19110","virus_comp_609_cycle_1_10",3
"19111","virus_comp_609_cycle_1_11",3
"19112","virus_comp_609_cycle_1_13",3
"19113","virus_comp_609_cycle_1_14",3
"19114","virus_comp_609_cycle_1_16",3
"19115","virus_comp_609_cycle_1_21",3
"19116","virus_comp_609_cycle_1_23",3
"19117","virus_comp_609_cycle_1_25",3
"19118","virus_comp_609_cycle_1_28",3
"19119","virus_comp_609_cycle_1_36",3
"19120","virus_comp_609_cycle_1_37",3
"19121","virus_comp_609_cycle_1_39",3
"19122","virus_comp_609_cycle_1_41",3
"19123","virus_comp_609_cycle_1_42",3
"19124","virus_comp_609_cycle_1_44",3
"19125","virus_comp_609_cycle_1_45",3
"19126","virus_comp_609_cycle_1_50",3
"19127","virus_comp_609_cycle_1_53",3
"19128","virus_comp_609_cycle_1_54",3
"19129","virus_comp_609_cycle_1_56",3
"19130","virus_comp_609_cycle_1_58",3
"19131","virus_comp_609_cycle_1_59",3
"19132","virus_comp_609_cycle_1_69",3
"19133","virus_comp_609_cycle_1_71",3
"19134","virus_comp_609_cycle_1_9",3
"19135","virus_comp_6095_cycle_1_2",3
"19136","virus_comp_6104_cycle_1_2",3
"19137","virus_comp_6104_cycle_1_3",3
"19138","virus_comp_611_cycle_1_17",3
"19139","virus_comp_611_cycle_1_33",3
"19140","virus_comp_611_cycle_1_34",3
"19141","virus_comp_611_cycle_1_36",3
"19142","virus_comp_611_cycle_1_37",3
"19143","virus_comp_611_cycle_1_38",3
"19144","virus_comp_611_cycle_1_39",3
"19145","virus_comp_611_cycle_1_40",3
"19146","virus_comp_611_cycle_1_41",3
"19147","virus_comp_611_cycle_1_42",3
"19148","virus_comp_611_cycle_1_47",3
"19149","virus_comp_611_cycle_1_48",3
"19150","virus_comp_611_cycle_1_49",3
"19151","virus_comp_611_cycle_1_50",3
"19152","virus_comp_611_cycle_1_52",3
"19153","virus_comp_611_cycle_1_53",3
"19154","virus_comp_611_cycle_1_55",3
"19155","virus_comp_611_cycle_1_56",3
"19156","virus_comp_611_cycle_1_63",3
"19157","virus_comp_611_cycle_1_73",3
"19158","virus_comp_611_cycle_1_76",3
"19159","virus_comp_611_cycle_1_77",3
"19160","virus_comp_611_cycle_1_78",3
"19161","virus_comp_611_cycle_1_8",3
"19162","virus_comp_613_cycle_1_26",3
"19163","virus_comp_613_cycle_1_28",3
"19164","virus_comp_613_cycle_1_31",3
"19165","virus_comp_613_cycle_1_32",3
"19166","virus_comp_613_cycle_1_36",3
"19167","virus_comp_613_cycle_1_39",3
"19168","virus_comp_613_cycle_1_40",3
"19169","virus_comp_613_cycle_1_41",3
"19170","virus_comp_613_cycle_1_42",3
"19171","virus_comp_613_cycle_1_43",3
"19172","virus_comp_613_cycle_1_45",3
"19173","virus_comp_613_cycle_1_47",3
"19174","virus_comp_613_cycle_1_55",3
"19175","virus_comp_6138_cycle_1_2",3
"19176","virus_comp_617_cycle_1_3",3
"19177","virus_comp_619_cycle_1_12",3
"19178","virus_comp_619_cycle_1_16",3
"19179","virus_comp_619_cycle_1_5",3
"19180","virus_comp_620_cycle_1_7",3
"19181","virus_comp_621_cycle_1_4",3
"19182","virus_comp_6210_cycle_1_1",3
"19183","virus_comp_622_cycle_1_2",3
"19184","virus_comp_622_cycle_1_7",3
"19185","virus_comp_623_cycle_1_1",3
"19186","virus_comp_623_cycle_1_7",3
"19187","virus_comp_6252_cycle_1_3",3
"19188","virus_comp_627_cycle_1_1",3
"19189","virus_comp_6278_cycle_1_3",3
"19190","virus_comp_6281_cycle_1_1",3
"19191","virus_comp_6281_cycle_1_2",3
"19192","virus_comp_6281_cycle_1_4",3
"19193","virus_comp_630_cycle_1_1",3
"19194","virus_comp_6337_cycle_1_3",3
"19195","virus_comp_634_cycle_1_12",3
"19196","virus_comp_634_cycle_1_16",3
"19197","virus_comp_634_cycle_1_17",3
"19198","virus_comp_634_cycle_1_18",3
"19199","virus_comp_634_cycle_1_33",3
"19200","virus_comp_634_cycle_1_36",3
"19201","virus_comp_634_cycle_1_41",3
"19202","virus_comp_634_cycle_1_42",3
"19203","virus_comp_634_cycle_1_44",3
"19204","virus_comp_634_cycle_1_51",3
"19205","virus_comp_634_cycle_1_55",3
"19206","virus_comp_634_cycle_1_62",3
"19207","virus_comp_634_cycle_1_67",3
"19208","virus_comp_634_cycle_1_7",3
"19209","virus_comp_634_cycle_1_78",3
"19210","virus_comp_634_cycle_1_8",3
"19211","virus_comp_6349_cycle_1_3",3
"19212","virus_comp_636_cycle_1_17",3
"19213","virus_comp_636_cycle_1_18",3
"19214","virus_comp_636_cycle_1_20",3
"19215","virus_comp_636_cycle_1_21",3
"19216","virus_comp_636_cycle_1_23",3
"19217","virus_comp_636_cycle_1_24",3
"19218","virus_comp_636_cycle_1_25",3
"19219","virus_comp_636_cycle_1_28",3
"19220","virus_comp_636_cycle_1_29",3
"19221","virus_comp_636_cycle_1_3",3
"19222","virus_comp_636_cycle_1_30",3
"19223","virus_comp_636_cycle_1_34",3
"19224","virus_comp_636_cycle_1_35",3
"19225","virus_comp_636_cycle_1_4",3
"19226","virus_comp_636_cycle_1_40",3
"19227","virus_comp_636_cycle_1_42",3
"19228","virus_comp_636_cycle_1_50",3
"19229","virus_comp_636_cycle_1_55",3
"19230","virus_comp_636_cycle_1_56",3
"19231","virus_comp_636_cycle_1_60",3
"19232","virus_comp_636_cycle_1_62",3
"19233","virus_comp_636_cycle_1_67",3
"19234","virus_comp_6361_cycle_1_2",3
"19235","virus_comp_6361_cycle_1_3",3
"19236","virus_comp_6364_cycle_1_1",3
"19237","virus_comp_6364_cycle_1_3",3
"19238","virus_comp_6367_cycle_1_1",3
"19239","virus_comp_638_cycle_1_2",3
"19240","virus_comp_6395_cycle_1_2",3
"19241","virus_comp_64_cycle_1_1",3
"19242","virus_comp_6403_cycle_1_3",3
"19243","virus_comp_6403_cycle_1_4",3
"19244","virus_comp_6411_cycle_1_1",3
"19245","virus_comp_6416_cycle_1_2",3
"19246","virus_comp_6419_cycle_1_2",3
"19247","virus_comp_6419_cycle_1_4",3
"19248","virus_comp_6434_cycle_1_3",3
"19249","virus_comp_6434_cycle_1_5",3
"19250","virus_comp_645_cycle_1_10",3
"19251","virus_comp_6468_cycle_1_1",3
"19252","virus_comp_6468_cycle_1_3",3
"19253","virus_comp_651_cycle_1_11",3
"19254","virus_comp_651_cycle_1_32",3
"19255","virus_comp_651_cycle_1_34",3
"19256","virus_comp_651_cycle_1_36",3
"19257","virus_comp_651_cycle_1_56",3
"19258","virus_comp_651_cycle_1_59",3
"19259","virus_comp_6510_cycle_1_6",3
"19260","virus_comp_6518_cycle_1_2",3
"19261","virus_comp_652_cycle_1_1",3
"19262","virus_comp_6524_cycle_1_2",3
"19263","virus_comp_653_cycle_1_3",3
"19264","virus_comp_653_cycle_1_4",3
"19265","virus_comp_6539_cycle_1_3",3
"19266","virus_comp_6540_cycle_1_3",3
"19267","virus_comp_655_cycle_1_1",3
"19268","virus_comp_6552_cycle_1_3",3
"19269","virus_comp_6552_cycle_1_5",3
"19270","virus_comp_656_cycle_1_3",3
"19271","virus_comp_656_cycle_1_6",3
"19272","virus_comp_656_cycle_1_7",3
"19273","virus_comp_657_cycle_1_1",3
"19274","virus_comp_657_cycle_1_13",3
"19275","virus_comp_657_cycle_1_15",3
"19276","virus_comp_657_cycle_1_19",3
"19277","virus_comp_657_cycle_1_2",3
"19278","virus_comp_657_cycle_1_21",3
"19279","virus_comp_657_cycle_1_34",3
"19280","virus_comp_657_cycle_1_35",3
"19281","virus_comp_657_cycle_1_4",3
"19282","virus_comp_657_cycle_1_46",3
"19283","virus_comp_657_cycle_1_47",3
"19284","virus_comp_657_cycle_1_5",3
"19285","virus_comp_657_cycle_1_55",3
"19286","virus_comp_657_cycle_1_56",3
"19287","virus_comp_657_cycle_1_57",3
"19288","virus_comp_657_cycle_1_58",3
"19289","virus_comp_657_cycle_1_59",3
"19290","virus_comp_657_cycle_1_61",3
"19291","virus_comp_657_cycle_1_62",3
"19292","virus_comp_657_cycle_1_63",3
"19293","virus_comp_657_cycle_1_64",3
"19294","virus_comp_657_cycle_1_9",3
"19295","virus_comp_6574_cycle_1_1",3
"19296","virus_comp_6574_cycle_1_2",3
"19297","virus_comp_6597_cycle_1_2",3
"19298","virus_comp_6609_cycle_1_3",3
"19299","virus_comp_661_cycle_1_7",3
"19300","virus_comp_662_cycle_1_6",3
"19301","virus_comp_6620_cycle_1_1",3
"19302","virus_comp_6632_cycle_1_1",3
"19303","virus_comp_6635_cycle_1_1",3
"19304","virus_comp_664_cycle_1_10",3
"19305","virus_comp_664_cycle_1_13",3
"19306","virus_comp_6640_cycle_1_4",3
"19307","virus_comp_666_cycle_1_5",3
"19308","virus_comp_668_cycle_1_4",3
"19309","virus_comp_6691_cycle_1_4",3
"19310","virus_comp_6695_cycle_1_5",3
"19311","virus_comp_67_cycle_1_20",3
"19312","virus_comp_67_cycle_1_21",3
"19313","virus_comp_6718_cycle_1_5",3
"19314","virus_comp_6718_cycle_1_6",3
"19315","virus_comp_6719_cycle_1_3",3
"19316","virus_comp_6719_cycle_1_4",3
"19317","virus_comp_6723_cycle_1_2",3
"19318","virus_comp_6723_cycle_1_3",3
"19319","virus_comp_6724_cycle_1_1",3
"19320","virus_comp_6724_cycle_1_3",3
"19321","virus_comp_6726_cycle_1_4",3
"19322","virus_comp_6728_cycle_1_1",3
"19323","virus_comp_6728_cycle_1_2",3
"19324","virus_comp_6728_cycle_1_3",3
"19325","virus_comp_673_cycle_1_1",3
"19326","virus_comp_6731_cycle_1_1",3
"19327","virus_comp_6735_cycle_1_2",3
"19328","virus_comp_674_cycle_1_12",3
"19329","virus_comp_674_cycle_1_14",3
"19330","virus_comp_674_cycle_1_16",3
"19331","virus_comp_675_cycle_1_1",3
"19332","virus_comp_6759_cycle_1_5",3
"19333","virus_comp_6759_cycle_1_6",3
"19334","virus_comp_676_cycle_1_2",3
"19335","virus_comp_676_cycle_1_4",3
"19336","virus_comp_676_cycle_1_8",3
"19337","virus_comp_6815_cycle_1_2",3
"19338","virus_comp_6815_cycle_1_3",3
"19339","virus_comp_6815_cycle_1_4",3
"19340","virus_comp_684_cycle_1_39",3
"19341","virus_comp_684_cycle_1_40",3
"19342","virus_comp_6847_cycle_1_2",3
"19343","virus_comp_6850_cycle_1_2",3
"19344","virus_comp_6850_cycle_1_5",3
"19345","virus_comp_6853_cycle_1_4",3
"19346","virus_comp_686_cycle_1_1",3
"19347","virus_comp_6874_cycle_1_1",3
"19348","virus_comp_6889_cycle_1_1",3
"19349","virus_comp_6893_cycle_1_4",3
"19350","virus_comp_6896_cycle_1_4",3
"19351","virus_comp_69_cycle_1_15",3
"19352","virus_comp_69_cycle_1_20",3
"19353","virus_comp_69_cycle_1_24",3
"19354","virus_comp_69_cycle_1_25",3
"19355","virus_comp_69_cycle_1_31",3
"19356","virus_comp_69_cycle_1_39",3
"19357","virus_comp_69_cycle_1_40",3
"19358","virus_comp_69_cycle_1_43",3
"19359","virus_comp_69_cycle_1_45",3
"19360","virus_comp_69_cycle_1_9",3
"19361","virus_comp_6911_cycle_1_1",3
"19362","virus_comp_692_cycle_1_1",3
"19363","virus_comp_692_cycle_1_10",3
"19364","virus_comp_692_cycle_1_3",3
"19365","virus_comp_692_cycle_1_4",3
"19366","virus_comp_692_cycle_1_5",3
"19367","virus_comp_6926_cycle_1_2",3
"19368","virus_comp_695_cycle_1_1",3
"19369","virus_comp_695_cycle_1_4",3
"19370","virus_comp_6953_cycle_1_1",3
"19371","virus_comp_699_cycle_1_18",3
"19372","virus_comp_699_cycle_1_3",3
"19373","virus_comp_699_cycle_1_41",3
"19374","virus_comp_699_cycle_1_45",3
"19375","virus_comp_699_cycle_1_68",3
"19376","virus_comp_699_cycle_1_69",3
"19377","virus_comp_699_cycle_1_71",3
"19378","virus_comp_699_cycle_1_76",3
"19379","virus_comp_6993_cycle_1_1",3
"19380","virus_comp_6993_cycle_1_3",3
"19381","virus_comp_6993_cycle_1_7",3
"19382","virus_comp_700_cycle_1_10",3
"19383","virus_comp_700_cycle_1_8",3
"19384","virus_comp_702_cycle_1_1",3
"19385","virus_comp_702_cycle_1_4",3
"19386","virus_comp_703_cycle_1_1",3
"19387","virus_comp_703_cycle_1_2",3
"19388","virus_comp_7049_cycle_1_2",3
"19389","virus_comp_7049_cycle_1_3",3
"19390","virus_comp_7060_cycle_1_1",3
"19391","virus_comp_7060_cycle_1_2",3
"19392","virus_comp_707_cycle_1_45",3
"19393","virus_comp_707_cycle_1_62",3
"19394","virus_comp_707_cycle_1_63",3
"19395","virus_comp_707_cycle_1_64",3
"19396","virus_comp_707_cycle_1_65",3
"19397","virus_comp_708_cycle_1_14",3
"19398","virus_comp_708_cycle_1_2",3
"19399","virus_comp_708_cycle_1_3",3
"19400","virus_comp_708_cycle_1_4",3
"19401","virus_comp_7104_cycle_1_2",3
"19402","virus_comp_7113_cycle_1_4",3
"19403","virus_comp_7113_cycle_1_5",3
"19404","virus_comp_7122_cycle_1_4",3
"19405","virus_comp_714_cycle_1_5",3
"19406","virus_comp_715_cycle_1_2",3
"19407","virus_comp_7154_cycle_1_1",3
"19408","virus_comp_716_cycle_1_3",3
"19409","virus_comp_716_cycle_1_5",3
"19410","virus_comp_7165_cycle_1_6",3
"19411","virus_comp_718_cycle_1_6",3
"19412","virus_comp_718_cycle_1_7",3
"19413","virus_comp_719_cycle_1_1",3
"19414","virus_comp_719_cycle_1_10",3
"19415","virus_comp_719_cycle_1_9",3
"19416","virus_comp_720_cycle_1_12",3
"19417","virus_comp_720_cycle_1_20",3
"19418","virus_comp_720_cycle_1_21",3
"19419","virus_comp_720_cycle_1_28",3
"19420","virus_comp_720_cycle_1_29",3
"19421","virus_comp_720_cycle_1_32",3
"19422","virus_comp_721_cycle_1_10",3
"19423","virus_comp_721_cycle_1_12",3
"19424","virus_comp_721_cycle_1_5",3
"19425","virus_comp_722_cycle_1_10",3
"19426","virus_comp_722_cycle_1_11",3
"19427","virus_comp_722_cycle_1_13",3
"19428","virus_comp_722_cycle_1_15",3
"19429","virus_comp_722_cycle_1_20",3
"19430","virus_comp_722_cycle_1_24",3
"19431","virus_comp_722_cycle_1_25",3
"19432","virus_comp_722_cycle_1_26",3
"19433","virus_comp_722_cycle_1_27",3
"19434","virus_comp_722_cycle_1_28",3
"19435","virus_comp_722_cycle_1_29",3
"19436","virus_comp_722_cycle_1_30",3
"19437","virus_comp_722_cycle_1_31",3
"19438","virus_comp_722_cycle_1_33",3
"19439","virus_comp_724_cycle_1_5",3
"19440","virus_comp_725_cycle_1_28",3
"19441","virus_comp_725_cycle_1_29",3
"19442","virus_comp_725_cycle_1_31",3
"19443","virus_comp_725_cycle_1_63",3
"19444","virus_comp_7265_cycle_1_2",3
"19445","virus_comp_7265_cycle_1_3",3
"19446","virus_comp_727_cycle_1_25",3
"19447","virus_comp_727_cycle_1_35",3
"19448","virus_comp_727_cycle_1_7",3
"19449","virus_comp_7284_cycle_1_4",3
"19450","virus_comp_729_cycle_1_24",3
"19451","virus_comp_729_cycle_1_25",3
"19452","virus_comp_729_cycle_1_26",3
"19453","virus_comp_729_cycle_1_32",3
"19454","virus_comp_729_cycle_1_33",3
"19455","virus_comp_729_cycle_1_35",3
"19456","virus_comp_729_cycle_1_39",3
"19457","virus_comp_729_cycle_1_4",3
"19458","virus_comp_7303_cycle_1_1",3
"19459","virus_comp_7303_cycle_1_3",3
"19460","virus_comp_731_cycle_1_2",3
"19461","virus_comp_732_cycle_1_1",3
"19462","virus_comp_733_cycle_1_3",3
"19463","virus_comp_7342_cycle_1_2",3
"19464","virus_comp_7391_cycle_1_3",3
"19465","virus_comp_7391_cycle_1_4",3
"19466","virus_comp_7391_cycle_1_6",3
"19467","virus_comp_7405_cycle_1_1",3
"19468","virus_comp_741_cycle_1_1",3
"19469","virus_comp_741_cycle_1_2",3
"19470","virus_comp_741_cycle_1_5",3
"19471","virus_comp_741_cycle_1_7",3
"19472","virus_comp_744_cycle_1_6",3
"19473","virus_comp_746_cycle_1_29",3
"19474","virus_comp_749_cycle_1_10",3
"19475","virus_comp_749_cycle_1_11",3
"19476","virus_comp_749_cycle_1_12",3
"19477","virus_comp_749_cycle_1_13",3
"19478","virus_comp_749_cycle_1_14",3
"19479","virus_comp_749_cycle_1_15",3
"19480","virus_comp_749_cycle_1_16",3
"19481","virus_comp_749_cycle_1_17",3
"19482","virus_comp_749_cycle_1_18",3
"19483","virus_comp_749_cycle_1_19",3
"19484","virus_comp_749_cycle_1_20",3
"19485","virus_comp_749_cycle_1_22",3
"19486","virus_comp_749_cycle_1_23",3
"19487","virus_comp_749_cycle_1_24",3
"19488","virus_comp_749_cycle_1_25",3
"19489","virus_comp_749_cycle_1_26",3
"19490","virus_comp_749_cycle_1_3",3
"19491","virus_comp_749_cycle_1_38",3
"19492","virus_comp_749_cycle_1_45",3
"19493","virus_comp_749_cycle_1_48",3
"19494","virus_comp_749_cycle_1_49",3
"19495","virus_comp_749_cycle_1_5",3
"19496","virus_comp_749_cycle_1_50",3
"19497","virus_comp_749_cycle_1_52",3
"19498","virus_comp_749_cycle_1_53",3
"19499","virus_comp_749_cycle_1_54",3
"19500","virus_comp_749_cycle_1_55",3
"19501","virus_comp_749_cycle_1_56",3
"19502","virus_comp_749_cycle_1_57",3
"19503","virus_comp_749_cycle_1_58",3
"19504","virus_comp_749_cycle_1_59",3
"19505","virus_comp_749_cycle_1_60",3
"19506","virus_comp_749_cycle_1_61",3
"19507","virus_comp_749_cycle_1_62",3
"19508","virus_comp_749_cycle_1_7",3
"19509","virus_comp_749_cycle_1_8",3
"19510","virus_comp_749_cycle_1_9",3
"19511","virus_comp_7494_cycle_1_2",3
"19512","virus_comp_7506_cycle_1_2",3
"19513","virus_comp_751_cycle_1_1",3
"19514","virus_comp_7514_cycle_1_2",3
"19515","virus_comp_7541_cycle_1_3",3
"19516","virus_comp_7556_cycle_1_2",3
"19517","virus_comp_756_cycle_1_1",3
"19518","virus_comp_757_cycle_1_15",3
"19519","virus_comp_757_cycle_1_19",3
"19520","virus_comp_757_cycle_1_2",3
"19521","virus_comp_757_cycle_1_3",3
"19522","virus_comp_757_cycle_1_32",3
"19523","virus_comp_757_cycle_1_33",3
"19524","virus_comp_757_cycle_1_35",3
"19525","virus_comp_757_cycle_1_40",3
"19526","virus_comp_757_cycle_1_41",3
"19527","virus_comp_757_cycle_1_47",3
"19528","virus_comp_757_cycle_1_5",3
"19529","virus_comp_757_cycle_1_65",3
"19530","virus_comp_757_cycle_1_74",3
"19531","virus_comp_758_cycle_1_1",3
"19532","virus_comp_758_cycle_1_2",3
"19533","virus_comp_759_cycle_1_3",3
"19534","virus_comp_7598_cycle_1_4",3
"19535","virus_comp_760_cycle_1_6",3
"19536","virus_comp_760_cycle_1_7",3
"19537","virus_comp_7606_cycle_1_1",3
"19538","virus_comp_7608_cycle_1_1",3
"19539","virus_comp_7611_cycle_1_1",3
"19540","virus_comp_7611_cycle_1_2",3
"19541","virus_comp_7611_cycle_1_4",3
"19542","virus_comp_763_cycle_1_36",3
"19543","virus_comp_763_cycle_1_37",3
"19544","virus_comp_7636_cycle_1_2",3
"19545","virus_comp_7646_cycle_1_2",3
"19546","virus_comp_7646_cycle_1_3",3
"19547","virus_comp_7646_cycle_1_5",3
"19548","virus_comp_766_cycle_1_10",3
"19549","virus_comp_766_cycle_1_11",3
"19550","virus_comp_766_cycle_1_14",3
"19551","virus_comp_766_cycle_1_6",3
"19552","virus_comp_7660_cycle_1_1",3
"19553","virus_comp_767_cycle_1_10",3
"19554","virus_comp_767_cycle_1_6",3
"19555","virus_comp_767_cycle_1_7",3
"19556","virus_comp_768_cycle_1_18",3
"19557","virus_comp_768_cycle_1_19",3
"19558","virus_comp_768_cycle_1_30",3
"19559","virus_comp_768_cycle_1_34",3
"19560","virus_comp_7691_cycle_1_1",3
"19561","virus_comp_7692_cycle_1_1",3
"19562","virus_comp_7756_cycle_1_3",3
"19563","virus_comp_7756_cycle_1_4",3
"19564","virus_comp_7774_cycle_1_1",3
"19565","virus_comp_778_cycle_1_3",3
"19566","virus_comp_778_cycle_1_5",3
"19567","virus_comp_7806_cycle_1_3",3
"19568","virus_comp_7806_cycle_1_4",3
"19569","virus_comp_7808_cycle_1_3",3
"19570","virus_comp_7817_cycle_1_2",3
"19571","virus_comp_7817_cycle_1_3",3
"19572","virus_comp_7821_cycle_1_2",3
"19573","virus_comp_7844_cycle_1_1",3
"19574","virus_comp_7885_cycle_1_1",3
"19575","virus_comp_789_cycle_1_2",3
"19576","virus_comp_789_cycle_1_3",3
"19577","virus_comp_789_cycle_1_4",3
"19578","virus_comp_789_cycle_1_5",3
"19579","virus_comp_789_cycle_1_6",3
"19580","virus_comp_790_cycle_1_11",3
"19581","virus_comp_790_cycle_1_12",3
"19582","virus_comp_790_cycle_1_13",3
"19583","virus_comp_790_cycle_1_18",3
"19584","virus_comp_790_cycle_1_20",3
"19585","virus_comp_790_cycle_1_26",3
"19586","virus_comp_790_cycle_1_30",3
"19587","virus_comp_790_cycle_1_32",3
"19588","virus_comp_790_cycle_1_34",3
"19589","virus_comp_790_cycle_1_37",3
"19590","virus_comp_790_cycle_1_45",3
"19591","virus_comp_790_cycle_1_6",3
"19592","virus_comp_791_cycle_1_13",3
"19593","virus_comp_791_cycle_1_14",3
"19594","virus_comp_791_cycle_1_6",3
"19595","virus_comp_792_cycle_1_1",3
"19596","virus_comp_792_cycle_1_11",3
"19597","virus_comp_792_cycle_1_12",3
"19598","virus_comp_792_cycle_1_15",3
"19599","virus_comp_792_cycle_1_16",3
"19600","virus_comp_792_cycle_1_4",3
"19601","virus_comp_792_cycle_1_5",3
"19602","virus_comp_792_cycle_1_6",3
"19603","virus_comp_792_cycle_1_7",3
"19604","virus_comp_792_cycle_1_8",3
"19605","virus_comp_792_cycle_1_9",3
"19606","virus_comp_794_cycle_1_3",3
"19607","virus_comp_794_cycle_1_4",3
"19608","virus_comp_794_cycle_1_6",3
"19609","virus_comp_7982_cycle_1_1",3
"19610","virus_comp_8_cycle_1_4",3
"19611","virus_comp_8009_cycle_1_1",3
"19612","virus_comp_8010_cycle_1_4",3
"19613","virus_comp_8013_cycle_1_2",3
"19614","virus_comp_8032_cycle_1_2",3
"19615","virus_comp_8034_cycle_1_1",3
"19616","virus_comp_8034_cycle_1_3",3
"19617","virus_comp_8037_cycle_1_3",3
"19618","virus_comp_8037_cycle_1_4",3
"19619","virus_comp_8042_cycle_1_1",3
"19620","virus_comp_8074_cycle_1_4",3
"19621","virus_comp_8074_cycle_1_5",3
"19622","virus_comp_81_cycle_1_1",3
"19623","virus_comp_81_cycle_1_3",3
"19624","virus_comp_8115_cycle_1_2",3
"19625","virus_comp_8156_cycle_1_1",3
"19626","virus_comp_8158_cycle_1_1",3
"19627","virus_comp_8165_cycle_1_3",3
"19628","virus_comp_8165_cycle_1_4",3
"19629","virus_comp_8193_cycle_1_1",3
"19630","virus_comp_8193_cycle_1_2",3
"19631","virus_comp_821_cycle_5_44",3
"19632","virus_comp_821_cycle_5_46",3
"19633","virus_comp_821_cycle_5_5",3
"19634","virus_comp_821_cycle_5_51",3
"19635","virus_comp_821_cycle_5_52",3
"19636","virus_comp_8233_cycle_1_5",3
"19637","virus_comp_8236_cycle_1_1",3
"19638","virus_comp_8246_cycle_1_1",3
"19639","virus_comp_8255_cycle_1_2",3
"19640","virus_comp_8258_cycle_1_2",3
"19641","virus_comp_8258_cycle_1_3",3
"19642","virus_comp_826_cycle_1_1",3
"19643","virus_comp_826_cycle_1_4",3
"19644","virus_comp_830_cycle_1_14",3
"19645","virus_comp_830_cycle_1_21",3
"19646","virus_comp_830_cycle_1_25",3
"19647","virus_comp_830_cycle_1_26",3
"19648","virus_comp_830_cycle_1_27",3
"19649","virus_comp_8304_cycle_1_1",3
"19650","virus_comp_8333_cycle_1_2",3
"19651","virus_comp_8333_cycle_1_4",3
"19652","virus_comp_8369_cycle_1_3",3
"19653","virus_comp_837_cycle_1_11",3
"19654","virus_comp_837_cycle_1_5",3
"19655","virus_comp_8375_cycle_1_1",3
"19656","virus_comp_8375_cycle_1_5",3
"19657","virus_comp_838_cycle_1_61",3
"19658","virus_comp_8385_cycle_1_1",3
"19659","virus_comp_8387_cycle_1_4",3
"19660","virus_comp_839_cycle_1_10",3
"19661","virus_comp_839_cycle_1_11",3
"19662","virus_comp_839_cycle_1_14",3
"19663","virus_comp_839_cycle_1_15",3
"19664","virus_comp_839_cycle_1_16",3
"19665","virus_comp_839_cycle_1_21",3
"19666","virus_comp_839_cycle_1_24",3
"19667","virus_comp_839_cycle_1_25",3
"19668","virus_comp_839_cycle_1_26",3
"19669","virus_comp_839_cycle_1_27",3
"19670","virus_comp_839_cycle_1_29",3
"19671","virus_comp_839_cycle_1_3",3
"19672","virus_comp_839_cycle_1_30",3
"19673","virus_comp_839_cycle_1_31",3
"19674","virus_comp_839_cycle_1_32",3
"19675","virus_comp_839_cycle_1_35",3
"19676","virus_comp_839_cycle_1_36",3
"19677","virus_comp_839_cycle_1_37",3
"19678","virus_comp_839_cycle_1_39",3
"19679","virus_comp_839_cycle_1_4",3
"19680","virus_comp_839_cycle_1_40",3
"19681","virus_comp_839_cycle_1_41",3
"19682","virus_comp_839_cycle_1_45",3
"19683","virus_comp_839_cycle_1_46",3
"19684","virus_comp_839_cycle_1_48",3
"19685","virus_comp_839_cycle_1_5",3
"19686","virus_comp_839_cycle_1_6",3
"19687","virus_comp_839_cycle_1_7",3
"19688","virus_comp_839_cycle_1_8",3
"19689","virus_comp_839_cycle_1_9",3
"19690","virus_comp_840_cycle_1_10",3
"19691","virus_comp_840_cycle_1_11",3
"19692","virus_comp_840_cycle_1_12",3
"19693","virus_comp_840_cycle_1_14",3
"19694","virus_comp_840_cycle_1_16",3
"19695","virus_comp_840_cycle_1_17",3
"19696","virus_comp_840_cycle_1_19",3
"19697","virus_comp_840_cycle_1_20",3
"19698","virus_comp_840_cycle_1_21",3
"19699","virus_comp_840_cycle_1_22",3
"19700","virus_comp_840_cycle_1_23",3
"19701","virus_comp_840_cycle_1_24",3
"19702","virus_comp_840_cycle_1_25",3
"19703","virus_comp_840_cycle_1_26",3
"19704","virus_comp_840_cycle_1_27",3
"19705","virus_comp_840_cycle_1_28",3
"19706","virus_comp_840_cycle_1_29",3
"19707","virus_comp_840_cycle_1_3",3
"19708","virus_comp_840_cycle_1_30",3
"19709","virus_comp_840_cycle_1_31",3
"19710","virus_comp_840_cycle_1_4",3
"19711","virus_comp_840_cycle_1_5",3
"19712","virus_comp_840_cycle_1_6",3
"19713","virus_comp_840_cycle_1_7",3
"19714","virus_comp_840_cycle_1_9",3
"19715","virus_comp_841_cycle_1_1",3
"19716","virus_comp_841_cycle_1_3",3
"19717","virus_comp_841_cycle_1_32",3
"19718","virus_comp_841_cycle_1_35",3
"19719","virus_comp_841_cycle_1_38",3
"19720","virus_comp_841_cycle_1_45",3
"19721","virus_comp_841_cycle_1_47",3
"19722","virus_comp_841_cycle_1_49",3
"19723","virus_comp_841_cycle_1_9",3
"19724","virus_comp_8430_cycle_1_5",3
"19725","virus_comp_844_cycle_1_1",3
"19726","virus_comp_844_cycle_1_15",3
"19727","virus_comp_844_cycle_1_17",3
"19728","virus_comp_844_cycle_1_18",3
"19729","virus_comp_844_cycle_1_2",3
"19730","virus_comp_844_cycle_1_21",3
"19731","virus_comp_844_cycle_1_25",3
"19732","virus_comp_844_cycle_1_26",3
"19733","virus_comp_844_cycle_1_27",3
"19734","virus_comp_844_cycle_1_30",3
"19735","virus_comp_844_cycle_1_34",3
"19736","virus_comp_844_cycle_1_36",3
"19737","virus_comp_844_cycle_1_37",3
"19738","virus_comp_844_cycle_1_39",3
"19739","virus_comp_844_cycle_1_4",3
"19740","virus_comp_844_cycle_1_40",3
"19741","virus_comp_844_cycle_1_42",3
"19742","virus_comp_844_cycle_1_43",3
"19743","virus_comp_844_cycle_1_5",3
"19744","virus_comp_844_cycle_1_7",3
"19745","virus_comp_844_cycle_1_8",3
"19746","virus_comp_845_cycle_1_9",3
"19747","virus_comp_8469_cycle_1_1",3
"19748","virus_comp_8484_cycle_1_1",3
"19749","virus_comp_849_cycle_1_11",3
"19750","virus_comp_849_cycle_1_3",3
"19751","virus_comp_8499_cycle_1_3",3
"19752","virus_comp_85_cycle_1_1",3
"19753","virus_comp_8507_cycle_1_1",3
"19754","virus_comp_851_cycle_1_10",3
"19755","virus_comp_851_cycle_1_11",3
"19756","virus_comp_851_cycle_1_12",3
"19757","virus_comp_851_cycle_1_24",3
"19758","virus_comp_853_cycle_1_15",3
"19759","virus_comp_853_cycle_1_2",3
"19760","virus_comp_853_cycle_1_20",3
"19761","virus_comp_853_cycle_1_21",3
"19762","virus_comp_853_cycle_1_22",3
"19763","virus_comp_853_cycle_1_23",3
"19764","virus_comp_853_cycle_1_24",3
"19765","virus_comp_853_cycle_1_26",3
"19766","virus_comp_853_cycle_1_31",3
"19767","virus_comp_853_cycle_1_32",3
"19768","virus_comp_853_cycle_1_35",3
"19769","virus_comp_853_cycle_1_36",3
"19770","virus_comp_853_cycle_1_38",3
"19771","virus_comp_853_cycle_1_4",3
"19772","virus_comp_853_cycle_1_40",3
"19773","virus_comp_853_cycle_1_41",3
"19774","virus_comp_853_cycle_1_49",3
"19775","virus_comp_853_cycle_1_57",3
"19776","virus_comp_853_cycle_1_59",3
"19777","virus_comp_8538_cycle_1_3",3
"19778","virus_comp_858_cycle_1_20",3
"19779","virus_comp_858_cycle_1_21",3
"19780","virus_comp_858_cycle_1_22",3
"19781","virus_comp_858_cycle_1_24",3
"19782","virus_comp_858_cycle_1_27",3
"19783","virus_comp_858_cycle_1_44",3
"19784","virus_comp_860_cycle_1_1",3
"19785","virus_comp_860_cycle_1_3",3
"19786","virus_comp_860_cycle_1_5",3
"19787","virus_comp_860_cycle_1_6",3
"19788","virus_comp_8606_cycle_1_1",3
"19789","virus_comp_861_cycle_1_8",3
"19790","virus_comp_862_cycle_1_13",3
"19791","virus_comp_862_cycle_1_14",3
"19792","virus_comp_862_cycle_1_15",3
"19793","virus_comp_862_cycle_1_17",3
"19794","virus_comp_862_cycle_1_18",3
"19795","virus_comp_862_cycle_1_20",3
"19796","virus_comp_862_cycle_1_23",3
"19797","virus_comp_862_cycle_1_7",3
"19798","virus_comp_863_cycle_1_18",3
"19799","virus_comp_863_cycle_1_19",3
"19800","virus_comp_863_cycle_1_22",3
"19801","virus_comp_863_cycle_1_24",3
"19802","virus_comp_863_cycle_1_25",3
"19803","virus_comp_863_cycle_1_27",3
"19804","virus_comp_863_cycle_1_29",3
"19805","virus_comp_863_cycle_1_33",3
"19806","virus_comp_863_cycle_1_34",3
"19807","virus_comp_863_cycle_1_9",3
"19808","virus_comp_864_cycle_1_3",3
"19809","virus_comp_864_cycle_1_4",3
"19810","virus_comp_864_cycle_1_8",3
"19811","virus_comp_866_cycle_1_1",3
"19812","virus_comp_866_cycle_1_3",3
"19813","virus_comp_867_cycle_1_4",3
"19814","virus_comp_868_cycle_1_1",3
"19815","virus_comp_868_cycle_1_10",3
"19816","virus_comp_868_cycle_1_11",3
"19817","virus_comp_868_cycle_1_13",3
"19818","virus_comp_868_cycle_1_14",3
"19819","virus_comp_868_cycle_1_15",3
"19820","virus_comp_868_cycle_1_16",3
"19821","virus_comp_868_cycle_1_17",3
"19822","virus_comp_868_cycle_1_2",3
"19823","virus_comp_868_cycle_1_4",3
"19824","virus_comp_868_cycle_1_5",3
"19825","virus_comp_868_cycle_1_9",3
"19826","virus_comp_869_cycle_1_15",3
"19827","virus_comp_869_cycle_1_32",3
"19828","virus_comp_869_cycle_1_47",3
"19829","virus_comp_869_cycle_1_48",3
"19830","virus_comp_869_cycle_1_50",3
"19831","virus_comp_869_cycle_1_51",3
"19832","virus_comp_869_cycle_1_52",3
"19833","virus_comp_869_cycle_1_56",3
"19834","virus_comp_869_cycle_1_57",3
"19835","virus_comp_869_cycle_1_59",3
"19836","virus_comp_869_cycle_1_60",3
"19837","virus_comp_869_cycle_1_63",3
"19838","virus_comp_869_cycle_1_68",3
"19839","virus_comp_869_cycle_1_79",3
"19840","virus_comp_8696_cycle_1_1",3
"19841","virus_comp_870_cycle_1_1",3
"19842","virus_comp_870_cycle_1_12",3
"19843","virus_comp_870_cycle_1_13",3
"19844","virus_comp_870_cycle_1_14",3
"19845","virus_comp_870_cycle_1_15",3
"19846","virus_comp_870_cycle_1_4",3
"19847","virus_comp_871_cycle_1_6",3
"19848","virus_comp_872_cycle_1_19",3
"19849","virus_comp_872_cycle_1_23",3
"19850","virus_comp_872_cycle_1_31",3
"19851","virus_comp_872_cycle_1_32",3
"19852","virus_comp_872_cycle_1_43",3
"19853","virus_comp_872_cycle_1_49",3
"19854","virus_comp_872_cycle_1_5",3
"19855","virus_comp_872_cycle_1_9",3
"19856","virus_comp_873_cycle_1_2",3
"19857","virus_comp_875_cycle_1_11",3
"19858","virus_comp_877_cycle_1_11",3
"19859","virus_comp_877_cycle_1_14",3
"19860","virus_comp_8775_cycle_1_2",3
"19861","virus_comp_8795_cycle_1_1",3
"19862","virus_comp_8798_cycle_1_1",3
"19863","virus_comp_881_cycle_1_6",3
"19864","virus_comp_8828_cycle_1_1",3
"19865","virus_comp_885_cycle_1_1",3
"19866","virus_comp_885_cycle_1_10",3
"19867","virus_comp_885_cycle_1_3",3
"19868","virus_comp_885_cycle_1_7",3
"19869","virus_comp_885_cycle_1_8",3
"19870","virus_comp_8859_cycle_1_1",3
"19871","virus_comp_8859_cycle_1_4",3
"19872","virus_comp_887_cycle_1_11",3
"19873","virus_comp_887_cycle_1_13",3
"19874","virus_comp_887_cycle_1_15",3
"19875","virus_comp_887_cycle_1_23",3
"19876","virus_comp_887_cycle_1_28",3
"19877","virus_comp_887_cycle_1_35",3
"19878","virus_comp_887_cycle_1_36",3
"19879","virus_comp_887_cycle_1_40",3
"19880","virus_comp_887_cycle_1_42",3
"19881","virus_comp_887_cycle_1_45",3
"19882","virus_comp_887_cycle_1_54",3
"19883","virus_comp_887_cycle_1_62",3
"19884","virus_comp_887_cycle_1_75",3
"19885","virus_comp_8889_cycle_1_4",3
"19886","virus_comp_890_cycle_1_1",3
"19887","virus_comp_890_cycle_1_11",3
"19888","virus_comp_890_cycle_1_12",3
"19889","virus_comp_890_cycle_1_13",3
"19890","virus_comp_890_cycle_1_14",3
"19891","virus_comp_890_cycle_1_15",3
"19892","virus_comp_890_cycle_1_16",3
"19893","virus_comp_890_cycle_1_17",3
"19894","virus_comp_890_cycle_1_18",3
"19895","virus_comp_890_cycle_1_19",3
"19896","virus_comp_890_cycle_1_2",3
"19897","virus_comp_890_cycle_1_20",3
"19898","virus_comp_890_cycle_1_21",3
"19899","virus_comp_890_cycle_1_22",3
"19900","virus_comp_890_cycle_1_23",3
"19901","virus_comp_890_cycle_1_26",3
"19902","virus_comp_890_cycle_1_27",3
"19903","virus_comp_890_cycle_1_28",3
"19904","virus_comp_890_cycle_1_29",3
"19905","virus_comp_890_cycle_1_3",3
"19906","virus_comp_890_cycle_1_30",3
"19907","virus_comp_890_cycle_1_4",3
"19908","virus_comp_890_cycle_1_5",3
"19909","virus_comp_890_cycle_1_6",3
"19910","virus_comp_890_cycle_1_7",3
"19911","virus_comp_890_cycle_1_8",3
"19912","virus_comp_890_cycle_1_9",3
"19913","virus_comp_894_cycle_1_11",3
"19914","virus_comp_894_cycle_1_12",3
"19915","virus_comp_894_cycle_1_18",3
"19916","virus_comp_894_cycle_1_19",3
"19917","virus_comp_894_cycle_1_22",3
"19918","virus_comp_894_cycle_1_23",3
"19919","virus_comp_894_cycle_1_30",3
"19920","virus_comp_894_cycle_1_33",3
"19921","virus_comp_894_cycle_1_36",3
"19922","virus_comp_894_cycle_1_9",3
"19923","virus_comp_895_cycle_1_21",3
"19924","virus_comp_895_cycle_1_25",3
"19925","virus_comp_895_cycle_1_32",3
"19926","virus_comp_895_cycle_1_35",3
"19927","virus_comp_895_cycle_1_39",3
"19928","virus_comp_895_cycle_1_4",3
"19929","virus_comp_895_cycle_1_8",3
"19930","virus_comp_8964_cycle_1_2",3
"19931","virus_comp_8971_cycle_1_2",3
"19932","virus_comp_8974_cycle_1_2",3
"19933","virus_comp_8974_cycle_1_4",3
"19934","virus_comp_9_cycle_1_1",3
"19935","virus_comp_902_cycle_1_6",3
"19936","virus_comp_902_cycle_1_9",3
"19937","virus_comp_904_cycle_1_1",3
"19938","virus_comp_905_cycle_1_1",3
"19939","virus_comp_905_cycle_1_11",3
"19940","virus_comp_905_cycle_1_12",3
"19941","virus_comp_905_cycle_1_19",3
"19942","virus_comp_905_cycle_1_2",3
"19943","virus_comp_905_cycle_1_27",3
"19944","virus_comp_905_cycle_1_3",3
"19945","virus_comp_906_cycle_1_12",3
"19946","virus_comp_906_cycle_1_13",3
"19947","virus_comp_906_cycle_1_18",3
"19948","virus_comp_906_cycle_1_19",3
"19949","virus_comp_906_cycle_1_20",3
"19950","virus_comp_906_cycle_1_21",3
"19951","virus_comp_906_cycle_1_22",3
"19952","virus_comp_906_cycle_1_23",3
"19953","virus_comp_906_cycle_1_24",3
"19954","virus_comp_906_cycle_1_25",3
"19955","virus_comp_906_cycle_1_26",3
"19956","virus_comp_906_cycle_1_27",3
"19957","virus_comp_906_cycle_1_28",3
"19958","virus_comp_906_cycle_1_30",3
"19959","virus_comp_906_cycle_1_31",3
"19960","virus_comp_906_cycle_1_32",3
"19961","virus_comp_906_cycle_1_33",3
"19962","virus_comp_906_cycle_1_34",3
"19963","virus_comp_906_cycle_1_35",3
"19964","virus_comp_906_cycle_1_36",3
"19965","virus_comp_906_cycle_1_4",3
"19966","virus_comp_906_cycle_1_6",3
"19967","virus_comp_906_cycle_1_8",3
"19968","virus_comp_906_cycle_1_9",3
"19969","virus_comp_9065_cycle_1_1",3
"19970","virus_comp_9093_cycle_1_2",3
"19971","virus_comp_9093_cycle_1_3",3
"19972","virus_comp_912_cycle_1_10",3
"19973","virus_comp_912_cycle_1_12",3
"19974","virus_comp_912_cycle_1_15",3
"19975","virus_comp_912_cycle_1_2",3
"19976","virus_comp_912_cycle_1_20",3
"19977","virus_comp_912_cycle_1_22",3
"19978","virus_comp_912_cycle_1_23",3
"19979","virus_comp_912_cycle_1_3",3
"19980","virus_comp_912_cycle_1_5",3
"19981","virus_comp_912_cycle_1_8",3
"19982","virus_comp_913_cycle_1_23",3
"19983","virus_comp_913_cycle_1_29",3
"19984","virus_comp_915_cycle_1_10",3
"19985","virus_comp_9170_cycle_1_4",3
"19986","virus_comp_918_cycle_1_21",3
"19987","virus_comp_9186_cycle_1_2",3
"19988","virus_comp_921_cycle_1_2",3
"19989","virus_comp_921_cycle_1_7",3
"19990","virus_comp_9214_cycle_1_3",3
"19991","virus_comp_9214_cycle_1_4",3
"19992","virus_comp_9221_cycle_1_2",3
"19993","virus_comp_9221_cycle_1_3",3
"19994","virus_comp_9227_cycle_1_5",3
"19995","virus_comp_9237_cycle_1_3",3
"19996","virus_comp_924_cycle_2_14",3
"19997","virus_comp_924_cycle_2_16",3
"19998","virus_comp_924_cycle_2_19",3
"19999","virus_comp_924_cycle_2_20",3
"20000","virus_comp_924_cycle_2_22",3
"20001","virus_comp_924_cycle_2_24",3
"20002","virus_comp_924_cycle_2_32",3
"20003","virus_comp_924_cycle_2_36",3
"20004","virus_comp_924_cycle_2_40",3
"20005","virus_comp_924_cycle_2_5",3
"20006","virus_comp_925_cycle_1_3",3
"20007","virus_comp_9262_cycle_1_2",3
"20008","virus_comp_9275_cycle_1_3",3
"20009","virus_comp_928_cycle_1_3",3
"20010","virus_comp_928_cycle_1_5",3
"20011","virus_comp_9280_cycle_1_3",3
"20012","virus_comp_9308_cycle_1_3",3
"20013","virus_comp_9318_cycle_1_1",3
"20014","virus_comp_932_cycle_1_8",3
"20015","virus_comp_932_cycle_1_9",3
"20016","virus_comp_9325_cycle_1_3",3
"20017","virus_comp_934_cycle_1_3",3
"20018","virus_comp_935_cycle_1_6",3
"20019","virus_comp_936_cycle_1_1",3
"20020","virus_comp_936_cycle_1_4",3
"20021","virus_comp_9365_cycle_1_2",3
"20022","virus_comp_9370_cycle_1_2",3
"20023","virus_comp_9375_cycle_1_3",3
"20024","virus_comp_939_cycle_1_10",3
"20025","virus_comp_939_cycle_1_11",3
"20026","virus_comp_939_cycle_1_12",3
"20027","virus_comp_939_cycle_1_13",3
"20028","virus_comp_939_cycle_1_17",3
"20029","virus_comp_939_cycle_1_2",3
"20030","virus_comp_939_cycle_1_21",3
"20031","virus_comp_939_cycle_1_22",3
"20032","virus_comp_9393_cycle_1_2",3
"20033","virus_comp_9393_cycle_1_3",3
"20034","virus_comp_9427_cycle_1_1",3
"20035","virus_comp_9427_cycle_1_2",3
"20036","virus_comp_9438_cycle_1_1",3
"20037","virus_comp_9438_cycle_1_2",3
"20038","virus_comp_945_cycle_1_1",3
"20039","virus_comp_945_cycle_1_14",3
"20040","virus_comp_945_cycle_1_2",3
"20041","virus_comp_945_cycle_1_20",3
"20042","virus_comp_945_cycle_1_21",3
"20043","virus_comp_945_cycle_1_24",3
"20044","virus_comp_945_cycle_1_3",3
"20045","virus_comp_949_cycle_1_12",3
"20046","virus_comp_949_cycle_1_8",3
"20047","virus_comp_9510_cycle_1_1",3
"20048","virus_comp_9525_cycle_1_2",3
"20049","virus_comp_9527_cycle_1_1",3
"20050","virus_comp_9529_cycle_1_2",3
"20051","virus_comp_9529_cycle_1_3",3
"20052","virus_comp_9529_cycle_1_4",3
"20053","virus_comp_9539_cycle_1_2",3
"20054","virus_comp_9540_cycle_1_2",3
"20055","virus_comp_957_cycle_1_13",3
"20056","virus_comp_957_cycle_1_14",3
"20057","virus_comp_957_cycle_1_15",3
"20058","virus_comp_957_cycle_1_16",3
"20059","virus_comp_957_cycle_1_17",3
"20060","virus_comp_957_cycle_1_18",3
"20061","virus_comp_957_cycle_1_20",3
"20062","virus_comp_957_cycle_1_21",3
"20063","virus_comp_957_cycle_1_22",3
"20064","virus_comp_957_cycle_1_23",3
"20065","virus_comp_957_cycle_1_4",3
"20066","virus_comp_957_cycle_1_7",3
"20067","virus_comp_958_cycle_1_10",3
"20068","virus_comp_958_cycle_1_11",3
"20069","virus_comp_958_cycle_1_12",3
"20070","virus_comp_958_cycle_1_13",3
"20071","virus_comp_958_cycle_1_18",3
"20072","virus_comp_958_cycle_1_3",3
"20073","virus_comp_958_cycle_1_8",3
"20074","virus_comp_9586_cycle_1_1",3
"20075","virus_comp_9601_cycle_1_2",3
"20076","virus_comp_9601_cycle_1_3",3
"20077","virus_comp_966_cycle_1_10",3
"20078","virus_comp_966_cycle_1_16",3
"20079","virus_comp_966_cycle_1_5",3
"20080","virus_comp_966_cycle_1_8",3
"20081","virus_comp_966_cycle_1_9",3
"20082","virus_comp_9700_cycle_1_4",3
"20083","virus_comp_971_cycle_1_2",3
"20084","virus_comp_971_cycle_1_21",3
"20085","virus_comp_971_cycle_1_22",3
"20086","virus_comp_971_cycle_1_23",3
"20087","virus_comp_971_cycle_1_24",3
"20088","virus_comp_971_cycle_1_26",3
"20089","virus_comp_9713_cycle_1_2",3
"20090","virus_comp_974_cycle_1_22",3
"20091","virus_comp_974_cycle_1_24",3
"20092","virus_comp_974_cycle_1_28",3
"20093","virus_comp_9740_cycle_1_1",3
"20094","virus_comp_976_cycle_1_12",3
"20095","virus_comp_9770_cycle_1_3",3
"20096","virus_comp_9772_cycle_1_4",3
"20097","virus_comp_9828_cycle_1_1",3
"20098","virus_comp_984_cycle_1_10",3
"20099","virus_comp_984_cycle_1_23",3
"20100","virus_comp_984_cycle_1_26",3
"20101","virus_comp_984_cycle_1_30",3
"20102","virus_comp_984_cycle_1_31",3
"20103","virus_comp_9851_cycle_1_3",3
"20104","virus_comp_9859_cycle_1_1",3
"20105","virus_comp_9910_cycle_1_2",3
"20106","virus_comp_9912_cycle_1_2",3
"20107","virus_comp_9918_cycle_1_2",3
"20108","virus_comp_9924_cycle_1_1",3
"20109","virus_comp_9930_cycle_1_1",3
"20110","virus_comp_9950_cycle_1_1",3
"20111","virus_comp_996_cycle_1_1",3
"20112","virus_comp_996_cycle_1_2",3
"20113","virus_comp_996_cycle_1_6",3
"20114","virus_comp_996_cycle_1_7",3
"20115","virus_comp_997_cycle_1_6",3
"20116","virus_comp_998_cycle_1_11",3
"20117","virus_comp_998_cycle_1_12",3
"20118","virus_comp_998_cycle_1_17",3
"20119","virus_comp_998_cycle_1_4",3
"20120","virus_comp_998_cycle_1_7",3
"20121","virus_comp_999_cycle_1_10",3
"20122","virus_comp_999_cycle_1_11",3
"20123","virus_comp_999_cycle_1_12",3
"20124","virus_comp_999_cycle_1_15",3
"20125","virus_comp_999_cycle_1_16",3
"20126","virus_comp_999_cycle_1_2",3
"20127","virus_comp_999_cycle_1_20",3
"20128","virus_comp_999_cycle_1_22",3
"20129","virus_comp_999_cycle_1_3",3
"20130","virus_comp_999_cycle_1_4",3
"20131","virus_comp_999_cycle_1_5",3
"20132","virus_comp_999_cycle_1_6",3
"20133","virus_comp_999_cycle_1_7",3
"20134","virus_comp_9998_cycle_1_2",3
"20135","edge_1291_1",3
"20136","edge_1291_106",3
"20137","edge_1291_108",3
"20138","edge_1291_109",3
"20139","edge_1291_124",3
"20140","edge_1291_127",3
"20141","edge_1291_27",3
"20142","edge_1291_33",3
"20143","edge_1291_41",3
"20144","edge_1291_5",3
"20145","edge_1291_63",3
"20146","edge_1291_76",3
"20147","edge_1291_97",3
"20148","edge_1329_106",3
"20149","edge_1329_111",3
"20150","edge_1329_116",3
"20151","edge_1329_117",3
"20152","edge_1329_119",3
"20153","edge_1329_120",3
"20154","edge_1329_121",3
"20155","edge_1329_128",3
"20156","edge_1329_129",3
"20157","edge_1329_13",3
"20158","edge_1329_137",3
"20159","edge_1329_14",3
"20160","edge_1329_140",3
"20161","edge_1329_141",3
"20162","edge_1329_24",3
"20163","edge_1329_26",3
"20164","edge_1329_31",3
"20165","edge_1329_32",3
"20166","edge_1329_35",3
"20167","edge_1329_37",3
"20168","edge_1329_40",3
"20169","edge_1329_41",3
"20170","edge_1329_43",3
"20171","edge_1329_44",3
"20172","edge_1329_47",3
"20173","edge_1329_51",3
"20174","edge_1329_67",3
"20175","edge_1329_68",3
"20176","edge_1329_70",3
"20177","edge_1329_94",3
"20178","edge_1329_95",3
"20179","edge_1329_97",3
"20180","edge_1333_5",3
"20181","edge_1468_19",3
"20182","edge_1468_25",3
"20183","edge_1468_34",3
"20184","edge_1468_52",3
"20185","edge_1468_70",3
"20186","edge_1474_13",3
"20187","edge_1474_14",3
"20188","edge_1474_15",3
"20189","edge_1474_7",3
"20190","edge_1494_24",3
"20191","edge_1494_6",3
"20192","edge_1495_12",3
"20193","edge_1495_16",3
"20194","edge_1495_26",3
"20195","edge_1495_30",3
"20196","edge_1495_47",3
"20197","edge_1495_5",3
"20198","edge_1495_50",3
"20199","edge_1495_51",3
"20200","edge_1495_54",3
"20201","edge_1495_59",3
"20202","edge_1495_8",3
"20203","edge_1496_10",3
"20204","edge_1496_12",3
"20205","edge_1496_15",3
"20206","edge_1496_29",3
"20207","edge_1496_30",3
"20208","edge_1496_31",3
"20209","edge_1496_9",3
"20210","edge_1501_11",3
"20211","edge_1501_21",3
"20212","edge_1501_23",3
"20213","edge_1501_29",3
"20214","edge_1509_1",3
"20215","edge_1509_2",3
"20216","edge_1512_10",3
"20217","edge_1512_11",3
"20218","edge_1512_16",3
"20219","edge_1512_21",3
"20220","edge_1512_24",3
"20221","edge_1512_35",3
"20222","edge_1512_37",3
"20223","edge_1512_38",3
"20224","edge_1512_39",3
"20225","edge_1512_46",3
"20226","edge_1512_50",3
"20227","edge_1512_59",3
"20228","edge_1512_61",3
"20229","edge_1512_62",3
"20230","edge_1512_64",3
"20231","edge_1512_65",3
"20232","edge_1512_67",3
"20233","edge_1512_70",3
"20234","edge_1512_77",3
"20235","edge_1515_12",3
"20236","edge_1515_14",3
"20237","edge_1515_17",3
"20238","edge_1515_23",3
"20239","edge_1515_27",3
"20240","edge_1515_30",3
"20241","edge_1515_32",3
"20242","edge_1515_6",3
"20243","edge_1594_10",3
"20244","edge_1594_11",3
"20245","edge_1594_12",3
"20246","edge_1594_17",3
"20247","edge_1594_24",3
"20248","edge_1594_25",3
"20249","edge_1594_31",3
"20250","edge_1594_39",3
"20251","edge_1594_4",3
"20252","edge_1594_40",3
"20253","edge_1594_42",3
"20254","edge_1594_51",3
"20255","edge_1594_57",3
"20256","edge_1594_7",3
"20257","edge_1594_8",3
"20258","edge_1594_9",3
"20259","edge_1596_11",3
"20260","edge_1596_12",3
"20261","edge_1596_13",3
"20262","edge_1596_14",3
"20263","edge_1596_15",3
"20264","edge_1596_16",3
"20265","edge_1596_18",3
"20266","edge_1596_20",3
"20267","edge_1596_21",3
"20268","edge_1596_26",3
"20269","edge_1596_27",3
"20270","edge_1596_28",3
"20271","edge_1596_35",3
"20272","edge_1596_38",3
"20273","edge_16_15",3
"20274","edge_1627_14",3
"20275","edge_1627_24",3
"20276","edge_1627_32",3
"20277","edge_1631_10",3
"20278","edge_1631_12",3
"20279","edge_1631_20",3
"20280","edge_1631_23",3
"20281","edge_1631_30",3
"20282","edge_1631_38",3
"20283","edge_1632_12",3
"20284","edge_1632_3",3
"20285","edge_1633_15",3
"20286","edge_1633_30",3
"20287","edge_1633_32",3
"20288","edge_1633_34",3
"20289","edge_1633_41",3
"20290","edge_1633_44",3
"20291","edge_1633_54",3
"20292","edge_1633_55",3
"20293","edge_1633_58",3
"20294","edge_1633_61",3
"20295","edge_1633_62",3
"20296","edge_1633_64",3
"20297","edge_1641_11",3
"20298","edge_1641_13",3
"20299","edge_1641_14",3
"20300","edge_1641_16",3
"20301","edge_1641_17",3
"20302","edge_1641_18",3
"20303","edge_1641_22",3
"20304","edge_1641_23",3
"20305","edge_1641_24",3
"20306","edge_1641_25",3
"20307","edge_1641_26",3
"20308","edge_1641_30",3
"20309","edge_1641_39",3
"20310","edge_1641_41",3
"20311","edge_1641_51",3
"20312","edge_1641_58",3
"20313","edge_1641_60",3
"20314","edge_1672_19",3
"20315","edge_1672_4",3
"20316","edge_1672_45",3
"20317","edge_1672_48",3
"20318","edge_1672_49",3
"20319","edge_1672_50",3
"20320","edge_1672_56",3
"20321","edge_1672_59",3
"20322","edge_1672_6",3
"20323","edge_1677_11",3
"20324","edge_1677_15",3
"20325","edge_1677_16",3
"20326","edge_1677_2",3
"20327","edge_1677_5",3
"20328","edge_1677_6",3
"20329","edge_1707_16",3
"20330","edge_1707_19",3
"20331","edge_1709_12",3
"20332","edge_1709_27",3
"20333","edge_1709_3",3
"20334","edge_1709_57",3
"20335","edge_1709_59",3
"20336","edge_1709_63",3
"20337","edge_1709_64",3
"20338","edge_1709_8",3
"20339","edge_1732_1",3
"20340","edge_1782_11",3
"20341","edge_1782_26",3
"20342","edge_1782_4",3
"20343","edge_1782_6",3
"20344","edge_1801_12",3
"20345","edge_1801_17",3
"20346","edge_1801_20",3
"20347","edge_1801_29",3
"20348","edge_1801_34",3
"20349","edge_1801_43",3
"20350","edge_1801_59",3
"20351","edge_1801_6",3
"20352","edge_1801_60",3
"20353","edge_1803_13",3
"20354","edge_1803_20",3
"20355","edge_1803_21",3
"20356","edge_1803_26",3
"20357","edge_1803_28",3
"20358","edge_1803_30",3
"20359","edge_1845_11",3
"20360","edge_1845_40",3
"20361","edge_1857_26",3
"20362","edge_1857_32",3
"20363","edge_1857_45",3
"20364","edge_1857_47",3
"20365","edge_1857_50",3
"20366","edge_1857_51",3
"20367","edge_1857_56",3
"20368","edge_1857_59",3
"20369","edge_1857_66",3
"20370","edge_1857_69",3
"20371","edge_1857_76",3
"20372","edge_1857_8",3
"20373","edge_1857_82",3
"20374","edge_1857_86",3
"20375","edge_1861_2",3
"20376","edge_1861_4",3
"20377","edge_1862_10",3
"20378","edge_1862_11",3
"20379","edge_1862_25",3
"20380","edge_1862_3",3
"20381","edge_1862_7",3
"20382","edge_1863_3",3
"20383","edge_1863_6",3
"20384","edge_1877_17",3
"20385","edge_1877_21",3
"20386","edge_1877_25",3
"20387","edge_1877_30",3
"20388","edge_1877_32",3
"20389","edge_1877_35",3
"20390","edge_1877_39",3
"20391","edge_1877_49",3
"20392","edge_1877_5",3
"20393","edge_1877_51",3
"20394","edge_1877_53",3
"20395","edge_1877_55",3
"20396","edge_1877_69",3
"20397","edge_1877_7",3
"20398","edge_1877_72",3
"20399","edge_1877_8",3
"20400","edge_1877_80",3
"20401","edge_1877_81",3
"20402","edge_1896_14",3
"20403","edge_1896_22",3
"20404","edge_1896_23",3
"20405","edge_1896_27",3
"20406","edge_1896_30",3
"20407","edge_1896_34",3
"20408","edge_1896_36",3
"20409","edge_1896_47",3
"20410","edge_1906_2",3
"20411","edge_1906_3",3
"20412","edge_1907_10",3
"20413","edge_1907_15",3
"20414","edge_1907_21",3
"20415","edge_1907_22",3
"20416","edge_1907_23",3
"20417","edge_1907_24",3
"20418","edge_1907_25",3
"20419","edge_1907_26",3
"20420","edge_1907_27",3
"20421","edge_1907_28",3
"20422","edge_1907_46",3
"20423","edge_1907_55",3
"20424","edge_1907_56",3
"20425","edge_1907_58",3
"20426","edge_1907_61",3
"20427","edge_1907_66",3
"20428","edge_1915_10",3
"20429","edge_1915_21",3
"20430","edge_1915_22",3
"20431","edge_1915_32",3
"20432","edge_1915_34",3
"20433","edge_1915_38",3
"20434","edge_1915_40",3
"20435","edge_1915_41",3
"20436","edge_192_2",3
"20437","edge_192_25",3
"20438","edge_192_29",3
"20439","edge_1957_1",3
"20440","edge_1957_2",3
"20441","edge_1957_20",3
"20442","edge_1957_22",3
"20443","edge_1957_29",3
"20444","edge_1957_33",3
"20445","edge_1957_57",3
"20446","edge_1957_59",3
"20447","edge_1957_7",3
"20448","edge_1957_8",3
"20449","edge_1958_1",3
"20450","edge_1968_4",3
"20451","edge_1970_4",3
"20452","edge_1979_2",3
"20453","edge_1989_14",3
"20454","edge_1989_15",3
"20455","edge_1989_19",3
"20456","edge_1989_2",3
"20457","edge_1989_25",3
"20458","edge_1989_30",3
"20459","edge_1989_31",3
"20460","edge_1989_35",3
"20461","edge_1989_37",3
"20462","edge_1989_45",3
"20463","edge_1989_55",3
"20464","edge_1989_58",3
"20465","edge_1989_59",3
"20466","edge_1989_62",3
"20467","edge_1997_10",3
"20468","edge_1997_15",3
"20469","edge_1997_16",3
"20470","edge_1997_17",3
"20471","edge_1997_3",3
"20472","edge_1997_32",3
"20473","edge_1997_33",3
"20474","edge_1997_37",3
"20475","edge_1997_38",3
"20476","edge_1997_41",3
"20477","edge_1997_46",3
"20478","edge_1997_50",3
"20479","edge_1997_59",3
"20480","edge_1997_6",3
"20481","edge_2007_11",3
"20482","edge_2007_14",3
"20483","edge_2007_18",3
"20484","edge_2007_21",3
"20485","edge_2007_31",3
"20486","edge_2007_33",3
"20487","edge_2007_41",3
"20488","edge_2007_42",3
"20489","edge_2007_46",3
"20490","edge_2007_5",3
"20491","edge_2007_7",3
"20492","edge_2008_1",3
"20493","edge_2008_12",3
"20494","edge_2008_23",3
"20495","edge_2008_24",3
"20496","edge_2008_28",3
"20497","edge_2008_29",3
"20498","edge_2008_31",3
"20499","edge_2008_32",3
"20500","edge_2008_4",3
"20501","edge_2008_7",3
"20502","edge_2008_9",3
"20503","edge_2018_10",3
"20504","edge_2018_16",3
"20505","edge_2018_17",3
"20506","edge_2018_19",3
"20507","edge_2018_2",3
"20508","edge_2018_3",3
"20509","edge_2018_4",3
"20510","edge_2018_8",3
"20511","edge_2018_9",3
"20512","edge_2044_15",3
"20513","edge_2044_18",3
"20514","edge_2044_29",3
"20515","edge_2044_30",3
"20516","edge_2044_36",3
"20517","edge_205_10",3
"20518","edge_205_5",3
"20519","edge_2063_11",3
"20520","edge_2063_27",3
"20521","edge_2143_10",3
"20522","edge_2143_12",3
"20523","edge_2143_13",3
"20524","edge_2143_20",3
"20525","edge_2143_23",3
"20526","edge_2143_25",3
"20527","edge_2143_30",3
"20528","edge_2143_36",3
"20529","edge_2143_37",3
"20530","edge_2143_4",3
"20531","edge_2143_5",3
"20532","edge_2143_60",3
"20533","edge_2194_20",3
"20534","edge_2194_22",3
"20535","edge_2194_23",3
"20536","edge_2194_24",3
"20537","edge_2194_27",3
"20538","edge_2194_34",3
"20539","edge_2194_38",3
"20540","edge_2194_5",3
"20541","edge_2194_6",3
"20542","edge_2261_13",3
"20543","edge_2261_17",3
"20544","edge_2261_18",3
"20545","edge_2261_19",3
"20546","edge_2261_23",3
"20547","edge_2261_27",3
"20548","edge_2261_30",3
"20549","edge_2291_12",3
"20550","edge_2291_14",3
"20551","edge_2291_3",3
"20552","edge_2296_1",3
"20553","edge_2296_2",3
"20554","edge_2296_5",3
"20555","edge_2296_6",3
"20556","edge_2296_7",3
"20557","edge_2320_6",3
"20558","edge_2375_22",3
"20559","edge_2375_23",3
"20560","edge_2375_8",3
"20561","edge_2429_1",3
"20562","edge_2429_14",3
"20563","edge_2429_15",3
"20564","edge_2429_2",3
"20565","edge_2429_25",3
"20566","edge_2429_26",3
"20567","edge_2435_10",3
"20568","edge_2435_11",3
"20569","edge_2435_12",3
"20570","edge_2435_17",3
"20571","edge_2435_18",3
"20572","edge_2435_19",3
"20573","edge_2435_2",3
"20574","edge_2435_20",3
"20575","edge_2435_22",3
"20576","edge_2435_23",3
"20577","edge_2435_24",3
"20578","edge_2435_25",3
"20579","edge_2435_4",3
"20580","edge_2435_5",3
"20581","edge_2435_6",3
"20582","edge_2435_7",3
"20583","edge_2435_8",3
"20584","edge_2435_9",3
"20585","edge_2454_6",3
"20586","edge_2455_4",3
"20587","edge_2455_5",3
"20588","edge_2455_8",3
"20589","edge_2483_5",3
"20590","edge_2484_25",3
"20591","edge_2484_27",3
"20592","edge_2484_34",3
"20593","edge_2484_41",3
"20594","edge_2486_2",3
"20595","edge_2486_27",3
"20596","edge_2486_30",3
"20597","edge_263_37",3
"20598","edge_263_39",3
"20599","edge_263_44",3
"20600","edge_2650_1",3
"20601","edge_284_29",3
"20602","edge_294_21",3
"20603","edge_294_25",3
"20604","edge_294_26",3
"20605","edge_294_45",3
"20606","edge_295_15",3
"20607","edge_295_17",3
"20608","edge_295_19",3
"20609","edge_295_20",3
"20610","edge_295_21",3
"20611","edge_295_26",3
"20612","edge_295_27",3
"20613","edge_295_29",3
"20614","edge_295_32",3
"20615","edge_295_39",3
"20616","edge_295_41",3
"20617","edge_295_43",3
"20618","edge_295_44",3
"20619","edge_295_47",3
"20620","edge_295_8",3
"20621","edge_306_4",3
"20622","edge_330_16",3
"20623","edge_330_17",3
"20624","edge_330_50",3
"20625","edge_330_8",3
"20626","edge_3509_4",3
"20627","edge_3509_6",3
"20628","edge_3513_11",3
"20629","edge_3513_13",3
"20630","edge_3513_14",3
"20631","edge_3513_2",3
"20632","edge_3513_3",3
"20633","edge_3513_4",3
"20634","edge_3513_5",3
"20635","edge_3513_6",3
"20636","edge_3513_8",3
"20637","edge_48622_2",3
"20638","edge_48622_3",3
"20639","edge_48728_1",3
"20640","edge_48728_14",3
"20641","edge_48728_18",3
"20642","edge_48728_4",3
"20643","edge_48730_8",3
"20644","edge_48732_10",3
"20645","edge_48732_5",3
"20646","edge_48732_6",3
"20647","edge_48732_7",3
"20648","edge_48732_8",3
"20649","edge_48732_9",3
"20650","edge_48755_7",3
"20651","edge_48771_1",3
"20652","edge_48821_2",3
"20653","edge_48821_6",3
"20654","edge_48907_8",3
"20655","edge_48908_1",3
"20656","edge_48908_14",3
"20657","edge_48908_18",3
"20658","edge_48908_4",3
"20659","edge_48966_10",3
"20660","edge_48966_8",3
"20661","edge_48967_12",3
"20662","edge_48967_13",3
"20663","edge_48967_16",3
"20664","edge_48967_3",3
"20665","edge_48967_8",3
"20666","edge_75_10",3
"20667","edge_75_20",3
"20668","edge_957_16",3
"20669","edge_957_19",3
"20670","edge_957_2",3
"20671","edge_957_35",3
"20672","edge_957_41",3
"20673","edge_959_32",3
"20674","edge_959_39",3
"20675","edge_959_41",3
"20676","edge_959_60",3
"20677","edge_959_69",3
"20678","edge_959_9",3
"20679","edge_959_90",3
"20680","edge_965_1",3
"20681","edge_965_28",3
"20682","edge_965_3",3
"20683","edge_965_31",3
"20684","edge_965_6",3
"20685","edge_976_2",3
"20686","virus_comp_10_cycle_1_3",2
"20687","virus_comp_1000_cycle_1_1",2
"20688","virus_comp_1000_cycle_1_10",2
"20689","virus_comp_1000_cycle_1_11",2
"20690","virus_comp_1000_cycle_1_12",2
"20691","virus_comp_1000_cycle_1_13",2
"20692","virus_comp_1000_cycle_1_14",2
"20693","virus_comp_1000_cycle_1_15",2
"20694","virus_comp_1000_cycle_1_16",2
"20695","virus_comp_1000_cycle_1_17",2
"20696","virus_comp_1000_cycle_1_18",2
"20697","virus_comp_1000_cycle_1_2",2
"20698","virus_comp_1000_cycle_1_20",2
"20699","virus_comp_1000_cycle_1_21",2
"20700","virus_comp_1000_cycle_1_22",2
"20701","virus_comp_1000_cycle_1_23",2
"20702","virus_comp_1000_cycle_1_24",2
"20703","virus_comp_1000_cycle_1_6",2
"20704","virus_comp_1000_cycle_1_7",2
"20705","virus_comp_1000_cycle_1_8",2
"20706","virus_comp_1000_cycle_1_9",2
"20707","virus_comp_1003_cycle_1_3",2
"20708","virus_comp_10039_cycle_1_2",2
"20709","virus_comp_1004_cycle_1_2",2
"20710","virus_comp_10040_cycle_1_2",2
"20711","virus_comp_10040_cycle_1_3",2
"20712","virus_comp_10057_cycle_1_2",2
"20713","virus_comp_10067_cycle_1_1",2
"20714","virus_comp_1007_cycle_1_10",2
"20715","virus_comp_1007_cycle_1_12",2
"20716","virus_comp_1007_cycle_1_13",2
"20717","virus_comp_1007_cycle_1_16",2
"20718","virus_comp_1007_cycle_1_18",2
"20719","virus_comp_1007_cycle_1_2",2
"20720","virus_comp_1007_cycle_1_21",2
"20721","virus_comp_1007_cycle_1_23",2
"20722","virus_comp_1007_cycle_1_26",2
"20723","virus_comp_1007_cycle_1_32",2
"20724","virus_comp_1007_cycle_1_34",2
"20725","virus_comp_1007_cycle_1_36",2
"20726","virus_comp_1007_cycle_1_9",2
"20727","virus_comp_10086_cycle_1_2",2
"20728","virus_comp_10088_cycle_1_1",2
"20729","virus_comp_10088_cycle_1_2",2
"20730","virus_comp_10121_cycle_1_2",2
"20731","virus_comp_10130_cycle_1_1",2
"20732","virus_comp_10133_cycle_1_2",2
"20733","virus_comp_10135_cycle_1_1",2
"20734","virus_comp_10137_cycle_1_1",2
"20735","virus_comp_10137_cycle_1_2",2
"20736","virus_comp_10164_cycle_1_1",2
"20737","virus_comp_10164_cycle_1_2",2
"20738","virus_comp_1017_cycle_1_11",2
"20739","virus_comp_1017_cycle_1_13",2
"20740","virus_comp_1017_cycle_1_9",2
"20741","virus_comp_1017_cycle_3_10",2
"20742","virus_comp_1017_cycle_3_12",2
"20743","virus_comp_1017_cycle_3_17",2
"20744","virus_comp_1018_cycle_1_14",2
"20745","virus_comp_1018_cycle_1_18",2
"20746","virus_comp_1018_cycle_1_20",2
"20747","virus_comp_1018_cycle_1_7",2
"20748","virus_comp_1018_cycle_1_8",2
"20749","virus_comp_1018_cycle_1_9",2
"20750","virus_comp_10184_cycle_1_1",2
"20751","virus_comp_10184_cycle_1_3",2
"20752","virus_comp_10188_cycle_1_2",2
"20753","virus_comp_10192_cycle_1_1",2
"20754","virus_comp_10197_cycle_1_2",2
"20755","virus_comp_10200_cycle_1_2",2
"20756","virus_comp_10218_cycle_1_3",2
"20757","virus_comp_1022_cycle_1_10",2
"20758","virus_comp_1022_cycle_1_11",2
"20759","virus_comp_1022_cycle_1_13",2
"20760","virus_comp_1022_cycle_1_15",2
"20761","virus_comp_1022_cycle_1_17",2
"20762","virus_comp_1022_cycle_1_18",2
"20763","virus_comp_1022_cycle_1_19",2
"20764","virus_comp_1022_cycle_1_20",2
"20765","virus_comp_1022_cycle_1_24",2
"20766","virus_comp_1022_cycle_1_26",2
"20767","virus_comp_1022_cycle_1_3",2
"20768","virus_comp_1022_cycle_1_4",2
"20769","virus_comp_10220_cycle_1_1",2
"20770","virus_comp_1023_cycle_1_1",2
"20771","virus_comp_1023_cycle_1_2",2
"20772","virus_comp_1023_cycle_1_8",2
"20773","virus_comp_10237_cycle_1_4",2
"20774","virus_comp_10252_cycle_1_3",2
"20775","virus_comp_1026_cycle_1_1",2
"20776","virus_comp_1026_cycle_1_10",2
"20777","virus_comp_1026_cycle_1_11",2
"20778","virus_comp_1026_cycle_1_12",2
"20779","virus_comp_1026_cycle_1_13",2
"20780","virus_comp_1026_cycle_1_14",2
"20781","virus_comp_1026_cycle_1_15",2
"20782","virus_comp_1026_cycle_1_16",2
"20783","virus_comp_1026_cycle_1_17",2
"20784","virus_comp_1026_cycle_1_18",2
"20785","virus_comp_1026_cycle_1_19",2
"20786","virus_comp_1026_cycle_1_2",2
"20787","virus_comp_1026_cycle_1_20",2
"20788","virus_comp_1026_cycle_1_21",2
"20789","virus_comp_1026_cycle_1_22",2
"20790","virus_comp_1026_cycle_1_23",2
"20791","virus_comp_1026_cycle_1_24",2
"20792","virus_comp_1026_cycle_1_25",2
"20793","virus_comp_1026_cycle_1_26",2
"20794","virus_comp_1026_cycle_1_27",2
"20795","virus_comp_1026_cycle_1_3",2
"20796","virus_comp_1026_cycle_1_4",2
"20797","virus_comp_1026_cycle_1_5",2
"20798","virus_comp_1026_cycle_1_6",2
"20799","virus_comp_1026_cycle_1_7",2
"20800","virus_comp_1026_cycle_1_8",2
"20801","virus_comp_1026_cycle_1_9",2
"20802","virus_comp_1027_cycle_1_1",2
"20803","virus_comp_1027_cycle_1_12",2
"20804","virus_comp_1027_cycle_1_13",2
"20805","virus_comp_1027_cycle_1_15",2
"20806","virus_comp_1027_cycle_1_18",2
"20807","virus_comp_1027_cycle_1_2",2
"20808","virus_comp_1027_cycle_1_21",2
"20809","virus_comp_1027_cycle_1_22",2
"20810","virus_comp_1027_cycle_1_24",2
"20811","virus_comp_1027_cycle_1_25",2
"20812","virus_comp_1027_cycle_1_4",2
"20813","virus_comp_1027_cycle_1_5",2
"20814","virus_comp_1027_cycle_1_6",2
"20815","virus_comp_1027_cycle_1_7",2
"20816","virus_comp_1027_cycle_1_9",2
"20817","virus_comp_1028_cycle_1_1",2
"20818","virus_comp_1028_cycle_1_17",2
"20819","virus_comp_1028_cycle_1_22",2
"20820","virus_comp_1028_cycle_1_25",2
"20821","virus_comp_1028_cycle_1_27",2
"20822","virus_comp_1028_cycle_1_29",2
"20823","virus_comp_1028_cycle_1_7",2
"20824","virus_comp_1029_cycle_1_1",2
"20825","virus_comp_1029_cycle_1_10",2
"20826","virus_comp_1029_cycle_1_11",2
"20827","virus_comp_1029_cycle_1_13",2
"20828","virus_comp_1029_cycle_1_14",2
"20829","virus_comp_1029_cycle_1_16",2
"20830","virus_comp_1029_cycle_1_19",2
"20831","virus_comp_1029_cycle_1_22",2
"20832","virus_comp_1029_cycle_1_24",2
"20833","virus_comp_1029_cycle_1_3",2
"20834","virus_comp_1029_cycle_1_4",2
"20835","virus_comp_1029_cycle_1_5",2
"20836","virus_comp_1029_cycle_1_6",2
"20837","virus_comp_10297_cycle_1_1",2
"20838","virus_comp_103_cycle_1_2",2
"20839","virus_comp_1030_cycle_1_10",2
"20840","virus_comp_1030_cycle_1_13",2
"20841","virus_comp_1030_cycle_1_16",2
"20842","virus_comp_1030_cycle_1_17",2
"20843","virus_comp_1030_cycle_1_18",2
"20844","virus_comp_1030_cycle_1_19",2
"20845","virus_comp_1030_cycle_1_20",2
"20846","virus_comp_1030_cycle_1_21",2
"20847","virus_comp_1030_cycle_1_22",2
"20848","virus_comp_1030_cycle_1_23",2
"20849","virus_comp_1030_cycle_1_24",2
"20850","virus_comp_1030_cycle_1_26",2
"20851","virus_comp_1030_cycle_1_5",2
"20852","virus_comp_1030_cycle_1_6",2
"20853","virus_comp_1030_cycle_1_9",2
"20854","virus_comp_10307_cycle_1_2",2
"20855","virus_comp_1032_cycle_1_3",2
"20856","virus_comp_1032_cycle_1_4",2
"20857","virus_comp_1032_cycle_1_6",2
"20858","virus_comp_10335_cycle_1_1",2
"20859","virus_comp_10335_cycle_1_2",2
"20860","virus_comp_10335_cycle_1_3",2
"20861","virus_comp_1034_cycle_1_1",2
"20862","virus_comp_1034_cycle_1_10",2
"20863","virus_comp_1034_cycle_1_11",2
"20864","virus_comp_1034_cycle_1_12",2
"20865","virus_comp_1034_cycle_1_13",2
"20866","virus_comp_1034_cycle_1_14",2
"20867","virus_comp_1034_cycle_1_15",2
"20868","virus_comp_1034_cycle_1_16",2
"20869","virus_comp_1034_cycle_1_17",2
"20870","virus_comp_1034_cycle_1_18",2
"20871","virus_comp_1034_cycle_1_19",2
"20872","virus_comp_1034_cycle_1_2",2
"20873","virus_comp_1034_cycle_1_20",2
"20874","virus_comp_1034_cycle_1_21",2
"20875","virus_comp_1034_cycle_1_22",2
"20876","virus_comp_1034_cycle_1_23",2
"20877","virus_comp_1034_cycle_1_3",2
"20878","virus_comp_1034_cycle_1_4",2
"20879","virus_comp_1034_cycle_1_5",2
"20880","virus_comp_1034_cycle_1_6",2
"20881","virus_comp_1034_cycle_1_7",2
"20882","virus_comp_1034_cycle_1_8",2
"20883","virus_comp_1036_cycle_1_5",2
"20884","virus_comp_1037_cycle_1_16",2
"20885","virus_comp_1037_cycle_1_19",2
"20886","virus_comp_1037_cycle_1_22",2
"20887","virus_comp_1037_cycle_1_3",2
"20888","virus_comp_1037_cycle_1_6",2
"20889","virus_comp_1037_cycle_1_9",2
"20890","virus_comp_10374_cycle_1_2",2
"20891","virus_comp_10379_cycle_1_2",2
"20892","virus_comp_1038_cycle_1_2",2
"20893","virus_comp_1038_cycle_1_4",2
"20894","virus_comp_1038_cycle_1_6",2
"20895","virus_comp_1038_cycle_1_7",2
"20896","virus_comp_1039_cycle_1_5",2
"20897","virus_comp_1040_cycle_1_11",2
"20898","virus_comp_1040_cycle_1_13",2
"20899","virus_comp_1040_cycle_1_16",2
"20900","virus_comp_1040_cycle_1_17",2
"20901","virus_comp_1040_cycle_1_19",2
"20902","virus_comp_1040_cycle_1_4",2
"20903","virus_comp_1040_cycle_1_6",2
"20904","virus_comp_1040_cycle_1_7",2
"20905","virus_comp_1041_cycle_1_37",2
"20906","virus_comp_10426_cycle_1_1",2
"20907","virus_comp_10430_cycle_1_1",2
"20908","virus_comp_10431_cycle_1_1",2
"20909","virus_comp_10431_cycle_1_2",2
"20910","virus_comp_1047_cycle_1_1",2
"20911","virus_comp_1047_cycle_1_14",2
"20912","virus_comp_1047_cycle_1_17",2
"20913","virus_comp_1047_cycle_1_18",2
"20914","virus_comp_1047_cycle_1_19",2
"20915","virus_comp_1047_cycle_1_2",2
"20916","virus_comp_1047_cycle_1_21",2
"20917","virus_comp_1047_cycle_1_22",2
"20918","virus_comp_1047_cycle_1_23",2
"20919","virus_comp_1047_cycle_1_3",2
"20920","virus_comp_10490_cycle_1_1",2
"20921","virus_comp_10490_cycle_1_3",2
"20922","virus_comp_10495_cycle_1_1",2
"20923","virus_comp_1050_cycle_1_10",2
"20924","virus_comp_1050_cycle_1_11",2
"20925","virus_comp_1050_cycle_1_13",2
"20926","virus_comp_1050_cycle_1_14",2
"20927","virus_comp_1050_cycle_1_15",2
"20928","virus_comp_1050_cycle_1_2",2
"20929","virus_comp_1050_cycle_1_3",2
"20930","virus_comp_1050_cycle_1_4",2
"20931","virus_comp_1050_cycle_1_5",2
"20932","virus_comp_1050_cycle_1_6",2
"20933","virus_comp_1050_cycle_1_7",2
"20934","virus_comp_1050_cycle_1_8",2
"20935","virus_comp_1050_cycle_1_9",2
"20936","virus_comp_1053_cycle_1_16",2
"20937","virus_comp_1053_cycle_1_21",2
"20938","virus_comp_1053_cycle_1_3",2
"20939","virus_comp_1053_cycle_1_4",2
"20940","virus_comp_10536_cycle_1_3",2
"20941","virus_comp_1054_cycle_1_1",2
"20942","virus_comp_1054_cycle_1_10",2
"20943","virus_comp_1054_cycle_1_2",2
"20944","virus_comp_1054_cycle_1_22",2
"20945","virus_comp_1054_cycle_1_23",2
"20946","virus_comp_1054_cycle_1_28",2
"20947","virus_comp_1054_cycle_1_3",2
"20948","virus_comp_1055_cycle_1_13",2
"20949","virus_comp_1055_cycle_1_9",2
"20950","virus_comp_1056_cycle_1_3",2
"20951","virus_comp_1056_cycle_1_4",2
"20952","virus_comp_1056_cycle_1_6",2
"20953","virus_comp_1056_cycle_1_7",2
"20954","virus_comp_1056_cycle_1_8",2
"20955","virus_comp_1056_cycle_1_9",2
"20956","virus_comp_1057_cycle_1_10",2
"20957","virus_comp_1057_cycle_1_11",2
"20958","virus_comp_1057_cycle_1_17",2
"20959","virus_comp_1057_cycle_1_18",2
"20960","virus_comp_1057_cycle_1_5",2
"20961","virus_comp_1057_cycle_1_6",2
"20962","virus_comp_1057_cycle_1_7",2
"20963","virus_comp_1057_cycle_1_8",2
"20964","virus_comp_1057_cycle_1_9",2
"20965","virus_comp_1059_cycle_1_14",2
"20966","virus_comp_1059_cycle_1_4",2
"20967","virus_comp_10592_cycle_1_2",2
"20968","virus_comp_10592_cycle_1_5",2
"20969","virus_comp_1060_cycle_1_23",2
"20970","virus_comp_1060_cycle_1_26",2
"20971","virus_comp_10609_cycle_1_1",2
"20972","virus_comp_1061_cycle_1_20",2
"20973","virus_comp_10649_cycle_1_1",2
"20974","virus_comp_10649_cycle_1_2",2
"20975","virus_comp_1066_cycle_1_11",2
"20976","virus_comp_1066_cycle_1_12",2
"20977","virus_comp_1066_cycle_1_13",2
"20978","virus_comp_1066_cycle_1_14",2
"20979","virus_comp_1066_cycle_1_15",2
"20980","virus_comp_1066_cycle_1_16",2
"20981","virus_comp_1066_cycle_1_17",2
"20982","virus_comp_1066_cycle_1_18",2
"20983","virus_comp_1066_cycle_1_19",2
"20984","virus_comp_1066_cycle_1_20",2
"20985","virus_comp_1066_cycle_1_21",2
"20986","virus_comp_1066_cycle_1_22",2
"20987","virus_comp_1066_cycle_1_26",2
"20988","virus_comp_1066_cycle_1_27",2
"20989","virus_comp_1066_cycle_1_28",2
"20990","virus_comp_1066_cycle_1_29",2
"20991","virus_comp_1066_cycle_1_30",2
"20992","virus_comp_1066_cycle_1_31",2
"20993","virus_comp_1066_cycle_1_32",2
"20994","virus_comp_1066_cycle_1_33",2
"20995","virus_comp_1066_cycle_1_34",2
"20996","virus_comp_1066_cycle_1_35",2
"20997","virus_comp_1066_cycle_1_36",2
"20998","virus_comp_1066_cycle_1_37",2
"20999","virus_comp_1066_cycle_1_4",2
"21000","virus_comp_1066_cycle_1_40",2
"21001","virus_comp_1066_cycle_1_43",2
"21002","virus_comp_1066_cycle_1_44",2
"21003","virus_comp_1066_cycle_1_46",2
"21004","virus_comp_1066_cycle_1_47",2
"21005","virus_comp_1066_cycle_1_48",2
"21006","virus_comp_1066_cycle_1_49",2
"21007","virus_comp_1066_cycle_1_5",2
"21008","virus_comp_1066_cycle_1_50",2
"21009","virus_comp_1066_cycle_1_51",2
"21010","virus_comp_1066_cycle_1_52",2
"21011","virus_comp_1066_cycle_1_53",2
"21012","virus_comp_1066_cycle_1_54",2
"21013","virus_comp_1066_cycle_1_57",2
"21014","virus_comp_1066_cycle_1_6",2
"21015","virus_comp_1066_cycle_1_7",2
"21016","virus_comp_1066_cycle_1_8",2
"21017","virus_comp_1066_cycle_1_9",2
"21018","virus_comp_10666_cycle_1_2",2
"21019","virus_comp_10667_cycle_1_1",2
"21020","virus_comp_10678_cycle_1_1",2
"21021","virus_comp_10682_cycle_1_2",2
"21022","virus_comp_10682_cycle_1_3",2
"21023","virus_comp_10690_cycle_1_1",2
"21024","virus_comp_1070_cycle_1_2",2
"21025","virus_comp_1070_cycle_1_3",2
"21026","virus_comp_1070_cycle_1_4",2
"21027","virus_comp_10708_cycle_1_1",2
"21028","virus_comp_10708_cycle_1_2",2
"21029","virus_comp_10708_cycle_1_5",2
"21030","virus_comp_10711_cycle_1_2",2
"21031","virus_comp_10711_cycle_1_3",2
"21032","virus_comp_10721_cycle_1_2",2
"21033","virus_comp_10729_cycle_1_1",2
"21034","virus_comp_10730_cycle_1_1",2
"21035","virus_comp_10732_cycle_1_1",2
"21036","virus_comp_10749_cycle_1_3",2
"21037","virus_comp_1075_cycle_1_10",2
"21038","virus_comp_1075_cycle_1_11",2
"21039","virus_comp_1075_cycle_1_12",2
"21040","virus_comp_1075_cycle_1_13",2
"21041","virus_comp_1075_cycle_1_14",2
"21042","virus_comp_1075_cycle_1_15",2
"21043","virus_comp_1075_cycle_1_16",2
"21044","virus_comp_1075_cycle_1_2",2
"21045","virus_comp_1075_cycle_1_20",2
"21046","virus_comp_1075_cycle_1_21",2
"21047","virus_comp_1075_cycle_1_26",2
"21048","virus_comp_1075_cycle_1_28",2
"21049","virus_comp_1075_cycle_1_29",2
"21050","virus_comp_1075_cycle_1_30",2
"21051","virus_comp_1075_cycle_1_31",2
"21052","virus_comp_1075_cycle_1_32",2
"21053","virus_comp_1075_cycle_1_4",2
"21054","virus_comp_1075_cycle_1_8",2
"21055","virus_comp_1075_cycle_1_9",2
"21056","virus_comp_10772_cycle_1_1",2
"21057","virus_comp_10775_cycle_1_1",2
"21058","virus_comp_1078_cycle_1_1",2
"21059","virus_comp_1078_cycle_1_18",2
"21060","virus_comp_1078_cycle_1_2",2
"21061","virus_comp_1078_cycle_1_3",2
"21062","virus_comp_10782_cycle_1_2",2
"21063","virus_comp_10789_cycle_1_1",2
"21064","virus_comp_1081_cycle_1_10",2
"21065","virus_comp_1081_cycle_1_12",2
"21066","virus_comp_1081_cycle_1_13",2
"21067","virus_comp_1081_cycle_1_15",2
"21068","virus_comp_1081_cycle_1_16",2
"21069","virus_comp_1081_cycle_1_17",2
"21070","virus_comp_1081_cycle_1_18",2
"21071","virus_comp_1081_cycle_1_19",2
"21072","virus_comp_1081_cycle_1_2",2
"21073","virus_comp_1081_cycle_1_20",2
"21074","virus_comp_1081_cycle_1_21",2
"21075","virus_comp_1081_cycle_1_5",2
"21076","virus_comp_1081_cycle_1_7",2
"21077","virus_comp_1081_cycle_1_9",2
"21078","virus_comp_1082_cycle_1_1",2
"21079","virus_comp_10824_cycle_1_1",2
"21080","virus_comp_1083_cycle_1_1",2
"21081","virus_comp_1083_cycle_1_2",2
"21082","virus_comp_1084_cycle_1_11",2
"21083","virus_comp_1084_cycle_1_3",2
"21084","virus_comp_1084_cycle_1_4",2
"21085","virus_comp_10841_cycle_1_3",2
"21086","virus_comp_1086_cycle_1_4",2
"21087","virus_comp_10887_cycle_1_1",2
"21088","virus_comp_1089_cycle_1_10",2
"21089","virus_comp_1089_cycle_1_11",2
"21090","virus_comp_1089_cycle_1_13",2
"21091","virus_comp_1089_cycle_1_14",2
"21092","virus_comp_1089_cycle_1_15",2
"21093","virus_comp_1089_cycle_1_16",2
"21094","virus_comp_1089_cycle_1_18",2
"21095","virus_comp_1089_cycle_1_19",2
"21096","virus_comp_1089_cycle_1_2",2
"21097","virus_comp_1089_cycle_1_20",2
"21098","virus_comp_1089_cycle_1_21",2
"21099","virus_comp_1089_cycle_1_22",2
"21100","virus_comp_1089_cycle_1_25",2
"21101","virus_comp_1089_cycle_1_26",2
"21102","virus_comp_1089_cycle_1_27",2
"21103","virus_comp_1089_cycle_1_28",2
"21104","virus_comp_1089_cycle_1_29",2
"21105","virus_comp_1089_cycle_1_30",2
"21106","virus_comp_1089_cycle_1_31",2
"21107","virus_comp_1089_cycle_1_32",2
"21108","virus_comp_1089_cycle_1_35",2
"21109","virus_comp_1089_cycle_1_36",2
"21110","virus_comp_1089_cycle_1_37",2
"21111","virus_comp_1089_cycle_1_4",2
"21112","virus_comp_1089_cycle_1_6",2
"21113","virus_comp_1089_cycle_1_7",2
"21114","virus_comp_1089_cycle_1_8",2
"21115","virus_comp_1089_cycle_1_9",2
"21116","virus_comp_10918_cycle_1_3",2
"21117","virus_comp_1093_cycle_1_15",2
"21118","virus_comp_10931_cycle_1_1",2
"21119","virus_comp_10947_cycle_1_2",2
"21120","virus_comp_1095_cycle_1_10",2
"21121","virus_comp_1095_cycle_1_11",2
"21122","virus_comp_1095_cycle_1_14",2
"21123","virus_comp_1095_cycle_1_5",2
"21124","virus_comp_10953_cycle_1_1",2
"21125","virus_comp_1096_cycle_1_12",2
"21126","virus_comp_1096_cycle_1_3",2
"21127","virus_comp_10968_cycle_1_1",2
"21128","virus_comp_1097_cycle_1_1",2
"21129","virus_comp_1097_cycle_1_11",2
"21130","virus_comp_1097_cycle_1_13",2
"21131","virus_comp_1097_cycle_1_15",2
"21132","virus_comp_1097_cycle_1_20",2
"21133","virus_comp_1097_cycle_1_21",2
"21134","virus_comp_1097_cycle_1_22",2
"21135","virus_comp_1097_cycle_1_25",2
"21136","virus_comp_1097_cycle_1_26",2
"21137","virus_comp_1097_cycle_1_27",2
"21138","virus_comp_1097_cycle_1_5",2
"21139","virus_comp_1097_cycle_1_6",2
"21140","virus_comp_1097_cycle_1_7",2
"21141","virus_comp_1098_cycle_1_19",2
"21142","virus_comp_1098_cycle_1_23",2
"21143","virus_comp_1099_cycle_1_10",2
"21144","virus_comp_1099_cycle_1_11",2
"21145","virus_comp_1099_cycle_1_19",2
"21146","virus_comp_1099_cycle_1_2",2
"21147","virus_comp_1099_cycle_1_20",2
"21148","virus_comp_1099_cycle_1_22",2
"21149","virus_comp_1099_cycle_1_23",2
"21150","virus_comp_1099_cycle_1_26",2
"21151","virus_comp_1099_cycle_1_5",2
"21152","virus_comp_11029_cycle_1_4",2
"21153","virus_comp_1103_cycle_1_1",2
"21154","virus_comp_1103_cycle_1_2",2
"21155","virus_comp_11037_cycle_1_1",2
"21156","virus_comp_11046_cycle_1_1",2
"21157","virus_comp_11076_cycle_1_2",2
"21158","virus_comp_1109_cycle_1_1",2
"21159","virus_comp_1109_cycle_1_22",2
"21160","virus_comp_1109_cycle_1_24",2
"21161","virus_comp_1109_cycle_1_29",2
"21162","virus_comp_1109_cycle_1_30",2
"21163","virus_comp_1109_cycle_1_33",2
"21164","virus_comp_1109_cycle_1_35",2
"21165","virus_comp_1109_cycle_1_4",2
"21166","virus_comp_11093_cycle_1_1",2
"21167","virus_comp_1110_cycle_1_1",2
"21168","virus_comp_1110_cycle_1_10",2
"21169","virus_comp_1110_cycle_1_11",2
"21170","virus_comp_1110_cycle_1_12",2
"21171","virus_comp_1110_cycle_1_16",2
"21172","virus_comp_1110_cycle_1_17",2
"21173","virus_comp_1110_cycle_1_2",2
"21174","virus_comp_1110_cycle_1_3",2
"21175","virus_comp_1110_cycle_1_4",2
"21176","virus_comp_1110_cycle_1_7",2
"21177","virus_comp_1110_cycle_1_8",2
"21178","virus_comp_11115_cycle_1_2",2
"21179","virus_comp_11115_cycle_1_3",2
"21180","virus_comp_11115_cycle_1_4",2
"21181","virus_comp_1112_cycle_1_2",2
"21182","virus_comp_1113_cycle_1_12",2
"21183","virus_comp_1113_cycle_1_2",2
"21184","virus_comp_1113_cycle_1_5",2
"21185","virus_comp_11158_cycle_1_3",2
"21186","virus_comp_1116_cycle_1_20",2
"21187","virus_comp_1116_cycle_1_7",2
"21188","virus_comp_1116_cycle_1_8",2
"21189","virus_comp_11165_cycle_1_2",2
"21190","virus_comp_11166_cycle_1_1",2
"21191","virus_comp_11166_cycle_1_3",2
"21192","virus_comp_1117_cycle_1_1",2
"21193","virus_comp_1117_cycle_1_2",2
"21194","virus_comp_11172_cycle_1_1",2
"21195","virus_comp_11176_cycle_1_1",2
"21196","virus_comp_11176_cycle_1_2",2
"21197","virus_comp_1118_cycle_1_1",2
"21198","virus_comp_1118_cycle_1_10",2
"21199","virus_comp_1118_cycle_1_12",2
"21200","virus_comp_1118_cycle_1_14",2
"21201","virus_comp_1118_cycle_1_15",2
"21202","virus_comp_1118_cycle_1_17",2
"21203","virus_comp_1118_cycle_1_18",2
"21204","virus_comp_1118_cycle_1_19",2
"21205","virus_comp_1118_cycle_1_2",2
"21206","virus_comp_1118_cycle_1_20",2
"21207","virus_comp_1118_cycle_1_3",2
"21208","virus_comp_1118_cycle_1_4",2
"21209","virus_comp_1118_cycle_1_5",2
"21210","virus_comp_1118_cycle_1_6",2
"21211","virus_comp_1118_cycle_1_7",2
"21212","virus_comp_1118_cycle_1_8",2
"21213","virus_comp_1118_cycle_1_9",2
"21214","virus_comp_11180_cycle_1_1",2
"21215","virus_comp_11183_cycle_1_1",2
"21216","virus_comp_11187_cycle_1_1",2
"21217","virus_comp_1119_cycle_1_10",2
"21218","virus_comp_1119_cycle_1_11",2
"21219","virus_comp_1119_cycle_1_12",2
"21220","virus_comp_1119_cycle_1_13",2
"21221","virus_comp_1119_cycle_1_14",2
"21222","virus_comp_1119_cycle_1_16",2
"21223","virus_comp_1119_cycle_1_19",2
"21224","virus_comp_1119_cycle_1_27",2
"21225","virus_comp_1119_cycle_1_3",2
"21226","virus_comp_1119_cycle_1_6",2
"21227","virus_comp_1119_cycle_1_7",2
"21228","virus_comp_1119_cycle_1_8",2
"21229","virus_comp_1120_cycle_1_1",2
"21230","virus_comp_1120_cycle_1_13",2
"21231","virus_comp_1120_cycle_1_17",2
"21232","virus_comp_1120_cycle_1_18",2
"21233","virus_comp_1120_cycle_1_19",2
"21234","virus_comp_1120_cycle_1_2",2
"21235","virus_comp_1120_cycle_1_3",2
"21236","virus_comp_1120_cycle_1_4",2
"21237","virus_comp_1120_cycle_1_7",2
"21238","virus_comp_11203_cycle_1_2",2
"21239","virus_comp_1121_cycle_1_16",2
"21240","virus_comp_1121_cycle_1_17",2
"21241","virus_comp_1121_cycle_2_13",2
"21242","virus_comp_1121_cycle_2_14",2
"21243","virus_comp_1121_cycle_2_15",2
"21244","virus_comp_1121_cycle_2_17",2
"21245","virus_comp_1121_cycle_2_18",2
"21246","virus_comp_1121_cycle_2_6",2
"21247","virus_comp_1123_cycle_1_5",2
"21248","virus_comp_1124_cycle_1_3",2
"21249","virus_comp_1124_cycle_1_4",2
"21250","virus_comp_1124_cycle_1_6",2
"21251","virus_comp_1124_cycle_1_8",2
"21252","virus_comp_1125_cycle_1_1",2
"21253","virus_comp_1125_cycle_1_10",2
"21254","virus_comp_1125_cycle_1_2",2
"21255","virus_comp_1125_cycle_1_9",2
"21256","virus_comp_11256_cycle_1_1",2
"21257","virus_comp_1126_cycle_1_3",2
"21258","virus_comp_11281_cycle_1_2",2
"21259","virus_comp_11283_cycle_1_1",2
"21260","virus_comp_1129_cycle_1_1",2
"21261","virus_comp_1129_cycle_1_10",2
"21262","virus_comp_1129_cycle_1_3",2
"21263","virus_comp_1129_cycle_1_4",2
"21264","virus_comp_1129_cycle_1_5",2
"21265","virus_comp_1129_cycle_1_9",2
"21266","virus_comp_11291_cycle_1_2",2
"21267","virus_comp_1130_cycle_1_1",2
"21268","virus_comp_1130_cycle_1_4",2
"21269","virus_comp_11305_cycle_1_4",2
"21270","virus_comp_1131_cycle_2_23",2
"21271","virus_comp_1131_cycle_2_4",2
"21272","virus_comp_1131_cycle_2_5",2
"21273","virus_comp_11325_cycle_1_2",2
"21274","virus_comp_11329_cycle_1_1",2
"21275","virus_comp_11333_cycle_1_1",2
"21276","virus_comp_11353_cycle_1_1",2
"21277","virus_comp_11357_cycle_1_3",2
"21278","virus_comp_11362_cycle_1_3",2
"21279","virus_comp_11365_cycle_1_2",2
"21280","virus_comp_1139_cycle_1_1",2
"21281","virus_comp_1139_cycle_1_2",2
"21282","virus_comp_1139_cycle_1_7",2
"21283","virus_comp_11395_cycle_1_2",2
"21284","virus_comp_1140_cycle_1_15",2
"21285","virus_comp_1140_cycle_1_17",2
"21286","virus_comp_1140_cycle_1_8",2
"21287","virus_comp_11409_cycle_1_3",2
"21288","virus_comp_1141_cycle_1_11",2
"21289","virus_comp_1141_cycle_1_5",2
"21290","virus_comp_1141_cycle_1_6",2
"21291","virus_comp_1141_cycle_1_9",2
"21292","virus_comp_11434_cycle_1_1",2
"21293","virus_comp_11434_cycle_1_4",2
"21294","virus_comp_11447_cycle_1_1",2
"21295","virus_comp_11447_cycle_1_3",2
"21296","virus_comp_1145_cycle_1_1",2
"21297","virus_comp_1145_cycle_1_12",2
"21298","virus_comp_1145_cycle_1_19",2
"21299","virus_comp_1145_cycle_1_21",2
"21300","virus_comp_1145_cycle_1_22",2
"21301","virus_comp_1145_cycle_1_23",2
"21302","virus_comp_11453_cycle_1_1",2
"21303","virus_comp_1149_cycle_1_11",2
"21304","virus_comp_1149_cycle_1_13",2
"21305","virus_comp_1149_cycle_1_4",2
"21306","virus_comp_11495_cycle_1_2",2
"21307","virus_comp_1150_cycle_1_1",2
"21308","virus_comp_11501_cycle_1_2",2
"21309","virus_comp_1151_cycle_1_2",2
"21310","virus_comp_1151_cycle_1_3",2
"21311","virus_comp_11515_cycle_1_2",2
"21312","virus_comp_11515_cycle_1_3",2
"21313","virus_comp_1152_cycle_1_12",2
"21314","virus_comp_1152_cycle_1_15",2
"21315","virus_comp_1152_cycle_1_16",2
"21316","virus_comp_1152_cycle_1_17",2
"21317","virus_comp_1152_cycle_1_18",2
"21318","virus_comp_1152_cycle_1_22",2
"21319","virus_comp_1152_cycle_1_28",2
"21320","virus_comp_1152_cycle_1_29",2
"21321","virus_comp_1152_cycle_1_30",2
"21322","virus_comp_1152_cycle_1_31",2
"21323","virus_comp_1152_cycle_1_32",2
"21324","virus_comp_1152_cycle_1_33",2
"21325","virus_comp_1152_cycle_1_36",2
"21326","virus_comp_1152_cycle_1_37",2
"21327","virus_comp_1152_cycle_1_38",2
"21328","virus_comp_1152_cycle_1_39",2
"21329","virus_comp_1152_cycle_1_40",2
"21330","virus_comp_1152_cycle_1_5",2
"21331","virus_comp_1152_cycle_1_7",2
"21332","virus_comp_1152_cycle_1_8",2
"21333","virus_comp_1152_cycle_1_9",2
"21334","virus_comp_11556_cycle_1_2",2
"21335","virus_comp_11557_cycle_1_1",2
"21336","virus_comp_11569_cycle_1_2",2
"21337","virus_comp_11570_cycle_1_3",2
"21338","virus_comp_11570_cycle_1_4",2
"21339","virus_comp_1158_cycle_2_11",2
"21340","virus_comp_1158_cycle_2_14",2
"21341","virus_comp_1158_cycle_2_8",2
"21342","virus_comp_1158_cycle_2_9",2
"21343","virus_comp_11582_cycle_1_1",2
"21344","virus_comp_11583_cycle_1_1",2
"21345","virus_comp_11583_cycle_1_2",2
"21346","virus_comp_1159_cycle_1_2",2
"21347","virus_comp_1159_cycle_1_4",2
"21348","virus_comp_1159_cycle_1_6",2
"21349","virus_comp_11597_cycle_1_2",2
"21350","virus_comp_1161_cycle_1_3",2
"21351","virus_comp_1161_cycle_1_4",2
"21352","virus_comp_1161_cycle_1_5",2
"21353","virus_comp_11612_cycle_1_2",2
"21354","virus_comp_1162_cycle_1_1",2
"21355","virus_comp_1162_cycle_1_13",2
"21356","virus_comp_1162_cycle_1_14",2
"21357","virus_comp_1162_cycle_1_4",2
"21358","virus_comp_1162_cycle_1_8",2
"21359","virus_comp_11634_cycle_1_2",2
"21360","virus_comp_11649_cycle_1_2",2
"21361","virus_comp_1166_cycle_1_12",2
"21362","virus_comp_1166_cycle_1_14",2
"21363","virus_comp_11667_cycle_1_1",2
"21364","virus_comp_11670_cycle_1_2",2
"21365","virus_comp_11679_cycle_1_1",2
"21366","virus_comp_11699_cycle_1_1",2
"21367","virus_comp_11707_cycle_1_1",2
"21368","virus_comp_11715_cycle_1_2",2
"21369","virus_comp_1172_cycle_1_1",2
"21370","virus_comp_1172_cycle_1_2",2
"21371","virus_comp_1173_cycle_1_16",2
"21372","virus_comp_1173_cycle_1_21",2
"21373","virus_comp_1173_cycle_1_26",2
"21374","virus_comp_11752_cycle_1_1",2
"21375","virus_comp_11752_cycle_1_2",2
"21376","virus_comp_11752_cycle_1_3",2
"21377","virus_comp_11756_cycle_1_2",2
"21378","virus_comp_11756_cycle_1_3",2
"21379","virus_comp_1176_cycle_1_5",2
"21380","virus_comp_118_cycle_1_8",2
"21381","virus_comp_118_cycle_1_9",2
"21382","virus_comp_11818_cycle_1_2",2
"21383","virus_comp_1182_cycle_1_1",2
"21384","virus_comp_1182_cycle_1_11",2
"21385","virus_comp_1182_cycle_1_3",2
"21386","virus_comp_1182_cycle_1_4",2
"21387","virus_comp_1182_cycle_1_5",2
"21388","virus_comp_1182_cycle_1_6",2
"21389","virus_comp_1182_cycle_1_8",2
"21390","virus_comp_11824_cycle_1_1",2
"21391","virus_comp_11824_cycle_1_2",2
"21392","virus_comp_11824_cycle_1_3",2
"21393","virus_comp_1184_cycle_1_4",2
"21394","virus_comp_1184_cycle_1_7",2
"21395","virus_comp_11849_cycle_1_1",2
"21396","virus_comp_11849_cycle_1_2",2
"21397","virus_comp_1185_cycle_1_1",2
"21398","virus_comp_1185_cycle_1_2",2
"21399","virus_comp_1185_cycle_1_21",2
"21400","virus_comp_1185_cycle_1_22",2
"21401","virus_comp_1185_cycle_1_23",2
"21402","virus_comp_1185_cycle_1_24",2
"21403","virus_comp_1185_cycle_1_25",2
"21404","virus_comp_1185_cycle_1_26",2
"21405","virus_comp_1185_cycle_1_27",2
"21406","virus_comp_1185_cycle_1_28",2
"21407","virus_comp_1185_cycle_1_29",2
"21408","virus_comp_1185_cycle_1_3",2
"21409","virus_comp_11851_cycle_1_2",2
"21410","virus_comp_11859_cycle_1_2",2
"21411","virus_comp_1186_cycle_1_1",2
"21412","virus_comp_1186_cycle_1_10",2
"21413","virus_comp_1186_cycle_1_11",2
"21414","virus_comp_1186_cycle_1_12",2
"21415","virus_comp_1186_cycle_1_13",2
"21416","virus_comp_1186_cycle_1_14",2
"21417","virus_comp_1186_cycle_1_15",2
"21418","virus_comp_1186_cycle_1_16",2
"21419","virus_comp_1186_cycle_1_17",2
"21420","virus_comp_1186_cycle_1_18",2
"21421","virus_comp_1186_cycle_1_19",2
"21422","virus_comp_1186_cycle_1_2",2
"21423","virus_comp_1186_cycle_1_20",2
"21424","virus_comp_1186_cycle_1_21",2
"21425","virus_comp_1186_cycle_1_22",2
"21426","virus_comp_1186_cycle_1_23",2
"21427","virus_comp_1186_cycle_1_24",2
"21428","virus_comp_1186_cycle_1_25",2
"21429","virus_comp_1186_cycle_1_26",2
"21430","virus_comp_1186_cycle_1_27",2
"21431","virus_comp_1186_cycle_1_28",2
"21432","virus_comp_1186_cycle_1_29",2
"21433","virus_comp_1186_cycle_1_3",2
"21434","virus_comp_1186_cycle_1_30",2
"21435","virus_comp_1186_cycle_1_31",2
"21436","virus_comp_1186_cycle_1_32",2
"21437","virus_comp_1186_cycle_1_33",2
"21438","virus_comp_1186_cycle_1_34",2
"21439","virus_comp_1186_cycle_1_35",2
"21440","virus_comp_1186_cycle_1_36",2
"21441","virus_comp_1186_cycle_1_37",2
"21442","virus_comp_1186_cycle_1_4",2
"21443","virus_comp_1186_cycle_1_5",2
"21444","virus_comp_1186_cycle_1_6",2
"21445","virus_comp_1186_cycle_1_7",2
"21446","virus_comp_1186_cycle_1_8",2
"21447","virus_comp_1186_cycle_1_9",2
"21448","virus_comp_1188_cycle_1_10",2
"21449","virus_comp_1188_cycle_1_11",2
"21450","virus_comp_1188_cycle_1_12",2
"21451","virus_comp_1188_cycle_1_13",2
"21452","virus_comp_1188_cycle_1_14",2
"21453","virus_comp_1188_cycle_1_15",2
"21454","virus_comp_1188_cycle_1_16",2
"21455","virus_comp_1188_cycle_1_18",2
"21456","virus_comp_1188_cycle_1_19",2
"21457","virus_comp_1188_cycle_1_2",2
"21458","virus_comp_1188_cycle_1_20",2
"21459","virus_comp_1188_cycle_1_21",2
"21460","virus_comp_1188_cycle_1_22",2
"21461","virus_comp_1188_cycle_1_23",2
"21462","virus_comp_1188_cycle_1_24",2
"21463","virus_comp_1188_cycle_1_25",2
"21464","virus_comp_1188_cycle_1_26",2
"21465","virus_comp_1188_cycle_1_27",2
"21466","virus_comp_1188_cycle_1_28",2
"21467","virus_comp_1188_cycle_1_29",2
"21468","virus_comp_1188_cycle_1_3",2
"21469","virus_comp_1188_cycle_1_30",2
"21470","virus_comp_1188_cycle_1_5",2
"21471","virus_comp_1188_cycle_1_6",2
"21472","virus_comp_1188_cycle_1_7",2
"21473","virus_comp_1188_cycle_1_8",2
"21474","virus_comp_1188_cycle_1_9",2
"21475","virus_comp_11882_cycle_1_1",2
"21476","virus_comp_119_cycle_1_10",2
"21477","virus_comp_119_cycle_1_100",2
"21478","virus_comp_119_cycle_1_101",2
"21479","virus_comp_119_cycle_1_106",2
"21480","virus_comp_119_cycle_1_11",2
"21481","virus_comp_119_cycle_1_114",2
"21482","virus_comp_119_cycle_1_115",2
"21483","virus_comp_119_cycle_1_116",2
"21484","virus_comp_119_cycle_1_117",2
"21485","virus_comp_119_cycle_1_118",2
"21486","virus_comp_119_cycle_1_119",2
"21487","virus_comp_119_cycle_1_12",2
"21488","virus_comp_119_cycle_1_120",2
"21489","virus_comp_119_cycle_1_121",2
"21490","virus_comp_119_cycle_1_122",2
"21491","virus_comp_119_cycle_1_123",2
"21492","virus_comp_119_cycle_1_124",2
"21493","virus_comp_119_cycle_1_125",2
"21494","virus_comp_119_cycle_1_126",2
"21495","virus_comp_119_cycle_1_127",2
"21496","virus_comp_119_cycle_1_128",2
"21497","virus_comp_119_cycle_1_129",2
"21498","virus_comp_119_cycle_1_13",2
"21499","virus_comp_119_cycle_1_130",2
"21500","virus_comp_119_cycle_1_14",2
"21501","virus_comp_119_cycle_1_15",2
"21502","virus_comp_119_cycle_1_16",2
"21503","virus_comp_119_cycle_1_17",2
"21504","virus_comp_119_cycle_1_18",2
"21505","virus_comp_119_cycle_1_19",2
"21506","virus_comp_119_cycle_1_2",2
"21507","virus_comp_119_cycle_1_20",2
"21508","virus_comp_119_cycle_1_21",2
"21509","virus_comp_119_cycle_1_22",2
"21510","virus_comp_119_cycle_1_23",2
"21511","virus_comp_119_cycle_1_24",2
"21512","virus_comp_119_cycle_1_25",2
"21513","virus_comp_119_cycle_1_26",2
"21514","virus_comp_119_cycle_1_27",2
"21515","virus_comp_119_cycle_1_28",2
"21516","virus_comp_119_cycle_1_3",2
"21517","virus_comp_119_cycle_1_33",2
"21518","virus_comp_119_cycle_1_34",2
"21519","virus_comp_119_cycle_1_35",2
"21520","virus_comp_119_cycle_1_36",2
"21521","virus_comp_119_cycle_1_41",2
"21522","virus_comp_119_cycle_1_46",2
"21523","virus_comp_119_cycle_1_51",2
"21524","virus_comp_119_cycle_1_7",2
"21525","virus_comp_119_cycle_1_76",2
"21526","virus_comp_119_cycle_1_8",2
"21527","virus_comp_119_cycle_1_81",2
"21528","virus_comp_119_cycle_1_82",2
"21529","virus_comp_119_cycle_1_83",2
"21530","virus_comp_119_cycle_1_84",2
"21531","virus_comp_119_cycle_1_85",2
"21532","virus_comp_119_cycle_1_86",2
"21533","virus_comp_119_cycle_1_87",2
"21534","virus_comp_119_cycle_1_88",2
"21535","virus_comp_119_cycle_1_9",2
"21536","virus_comp_119_cycle_1_90",2
"21537","virus_comp_119_cycle_1_93",2
"21538","virus_comp_119_cycle_1_94",2
"21539","virus_comp_119_cycle_1_95",2
"21540","virus_comp_119_cycle_1_96",2
"21541","virus_comp_119_cycle_1_97",2
"21542","virus_comp_119_cycle_1_98",2
"21543","virus_comp_119_cycle_1_99",2
"21544","virus_comp_1191_cycle_1_11",2
"21545","virus_comp_1191_cycle_1_18",2
"21546","virus_comp_1191_cycle_1_20",2
"21547","virus_comp_11924_cycle_1_4",2
"21548","virus_comp_1193_cycle_1_6",2
"21549","virus_comp_1193_cycle_1_7",2
"21550","virus_comp_1193_cycle_1_8",2
"21551","virus_comp_1193_cycle_1_9",2
"21552","virus_comp_11948_cycle_1_1",2
"21553","virus_comp_11948_cycle_1_2",2
"21554","virus_comp_1195_cycle_1_7",2
"21555","virus_comp_1196_cycle_1_3",2
"21556","virus_comp_1196_cycle_1_5",2
"21557","virus_comp_1198_cycle_1_3",2
"21558","virus_comp_11984_cycle_1_2",2
"21559","virus_comp_1200_cycle_1_2",2
"21560","virus_comp_1201_cycle_1_13",2
"21561","virus_comp_1201_cycle_1_6",2
"21562","virus_comp_12018_cycle_1_2",2
"21563","virus_comp_12025_cycle_1_1",2
"21564","virus_comp_1203_cycle_1_1",2
"21565","virus_comp_1203_cycle_1_10",2
"21566","virus_comp_1203_cycle_1_11",2
"21567","virus_comp_1203_cycle_1_12",2
"21568","virus_comp_1203_cycle_1_13",2
"21569","virus_comp_1203_cycle_1_14",2
"21570","virus_comp_1203_cycle_1_15",2
"21571","virus_comp_1203_cycle_1_16",2
"21572","virus_comp_1203_cycle_1_17",2
"21573","virus_comp_1203_cycle_1_18",2
"21574","virus_comp_1203_cycle_1_19",2
"21575","virus_comp_1203_cycle_1_2",2
"21576","virus_comp_1203_cycle_1_20",2
"21577","virus_comp_1203_cycle_1_3",2
"21578","virus_comp_1203_cycle_1_4",2
"21579","virus_comp_1203_cycle_1_5",2
"21580","virus_comp_1203_cycle_1_6",2
"21581","virus_comp_1203_cycle_1_7",2
"21582","virus_comp_1203_cycle_1_8",2
"21583","virus_comp_1203_cycle_1_9",2
"21584","virus_comp_12030_cycle_1_3",2
"21585","virus_comp_12030_cycle_1_4",2
"21586","virus_comp_1205_cycle_1_24",2
"21587","virus_comp_1205_cycle_1_31",2
"21588","virus_comp_12061_cycle_1_3",2
"21589","virus_comp_12061_cycle_1_4",2
"21590","virus_comp_12068_cycle_1_2",2
"21591","virus_comp_12068_cycle_1_4",2
"21592","virus_comp_1207_cycle_1_1",2
"21593","virus_comp_1207_cycle_1_10",2
"21594","virus_comp_1207_cycle_1_14",2
"21595","virus_comp_1207_cycle_1_16",2
"21596","virus_comp_1207_cycle_1_2",2
"21597","virus_comp_1207_cycle_1_8",2
"21598","virus_comp_1207_cycle_1_9",2
"21599","virus_comp_1208_cycle_1_10",2
"21600","virus_comp_1208_cycle_1_11",2
"21601","virus_comp_1208_cycle_1_13",2
"21602","virus_comp_1208_cycle_1_14",2
"21603","virus_comp_1208_cycle_1_16",2
"21604","virus_comp_1208_cycle_1_18",2
"21605","virus_comp_1208_cycle_1_20",2
"21606","virus_comp_1208_cycle_1_23",2
"21607","virus_comp_1208_cycle_1_24",2
"21608","virus_comp_1208_cycle_1_3",2
"21609","virus_comp_1208_cycle_1_4",2
"21610","virus_comp_1208_cycle_1_5",2
"21611","virus_comp_1208_cycle_1_6",2
"21612","virus_comp_1208_cycle_1_7",2
"21613","virus_comp_1208_cycle_1_9",2
"21614","virus_comp_12088_cycle_1_1",2
"21615","virus_comp_1209_cycle_1_11",2
"21616","virus_comp_1209_cycle_1_12",2
"21617","virus_comp_1209_cycle_1_14",2
"21618","virus_comp_1209_cycle_1_15",2
"21619","virus_comp_1209_cycle_1_16",2
"21620","virus_comp_1209_cycle_1_19",2
"21621","virus_comp_1209_cycle_1_20",2
"21622","virus_comp_1209_cycle_1_21",2
"21623","virus_comp_1209_cycle_1_22",2
"21624","virus_comp_1209_cycle_1_23",2
"21625","virus_comp_1209_cycle_1_24",2
"21626","virus_comp_1209_cycle_1_25",2
"21627","virus_comp_1209_cycle_1_26",2
"21628","virus_comp_1209_cycle_1_27",2
"21629","virus_comp_1209_cycle_1_28",2
"21630","virus_comp_1209_cycle_1_29",2
"21631","virus_comp_1209_cycle_1_4",2
"21632","virus_comp_1209_cycle_1_8",2
"21633","virus_comp_12093_cycle_1_2",2
"21634","virus_comp_121_cycle_1_1",2
"21635","virus_comp_121_cycle_1_10",2
"21636","virus_comp_121_cycle_1_100",2
"21637","virus_comp_121_cycle_1_101",2
"21638","virus_comp_121_cycle_1_102",2
"21639","virus_comp_121_cycle_1_103",2
"21640","virus_comp_121_cycle_1_104",2
"21641","virus_comp_121_cycle_1_105",2
"21642","virus_comp_121_cycle_1_106",2
"21643","virus_comp_121_cycle_1_107",2
"21644","virus_comp_121_cycle_1_108",2
"21645","virus_comp_121_cycle_1_109",2
"21646","virus_comp_121_cycle_1_11",2
"21647","virus_comp_121_cycle_1_110",2
"21648","virus_comp_121_cycle_1_111",2
"21649","virus_comp_121_cycle_1_112",2
"21650","virus_comp_121_cycle_1_113",2
"21651","virus_comp_121_cycle_1_114",2
"21652","virus_comp_121_cycle_1_115",2
"21653","virus_comp_121_cycle_1_116",2
"21654","virus_comp_121_cycle_1_117",2
"21655","virus_comp_121_cycle_1_119",2
"21656","virus_comp_121_cycle_1_12",2
"21657","virus_comp_121_cycle_1_120",2
"21658","virus_comp_121_cycle_1_121",2
"21659","virus_comp_121_cycle_1_122",2
"21660","virus_comp_121_cycle_1_123",2
"21661","virus_comp_121_cycle_1_124",2
"21662","virus_comp_121_cycle_1_125",2
"21663","virus_comp_121_cycle_1_126",2
"21664","virus_comp_121_cycle_1_127",2
"21665","virus_comp_121_cycle_1_128",2
"21666","virus_comp_121_cycle_1_129",2
"21667","virus_comp_121_cycle_1_13",2
"21668","virus_comp_121_cycle_1_130",2
"21669","virus_comp_121_cycle_1_131",2
"21670","virus_comp_121_cycle_1_132",2
"21671","virus_comp_121_cycle_1_133",2
"21672","virus_comp_121_cycle_1_134",2
"21673","virus_comp_121_cycle_1_135",2
"21674","virus_comp_121_cycle_1_136",2
"21675","virus_comp_121_cycle_1_137",2
"21676","virus_comp_121_cycle_1_138",2
"21677","virus_comp_121_cycle_1_139",2
"21678","virus_comp_121_cycle_1_14",2
"21679","virus_comp_121_cycle_1_140",2
"21680","virus_comp_121_cycle_1_141",2
"21681","virus_comp_121_cycle_1_142",2
"21682","virus_comp_121_cycle_1_143",2
"21683","virus_comp_121_cycle_1_144",2
"21684","virus_comp_121_cycle_1_145",2
"21685","virus_comp_121_cycle_1_146",2
"21686","virus_comp_121_cycle_1_147",2
"21687","virus_comp_121_cycle_1_148",2
"21688","virus_comp_121_cycle_1_149",2
"21689","virus_comp_121_cycle_1_15",2
"21690","virus_comp_121_cycle_1_150",2
"21691","virus_comp_121_cycle_1_151",2
"21692","virus_comp_121_cycle_1_152",2
"21693","virus_comp_121_cycle_1_153",2
"21694","virus_comp_121_cycle_1_154",2
"21695","virus_comp_121_cycle_1_155",2
"21696","virus_comp_121_cycle_1_156",2
"21697","virus_comp_121_cycle_1_157",2
"21698","virus_comp_121_cycle_1_158",2
"21699","virus_comp_121_cycle_1_159",2
"21700","virus_comp_121_cycle_1_16",2
"21701","virus_comp_121_cycle_1_160",2
"21702","virus_comp_121_cycle_1_161",2
"21703","virus_comp_121_cycle_1_162",2
"21704","virus_comp_121_cycle_1_163",2
"21705","virus_comp_121_cycle_1_164",2
"21706","virus_comp_121_cycle_1_165",2
"21707","virus_comp_121_cycle_1_166",2
"21708","virus_comp_121_cycle_1_167",2
"21709","virus_comp_121_cycle_1_168",2
"21710","virus_comp_121_cycle_1_169",2
"21711","virus_comp_121_cycle_1_17",2
"21712","virus_comp_121_cycle_1_170",2
"21713","virus_comp_121_cycle_1_171",2
"21714","virus_comp_121_cycle_1_172",2
"21715","virus_comp_121_cycle_1_173",2
"21716","virus_comp_121_cycle_1_174",2
"21717","virus_comp_121_cycle_1_175",2
"21718","virus_comp_121_cycle_1_176",2
"21719","virus_comp_121_cycle_1_177",2
"21720","virus_comp_121_cycle_1_178",2
"21721","virus_comp_121_cycle_1_179",2
"21722","virus_comp_121_cycle_1_18",2
"21723","virus_comp_121_cycle_1_180",2
"21724","virus_comp_121_cycle_1_181",2
"21725","virus_comp_121_cycle_1_182",2
"21726","virus_comp_121_cycle_1_183",2
"21727","virus_comp_121_cycle_1_184",2
"21728","virus_comp_121_cycle_1_185",2
"21729","virus_comp_121_cycle_1_186",2
"21730","virus_comp_121_cycle_1_187",2
"21731","virus_comp_121_cycle_1_188",2
"21732","virus_comp_121_cycle_1_189",2
"21733","virus_comp_121_cycle_1_19",2
"21734","virus_comp_121_cycle_1_190",2
"21735","virus_comp_121_cycle_1_191",2
"21736","virus_comp_121_cycle_1_192",2
"21737","virus_comp_121_cycle_1_193",2
"21738","virus_comp_121_cycle_1_194",2
"21739","virus_comp_121_cycle_1_195",2
"21740","virus_comp_121_cycle_1_196",2
"21741","virus_comp_121_cycle_1_197",2
"21742","virus_comp_121_cycle_1_198",2
"21743","virus_comp_121_cycle_1_199",2
"21744","virus_comp_121_cycle_1_2",2
"21745","virus_comp_121_cycle_1_20",2
"21746","virus_comp_121_cycle_1_200",2
"21747","virus_comp_121_cycle_1_201",2
"21748","virus_comp_121_cycle_1_202",2
"21749","virus_comp_121_cycle_1_203",2
"21750","virus_comp_121_cycle_1_204",2
"21751","virus_comp_121_cycle_1_205",2
"21752","virus_comp_121_cycle_1_206",2
"21753","virus_comp_121_cycle_1_207",2
"21754","virus_comp_121_cycle_1_208",2
"21755","virus_comp_121_cycle_1_209",2
"21756","virus_comp_121_cycle_1_21",2
"21757","virus_comp_121_cycle_1_210",2
"21758","virus_comp_121_cycle_1_211",2
"21759","virus_comp_121_cycle_1_212",2
"21760","virus_comp_121_cycle_1_213",2
"21761","virus_comp_121_cycle_1_214",2
"21762","virus_comp_121_cycle_1_215",2
"21763","virus_comp_121_cycle_1_216",2
"21764","virus_comp_121_cycle_1_217",2
"21765","virus_comp_121_cycle_1_218",2
"21766","virus_comp_121_cycle_1_219",2
"21767","virus_comp_121_cycle_1_22",2
"21768","virus_comp_121_cycle_1_220",2
"21769","virus_comp_121_cycle_1_23",2
"21770","virus_comp_121_cycle_1_24",2
"21771","virus_comp_121_cycle_1_25",2
"21772","virus_comp_121_cycle_1_26",2
"21773","virus_comp_121_cycle_1_27",2
"21774","virus_comp_121_cycle_1_28",2
"21775","virus_comp_121_cycle_1_29",2
"21776","virus_comp_121_cycle_1_3",2
"21777","virus_comp_121_cycle_1_30",2
"21778","virus_comp_121_cycle_1_31",2
"21779","virus_comp_121_cycle_1_32",2
"21780","virus_comp_121_cycle_1_33",2
"21781","virus_comp_121_cycle_1_34",2
"21782","virus_comp_121_cycle_1_35",2
"21783","virus_comp_121_cycle_1_36",2
"21784","virus_comp_121_cycle_1_37",2
"21785","virus_comp_121_cycle_1_38",2
"21786","virus_comp_121_cycle_1_39",2
"21787","virus_comp_121_cycle_1_4",2
"21788","virus_comp_121_cycle_1_40",2
"21789","virus_comp_121_cycle_1_41",2
"21790","virus_comp_121_cycle_1_42",2
"21791","virus_comp_121_cycle_1_43",2
"21792","virus_comp_121_cycle_1_44",2
"21793","virus_comp_121_cycle_1_45",2
"21794","virus_comp_121_cycle_1_46",2
"21795","virus_comp_121_cycle_1_47",2
"21796","virus_comp_121_cycle_1_48",2
"21797","virus_comp_121_cycle_1_49",2
"21798","virus_comp_121_cycle_1_5",2
"21799","virus_comp_121_cycle_1_50",2
"21800","virus_comp_121_cycle_1_51",2
"21801","virus_comp_121_cycle_1_52",2
"21802","virus_comp_121_cycle_1_53",2
"21803","virus_comp_121_cycle_1_54",2
"21804","virus_comp_121_cycle_1_55",2
"21805","virus_comp_121_cycle_1_56",2
"21806","virus_comp_121_cycle_1_57",2
"21807","virus_comp_121_cycle_1_58",2
"21808","virus_comp_121_cycle_1_59",2
"21809","virus_comp_121_cycle_1_6",2
"21810","virus_comp_121_cycle_1_60",2
"21811","virus_comp_121_cycle_1_61",2
"21812","virus_comp_121_cycle_1_62",2
"21813","virus_comp_121_cycle_1_63",2
"21814","virus_comp_121_cycle_1_64",2
"21815","virus_comp_121_cycle_1_65",2
"21816","virus_comp_121_cycle_1_66",2
"21817","virus_comp_121_cycle_1_67",2
"21818","virus_comp_121_cycle_1_68",2
"21819","virus_comp_121_cycle_1_69",2
"21820","virus_comp_121_cycle_1_7",2
"21821","virus_comp_121_cycle_1_70",2
"21822","virus_comp_121_cycle_1_71",2
"21823","virus_comp_121_cycle_1_72",2
"21824","virus_comp_121_cycle_1_73",2
"21825","virus_comp_121_cycle_1_74",2
"21826","virus_comp_121_cycle_1_75",2
"21827","virus_comp_121_cycle_1_76",2
"21828","virus_comp_121_cycle_1_77",2
"21829","virus_comp_121_cycle_1_78",2
"21830","virus_comp_121_cycle_1_79",2
"21831","virus_comp_121_cycle_1_8",2
"21832","virus_comp_121_cycle_1_80",2
"21833","virus_comp_121_cycle_1_81",2
"21834","virus_comp_121_cycle_1_82",2
"21835","virus_comp_121_cycle_1_83",2
"21836","virus_comp_121_cycle_1_84",2
"21837","virus_comp_121_cycle_1_85",2
"21838","virus_comp_121_cycle_1_86",2
"21839","virus_comp_121_cycle_1_87",2
"21840","virus_comp_121_cycle_1_88",2
"21841","virus_comp_121_cycle_1_89",2
"21842","virus_comp_121_cycle_1_9",2
"21843","virus_comp_121_cycle_1_90",2
"21844","virus_comp_121_cycle_1_91",2
"21845","virus_comp_121_cycle_1_92",2
"21846","virus_comp_121_cycle_1_93",2
"21847","virus_comp_121_cycle_1_94",2
"21848","virus_comp_121_cycle_1_95",2
"21849","virus_comp_121_cycle_1_96",2
"21850","virus_comp_121_cycle_1_97",2
"21851","virus_comp_121_cycle_1_98",2
"21852","virus_comp_121_cycle_1_99",2
"21853","virus_comp_1210_cycle_1_1",2
"21854","virus_comp_1210_cycle_1_11",2
"21855","virus_comp_1210_cycle_1_13",2
"21856","virus_comp_1210_cycle_1_14",2
"21857","virus_comp_1210_cycle_1_15",2
"21858","virus_comp_1210_cycle_1_18",2
"21859","virus_comp_1210_cycle_1_19",2
"21860","virus_comp_1210_cycle_1_2",2
"21861","virus_comp_1210_cycle_1_21",2
"21862","virus_comp_1210_cycle_1_25",2
"21863","virus_comp_1210_cycle_1_26",2
"21864","virus_comp_1210_cycle_1_27",2
"21865","virus_comp_1210_cycle_1_28",2
"21866","virus_comp_1210_cycle_1_29",2
"21867","virus_comp_1210_cycle_1_4",2
"21868","virus_comp_1210_cycle_1_5",2
"21869","virus_comp_1210_cycle_1_6",2
"21870","virus_comp_1210_cycle_1_7",2
"21871","virus_comp_1210_cycle_1_9",2
"21872","virus_comp_12109_cycle_1_1",2
"21873","virus_comp_12112_cycle_1_1",2
"21874","virus_comp_12139_cycle_1_1",2
"21875","virus_comp_12139_cycle_1_2",2
"21876","virus_comp_1214_cycle_1_10",2
"21877","virus_comp_1215_cycle_1_1",2
"21878","virus_comp_1215_cycle_1_2",2
"21879","virus_comp_1215_cycle_1_3",2
"21880","virus_comp_1215_cycle_1_4",2
"21881","virus_comp_1215_cycle_1_5",2
"21882","virus_comp_1215_cycle_1_6",2
"21883","virus_comp_12150_cycle_1_1",2
"21884","virus_comp_12150_cycle_1_2",2
"21885","virus_comp_1216_cycle_1_11",2
"21886","virus_comp_12164_cycle_1_2",2
"21887","virus_comp_1217_cycle_1_10",2
"21888","virus_comp_1217_cycle_1_12",2
"21889","virus_comp_1217_cycle_1_14",2
"21890","virus_comp_1217_cycle_1_2",2
"21891","virus_comp_1217_cycle_1_3",2
"21892","virus_comp_1217_cycle_1_5",2
"21893","virus_comp_1217_cycle_1_6",2
"21894","virus_comp_1217_cycle_1_8",2
"21895","virus_comp_1217_cycle_1_9",2
"21896","virus_comp_1218_cycle_1_15",2
"21897","virus_comp_1218_cycle_1_23",2
"21898","virus_comp_1219_cycle_1_11",2
"21899","virus_comp_1219_cycle_1_8",2
"21900","virus_comp_1220_cycle_1_12",2
"21901","virus_comp_1220_cycle_1_13",2
"21902","virus_comp_1220_cycle_1_21",2
"21903","virus_comp_1220_cycle_1_3",2
"21904","virus_comp_1220_cycle_1_4",2
"21905","virus_comp_1220_cycle_1_6",2
"21906","virus_comp_1220_cycle_1_7",2
"21907","virus_comp_1220_cycle_1_8",2
"21908","virus_comp_12212_cycle_1_1",2
"21909","virus_comp_12212_cycle_1_3",2
"21910","virus_comp_1222_cycle_1_4",2
"21911","virus_comp_1222_cycle_1_5",2
"21912","virus_comp_1223_cycle_1_1",2
"21913","virus_comp_1223_cycle_1_11",2
"21914","virus_comp_1223_cycle_1_12",2
"21915","virus_comp_1223_cycle_1_13",2
"21916","virus_comp_1223_cycle_1_18",2
"21917","virus_comp_1223_cycle_1_3",2
"21918","virus_comp_1223_cycle_1_5",2
"21919","virus_comp_1223_cycle_1_8",2
"21920","virus_comp_12237_cycle_1_1",2
"21921","virus_comp_12257_cycle_1_2",2
"21922","virus_comp_1228_cycle_1_12",2
"21923","virus_comp_1228_cycle_1_13",2
"21924","virus_comp_1228_cycle_1_15",2
"21925","virus_comp_1228_cycle_1_19",2
"21926","virus_comp_1228_cycle_1_23",2
"21927","virus_comp_1228_cycle_1_28",2
"21928","virus_comp_1228_cycle_1_29",2
"21929","virus_comp_1228_cycle_1_4",2
"21930","virus_comp_1228_cycle_1_9",2
"21931","virus_comp_1229_cycle_1_4",2
"21932","virus_comp_12293_cycle_1_2",2
"21933","virus_comp_1232_cycle_1_11",2
"21934","virus_comp_1232_cycle_1_17",2
"21935","virus_comp_1232_cycle_1_3",2
"21936","virus_comp_1233_cycle_1_1",2
"21937","virus_comp_1233_cycle_1_10",2
"21938","virus_comp_1233_cycle_1_11",2
"21939","virus_comp_1233_cycle_1_15",2
"21940","virus_comp_1233_cycle_1_18",2
"21941","virus_comp_1233_cycle_1_19",2
"21942","virus_comp_1233_cycle_1_2",2
"21943","virus_comp_1233_cycle_1_20",2
"21944","virus_comp_1233_cycle_1_22",2
"21945","virus_comp_1233_cycle_1_23",2
"21946","virus_comp_1233_cycle_1_3",2
"21947","virus_comp_1233_cycle_1_30",2
"21948","virus_comp_1233_cycle_1_31",2
"21949","virus_comp_1233_cycle_1_4",2
"21950","virus_comp_1233_cycle_1_7",2
"21951","virus_comp_1233_cycle_1_8",2
"21952","virus_comp_12334_cycle_1_1",2
"21953","virus_comp_12349_cycle_1_1",2
"21954","virus_comp_1235_cycle_1_19",2
"21955","virus_comp_1235_cycle_1_21",2
"21956","virus_comp_1235_cycle_1_3",2
"21957","virus_comp_1235_cycle_1_4",2
"21958","virus_comp_1236_cycle_1_1",2
"21959","virus_comp_1236_cycle_1_9",2
"21960","virus_comp_12389_cycle_1_1",2
"21961","virus_comp_12396_cycle_1_3",2
"21962","virus_comp_12396_cycle_1_5",2
"21963","virus_comp_124_cycle_1_1",2
"21964","virus_comp_1240_cycle_1_11",2
"21965","virus_comp_1240_cycle_1_12",2
"21966","virus_comp_1240_cycle_1_13",2
"21967","virus_comp_1240_cycle_1_14",2
"21968","virus_comp_1240_cycle_1_15",2
"21969","virus_comp_1240_cycle_1_16",2
"21970","virus_comp_1240_cycle_1_18",2
"21971","virus_comp_1240_cycle_1_19",2
"21972","virus_comp_1240_cycle_1_2",2
"21973","virus_comp_1240_cycle_1_20",2
"21974","virus_comp_1240_cycle_1_3",2
"21975","virus_comp_1240_cycle_1_4",2
"21976","virus_comp_1240_cycle_1_5",2
"21977","virus_comp_1240_cycle_1_6",2
"21978","virus_comp_1240_cycle_1_7",2
"21979","virus_comp_1240_cycle_1_8",2
"21980","virus_comp_1240_cycle_1_9",2
"21981","virus_comp_1242_cycle_1_11",2
"21982","virus_comp_1242_cycle_1_12",2
"21983","virus_comp_1242_cycle_1_13",2
"21984","virus_comp_1242_cycle_1_14",2
"21985","virus_comp_1242_cycle_1_15",2
"21986","virus_comp_1242_cycle_1_16",2
"21987","virus_comp_1242_cycle_1_17",2
"21988","virus_comp_1242_cycle_1_2",2
"21989","virus_comp_1242_cycle_1_20",2
"21990","virus_comp_1242_cycle_1_3",2
"21991","virus_comp_1242_cycle_1_4",2
"21992","virus_comp_1242_cycle_1_5",2
"21993","virus_comp_1242_cycle_1_7",2
"21994","virus_comp_1242_cycle_1_8",2
"21995","virus_comp_1242_cycle_1_9",2
"21996","virus_comp_12427_cycle_1_3",2
"21997","virus_comp_1243_cycle_1_13",2
"21998","virus_comp_1243_cycle_1_15",2
"21999","virus_comp_1243_cycle_1_21",2
"22000","virus_comp_1243_cycle_1_22",2
"22001","virus_comp_1243_cycle_1_26",2
"22002","virus_comp_1243_cycle_1_28",2
"22003","virus_comp_1243_cycle_1_30",2
"22004","virus_comp_1243_cycle_1_7",2
"22005","virus_comp_1243_cycle_1_9",2
"22006","virus_comp_12437_cycle_1_2",2
"22007","virus_comp_12437_cycle_1_3",2
"22008","virus_comp_1244_cycle_1_2",2
"22009","virus_comp_12448_cycle_1_2",2
"22010","virus_comp_12450_cycle_1_3",2
"22011","virus_comp_12450_cycle_1_4",2
"22012","virus_comp_12462_cycle_1_1",2
"22013","virus_comp_1249_cycle_1_10",2
"22014","virus_comp_1249_cycle_1_12",2
"22015","virus_comp_1249_cycle_1_15",2
"22016","virus_comp_1249_cycle_1_2",2
"22017","virus_comp_1249_cycle_1_20",2
"22018","virus_comp_1249_cycle_1_21",2
"22019","virus_comp_1249_cycle_1_24",2
"22020","virus_comp_1249_cycle_1_26",2
"22021","virus_comp_1249_cycle_1_5",2
"22022","virus_comp_1249_cycle_1_8",2
"22023","virus_comp_12492_cycle_1_2",2
"22024","virus_comp_125_cycle_1_1",2
"22025","virus_comp_125_cycle_1_17",2
"22026","virus_comp_125_cycle_1_18",2
"22027","virus_comp_125_cycle_1_4",2
"22028","virus_comp_1251_cycle_1_2",2
"22029","virus_comp_1251_cycle_1_4",2
"22030","virus_comp_1251_cycle_1_5",2
"22031","virus_comp_1251_cycle_1_6",2
"22032","virus_comp_1251_cycle_1_7",2
"22033","virus_comp_12518_cycle_1_2",2
"22034","virus_comp_1252_cycle_1_1",2
"22035","virus_comp_1252_cycle_1_2",2
"22036","virus_comp_1253_cycle_1_1",2
"22037","virus_comp_1253_cycle_1_11",2
"22038","virus_comp_1253_cycle_1_13",2
"22039","virus_comp_1253_cycle_1_2",2
"22040","virus_comp_1253_cycle_1_3",2
"22041","virus_comp_1253_cycle_1_6",2
"22042","virus_comp_1253_cycle_1_7",2
"22043","virus_comp_1253_cycle_1_8",2
"22044","virus_comp_1253_cycle_1_9",2
"22045","virus_comp_12551_cycle_1_1",2
"22046","virus_comp_12559_cycle_1_1",2
"22047","virus_comp_12559_cycle_1_2",2
"22048","virus_comp_12559_cycle_1_3",2
"22049","virus_comp_1256_cycle_1_13",2
"22050","virus_comp_1256_cycle_1_15",2
"22051","virus_comp_12582_cycle_1_1",2
"22052","virus_comp_12582_cycle_1_2",2
"22053","virus_comp_1259_cycle_1_10",2
"22054","virus_comp_1259_cycle_1_2",2
"22055","virus_comp_1259_cycle_1_6",2
"22056","virus_comp_1259_cycle_1_7",2
"22057","virus_comp_126_cycle_1_107",2
"22058","virus_comp_126_cycle_1_12",2
"22059","virus_comp_126_cycle_1_121",2
"22060","virus_comp_126_cycle_1_124",2
"22061","virus_comp_126_cycle_1_129",2
"22062","virus_comp_126_cycle_1_130",2
"22063","virus_comp_126_cycle_1_133",2
"22064","virus_comp_126_cycle_1_143",2
"22065","virus_comp_126_cycle_1_17",2
"22066","virus_comp_126_cycle_1_189",2
"22067","virus_comp_126_cycle_1_214",2
"22068","virus_comp_126_cycle_1_28",2
"22069","virus_comp_126_cycle_1_30",2
"22070","virus_comp_126_cycle_1_31",2
"22071","virus_comp_126_cycle_1_43",2
"22072","virus_comp_126_cycle_1_44",2
"22073","virus_comp_126_cycle_1_46",2
"22074","virus_comp_126_cycle_1_56",2
"22075","virus_comp_126_cycle_1_58",2
"22076","virus_comp_126_cycle_1_59",2
"22077","virus_comp_126_cycle_1_60",2
"22078","virus_comp_126_cycle_1_61",2
"22079","virus_comp_126_cycle_1_63",2
"22080","virus_comp_126_cycle_1_65",2
"22081","virus_comp_126_cycle_1_74",2
"22082","virus_comp_126_cycle_1_75",2
"22083","virus_comp_126_cycle_1_76",2
"22084","virus_comp_126_cycle_1_89",2
"22085","virus_comp_126_cycle_1_94",2
"22086","virus_comp_126_cycle_1_97",2
"22087","virus_comp_126_cycle_1_98",2
"22088","virus_comp_12605_cycle_1_1",2
"22089","virus_comp_12611_cycle_1_1",2
"22090","virus_comp_12611_cycle_1_2",2
"22091","virus_comp_12611_cycle_1_3",2
"22092","virus_comp_12611_cycle_1_4",2
"22093","virus_comp_1262_cycle_1_2",2
"22094","virus_comp_1262_cycle_1_3",2
"22095","virus_comp_12629_cycle_1_2",2
"22096","virus_comp_12629_cycle_1_3",2
"22097","virus_comp_1264_cycle_1_10",2
"22098","virus_comp_1264_cycle_1_11",2
"22099","virus_comp_1264_cycle_1_12",2
"22100","virus_comp_1264_cycle_1_13",2
"22101","virus_comp_1264_cycle_1_14",2
"22102","virus_comp_1264_cycle_1_15",2
"22103","virus_comp_1264_cycle_1_16",2
"22104","virus_comp_1264_cycle_1_18",2
"22105","virus_comp_1264_cycle_1_19",2
"22106","virus_comp_1264_cycle_1_2",2
"22107","virus_comp_1264_cycle_1_20",2
"22108","virus_comp_1264_cycle_1_3",2
"22109","virus_comp_1264_cycle_1_4",2
"22110","virus_comp_1264_cycle_1_5",2
"22111","virus_comp_1264_cycle_1_6",2
"22112","virus_comp_1264_cycle_1_7",2
"22113","virus_comp_1264_cycle_1_8",2
"22114","virus_comp_1264_cycle_1_9",2
"22115","virus_comp_1265_cycle_1_6",2
"22116","virus_comp_1266_cycle_1_1",2
"22117","virus_comp_12662_cycle_1_1",2
"22118","virus_comp_12662_cycle_1_3",2
"22119","virus_comp_12673_cycle_1_2",2
"22120","virus_comp_12677_cycle_1_1",2
"22121","virus_comp_12677_cycle_1_4",2
"22122","virus_comp_12706_cycle_1_2",2
"22123","virus_comp_1271_cycle_1_1",2
"22124","virus_comp_1271_cycle_1_12",2
"22125","virus_comp_1271_cycle_1_2",2
"22126","virus_comp_1271_cycle_1_3",2
"22127","virus_comp_1271_cycle_1_4",2
"22128","virus_comp_1271_cycle_1_6",2
"22129","virus_comp_1271_cycle_1_9",2
"22130","virus_comp_1272_cycle_1_10",2
"22131","virus_comp_1272_cycle_1_12",2
"22132","virus_comp_1272_cycle_1_13",2
"22133","virus_comp_1272_cycle_1_6",2
"22134","virus_comp_12720_cycle_1_2",2
"22135","virus_comp_12722_cycle_1_1",2
"22136","virus_comp_12722_cycle_1_3",2
"22137","virus_comp_12722_cycle_1_4",2
"22138","virus_comp_12722_cycle_1_6",2
"22139","virus_comp_12747_cycle_1_2",2
"22140","virus_comp_12747_cycle_1_4",2
"22141","virus_comp_1275_cycle_1_1",2
"22142","virus_comp_1275_cycle_1_3",2
"22143","virus_comp_1275_cycle_1_4",2
"22144","virus_comp_1275_cycle_1_6",2
"22145","virus_comp_12768_cycle_1_2",2
"22146","virus_comp_12774_cycle_1_2",2
"22147","virus_comp_12782_cycle_1_1",2
"22148","virus_comp_12799_cycle_1_2",2
"22149","virus_comp_12803_cycle_1_1",2
"22150","virus_comp_1281_cycle_1_8",2
"22151","virus_comp_1281_cycle_1_9",2
"22152","virus_comp_1282_cycle_1_15",2
"22153","virus_comp_1282_cycle_1_16",2
"22154","virus_comp_1282_cycle_1_17",2
"22155","virus_comp_1283_cycle_1_1",2
"22156","virus_comp_1283_cycle_1_10",2
"22157","virus_comp_1283_cycle_1_11",2
"22158","virus_comp_1283_cycle_1_12",2
"22159","virus_comp_1283_cycle_1_13",2
"22160","virus_comp_1283_cycle_1_14",2
"22161","virus_comp_1283_cycle_1_15",2
"22162","virus_comp_1283_cycle_1_2",2
"22163","virus_comp_1283_cycle_1_3",2
"22164","virus_comp_1283_cycle_1_4",2
"22165","virus_comp_1283_cycle_1_7",2
"22166","virus_comp_1283_cycle_1_9",2
"22167","virus_comp_1285_cycle_1_10",2
"22168","virus_comp_1285_cycle_1_11",2
"22169","virus_comp_1285_cycle_1_15",2
"22170","virus_comp_1285_cycle_1_7",2
"22171","virus_comp_1285_cycle_1_8",2
"22172","virus_comp_1286_cycle_1_12",2
"22173","virus_comp_1286_cycle_1_13",2
"22174","virus_comp_1286_cycle_1_14",2
"22175","virus_comp_12862_cycle_1_1",2
"22176","virus_comp_12862_cycle_1_3",2
"22177","virus_comp_12869_cycle_1_1",2
"22178","virus_comp_12869_cycle_1_4",2
"22179","virus_comp_12870_cycle_1_2",2
"22180","virus_comp_12875_cycle_1_2",2
"22181","virus_comp_12875_cycle_1_4",2
"22182","virus_comp_12875_cycle_1_5",2
"22183","virus_comp_12877_cycle_1_1",2
"22184","virus_comp_12877_cycle_1_2",2
"22185","virus_comp_12877_cycle_1_3",2
"22186","virus_comp_129_cycle_1_10",2
"22187","virus_comp_129_cycle_1_12",2
"22188","virus_comp_129_cycle_1_4",2
"22189","virus_comp_129_cycle_1_5",2
"22190","virus_comp_129_cycle_1_6",2
"22191","virus_comp_12924_cycle_1_1",2
"22192","virus_comp_1293_cycle_1_1",2
"22193","virus_comp_1293_cycle_1_4",2
"22194","virus_comp_12939_cycle_1_3",2
"22195","virus_comp_12939_cycle_1_4",2
"22196","virus_comp_1296_cycle_1_10",2
"22197","virus_comp_1296_cycle_1_13",2
"22198","virus_comp_1296_cycle_1_2",2
"22199","virus_comp_1296_cycle_1_5",2
"22200","virus_comp_12963_cycle_1_1",2
"22201","virus_comp_1297_cycle_1_10",2
"22202","virus_comp_1297_cycle_1_14",2
"22203","virus_comp_1297_cycle_1_15",2
"22204","virus_comp_1297_cycle_1_18",2
"22205","virus_comp_1297_cycle_1_21",2
"22206","virus_comp_1297_cycle_1_22",2
"22207","virus_comp_1297_cycle_1_23",2
"22208","virus_comp_1297_cycle_1_7",2
"22209","virus_comp_1298_cycle_1_1",2
"22210","virus_comp_1298_cycle_1_10",2
"22211","virus_comp_1298_cycle_1_12",2
"22212","virus_comp_1298_cycle_1_21",2
"22213","virus_comp_1298_cycle_1_3",2
"22214","virus_comp_1298_cycle_1_4",2
"22215","virus_comp_12981_cycle_1_2",2
"22216","virus_comp_12982_cycle_1_3",2
"22217","virus_comp_13000_cycle_1_2",2
"22218","virus_comp_13006_cycle_1_1",2
"22219","virus_comp_1301_cycle_1_2",2
"22220","virus_comp_13013_cycle_1_2",2
"22221","virus_comp_1302_cycle_1_8",2
"22222","virus_comp_13028_cycle_1_1",2
"22223","virus_comp_13028_cycle_1_3",2
"22224","virus_comp_1303_cycle_1_4",2
"22225","virus_comp_1303_cycle_1_5",2
"22226","virus_comp_13043_cycle_1_2",2
"22227","virus_comp_13043_cycle_1_3",2
"22228","virus_comp_13046_cycle_1_2",2
"22229","virus_comp_13046_cycle_1_3",2
"22230","virus_comp_1308_cycle_1_2",2
"22231","virus_comp_1311_cycle_1_1",2
"22232","virus_comp_1311_cycle_1_4",2
"22233","virus_comp_1313_cycle_1_10",2
"22234","virus_comp_1313_cycle_1_12",2
"22235","virus_comp_1313_cycle_1_21",2
"22236","virus_comp_1314_cycle_1_17",2
"22237","virus_comp_1314_cycle_1_2",2
"22238","virus_comp_1314_cycle_1_6",2
"22239","virus_comp_1314_cycle_1_9",2
"22240","virus_comp_13143_cycle_1_2",2
"22241","virus_comp_13143_cycle_1_3",2
"22242","virus_comp_1316_cycle_1_1",2
"22243","virus_comp_1316_cycle_1_3",2
"22244","virus_comp_1318_cycle_1_2",2
"22245","virus_comp_1318_cycle_1_4",2
"22246","virus_comp_13193_cycle_1_1",2
"22247","virus_comp_13195_cycle_1_1",2
"22248","virus_comp_13206_cycle_1_2",2
"22249","virus_comp_13206_cycle_1_3",2
"22250","virus_comp_13206_cycle_1_4",2
"22251","virus_comp_13209_cycle_1_1",2
"22252","virus_comp_13239_cycle_1_2",2
"22253","virus_comp_1324_cycle_1_5",2
"22254","virus_comp_1329_cycle_1_2",2
"22255","virus_comp_1329_cycle_1_4",2
"22256","virus_comp_133_cycle_1_7",2
"22257","virus_comp_1330_cycle_1_12",2
"22258","virus_comp_1330_cycle_1_13",2
"22259","virus_comp_1330_cycle_1_2",2
"22260","virus_comp_13306_cycle_1_1",2
"22261","virus_comp_1333_cycle_1_13",2
"22262","virus_comp_1333_cycle_1_15",2
"22263","virus_comp_1333_cycle_1_8",2
"22264","virus_comp_1334_cycle_1_10",2
"22265","virus_comp_1334_cycle_1_12",2
"22266","virus_comp_1334_cycle_1_15",2
"22267","virus_comp_1334_cycle_1_16",2
"22268","virus_comp_1334_cycle_1_17",2
"22269","virus_comp_1334_cycle_1_18",2
"22270","virus_comp_1334_cycle_1_8",2
"22271","virus_comp_13374_cycle_1_2",2
"22272","virus_comp_13387_cycle_1_1",2
"22273","virus_comp_1340_cycle_1_1",2
"22274","virus_comp_13404_cycle_1_2",2
"22275","virus_comp_1342_cycle_1_13",2
"22276","virus_comp_1342_cycle_1_14",2
"22277","virus_comp_1342_cycle_1_15",2
"22278","virus_comp_1342_cycle_1_2",2
"22279","virus_comp_1342_cycle_1_21",2
"22280","virus_comp_1342_cycle_1_4",2
"22281","virus_comp_1342_cycle_1_5",2
"22282","virus_comp_1342_cycle_1_6",2
"22283","virus_comp_1342_cycle_1_7",2
"22284","virus_comp_1342_cycle_1_8",2
"22285","virus_comp_13439_cycle_1_3",2
"22286","virus_comp_13469_cycle_1_2",2
"22287","virus_comp_13469_cycle_1_4",2
"22288","virus_comp_1347_cycle_1_15",2
"22289","virus_comp_13470_cycle_1_2",2
"22290","virus_comp_13475_cycle_1_2",2
"22291","virus_comp_1348_cycle_1_3",2
"22292","virus_comp_1349_cycle_1_2",2
"22293","virus_comp_1349_cycle_1_5",2
"22294","virus_comp_13500_cycle_1_2",2
"22295","virus_comp_13514_cycle_1_1",2
"22296","virus_comp_13528_cycle_1_2",2
"22297","virus_comp_1354_cycle_1_11",2
"22298","virus_comp_1354_cycle_1_2",2
"22299","virus_comp_1355_cycle_1_11",2
"22300","virus_comp_1355_cycle_1_17",2
"22301","virus_comp_13555_cycle_1_1",2
"22302","virus_comp_13555_cycle_1_2",2
"22303","virus_comp_13560_cycle_1_1",2
"22304","virus_comp_13567_cycle_1_1",2
"22305","virus_comp_1357_cycle_1_1",2
"22306","virus_comp_1357_cycle_1_6",2
"22307","virus_comp_13587_cycle_1_1",2
"22308","virus_comp_1359_cycle_1_1",2
"22309","virus_comp_1359_cycle_1_15",2
"22310","virus_comp_1359_cycle_1_20",2
"22311","virus_comp_1359_cycle_1_21",2
"22312","virus_comp_1359_cycle_1_5",2
"22313","virus_comp_1359_cycle_1_7",2
"22314","virus_comp_1359_cycle_1_9",2
"22315","virus_comp_13601_cycle_1_2",2
"22316","virus_comp_13614_cycle_1_2",2
"22317","virus_comp_13632_cycle_1_2",2
"22318","virus_comp_1364_cycle_1_1",2
"22319","virus_comp_1364_cycle_1_6",2
"22320","virus_comp_13652_cycle_1_2",2
"22321","virus_comp_1366_cycle_1_16",2
"22322","virus_comp_1366_cycle_1_17",2
"22323","virus_comp_1366_cycle_1_19",2
"22324","virus_comp_1366_cycle_1_2",2
"22325","virus_comp_1366_cycle_1_20",2
"22326","virus_comp_1366_cycle_1_21",2
"22327","virus_comp_1366_cycle_1_3",2
"22328","virus_comp_1366_cycle_1_4",2
"22329","virus_comp_13666_cycle_1_3",2
"22330","virus_comp_1367_cycle_1_1",2
"22331","virus_comp_1367_cycle_1_10",2
"22332","virus_comp_1367_cycle_1_11",2
"22333","virus_comp_1367_cycle_1_12",2
"22334","virus_comp_1367_cycle_1_13",2
"22335","virus_comp_1367_cycle_1_14",2
"22336","virus_comp_1367_cycle_1_15",2
"22337","virus_comp_1367_cycle_1_16",2
"22338","virus_comp_1367_cycle_1_2",2
"22339","virus_comp_1367_cycle_1_3",2
"22340","virus_comp_1367_cycle_1_4",2
"22341","virus_comp_1367_cycle_1_5",2
"22342","virus_comp_1367_cycle_1_6",2
"22343","virus_comp_1367_cycle_1_7",2
"22344","virus_comp_1367_cycle_1_8",2
"22345","virus_comp_1367_cycle_1_9",2
"22346","virus_comp_13677_cycle_1_1",2
"22347","virus_comp_13677_cycle_1_2",2
"22348","virus_comp_1368_cycle_1_6",2
"22349","virus_comp_1368_cycle_1_7",2
"22350","virus_comp_1368_cycle_1_8",2
"22351","virus_comp_1370_cycle_1_1",2
"22352","virus_comp_1371_cycle_1_3",2
"22353","virus_comp_13719_cycle_1_1",2
"22354","virus_comp_13759_cycle_1_1",2
"22355","virus_comp_13759_cycle_1_3",2
"22356","virus_comp_13761_cycle_1_1",2
"22357","virus_comp_13761_cycle_1_2",2
"22358","virus_comp_13761_cycle_1_3",2
"22359","virus_comp_13764_cycle_1_3",2
"22360","virus_comp_1378_cycle_1_12",2
"22361","virus_comp_1378_cycle_1_14",2
"22362","virus_comp_1378_cycle_1_15",2
"22363","virus_comp_1378_cycle_1_16",2
"22364","virus_comp_1378_cycle_1_17",2
"22365","virus_comp_1378_cycle_1_5",2
"22366","virus_comp_1379_cycle_1_18",2
"22367","virus_comp_1379_cycle_1_6",2
"22368","virus_comp_13792_cycle_1_1",2
"22369","virus_comp_13792_cycle_1_2",2
"22370","virus_comp_1380_cycle_1_12",2
"22371","virus_comp_1380_cycle_1_4",2
"22372","virus_comp_1380_cycle_1_5",2
"22373","virus_comp_1380_cycle_1_6",2
"22374","virus_comp_1381_cycle_1_12",2
"22375","virus_comp_1381_cycle_1_2",2
"22376","virus_comp_1381_cycle_1_3",2
"22377","virus_comp_1381_cycle_1_4",2
"22378","virus_comp_1381_cycle_1_5",2
"22379","virus_comp_1381_cycle_1_6",2
"22380","virus_comp_1381_cycle_1_7",2
"22381","virus_comp_1381_cycle_1_8",2
"22382","virus_comp_1381_cycle_1_9",2
"22383","virus_comp_13812_cycle_1_2",2
"22384","virus_comp_13812_cycle_1_3",2
"22385","virus_comp_13812_cycle_1_4",2
"22386","virus_comp_13813_cycle_1_2",2
"22387","virus_comp_1382_cycle_1_1",2
"22388","virus_comp_1382_cycle_1_10",2
"22389","virus_comp_1382_cycle_1_12",2
"22390","virus_comp_1382_cycle_1_13",2
"22391","virus_comp_1382_cycle_1_14",2
"22392","virus_comp_1382_cycle_1_17",2
"22393","virus_comp_1382_cycle_1_18",2
"22394","virus_comp_1382_cycle_1_19",2
"22395","virus_comp_1382_cycle_1_20",2
"22396","virus_comp_1382_cycle_1_21",2
"22397","virus_comp_1382_cycle_1_22",2
"22398","virus_comp_1382_cycle_1_7",2
"22399","virus_comp_1382_cycle_1_9",2
"22400","virus_comp_13829_cycle_1_1",2
"22401","virus_comp_1383_cycle_1_1",2
"22402","virus_comp_1383_cycle_1_10",2
"22403","virus_comp_1383_cycle_1_11",2
"22404","virus_comp_1383_cycle_1_12",2
"22405","virus_comp_1383_cycle_1_13",2
"22406","virus_comp_1383_cycle_1_14",2
"22407","virus_comp_1383_cycle_1_15",2
"22408","virus_comp_1383_cycle_1_16",2
"22409","virus_comp_1383_cycle_1_17",2
"22410","virus_comp_1383_cycle_1_2",2
"22411","virus_comp_1383_cycle_1_3",2
"22412","virus_comp_1383_cycle_1_4",2
"22413","virus_comp_1383_cycle_1_5",2
"22414","virus_comp_1383_cycle_1_6",2
"22415","virus_comp_1383_cycle_1_7",2
"22416","virus_comp_1383_cycle_1_8",2
"22417","virus_comp_1383_cycle_1_9",2
"22418","virus_comp_13844_cycle_1_1",2
"22419","virus_comp_1385_cycle_1_4",2
"22420","virus_comp_13864_cycle_1_2",2
"22421","virus_comp_13886_cycle_1_1",2
"22422","virus_comp_13896_cycle_1_2",2
"22423","virus_comp_1391_cycle_1_1",2
"22424","virus_comp_1391_cycle_1_10",2
"22425","virus_comp_1391_cycle_1_12",2
"22426","virus_comp_1391_cycle_1_13",2
"22427","virus_comp_1391_cycle_1_14",2
"22428","virus_comp_1391_cycle_1_15",2
"22429","virus_comp_1391_cycle_1_2",2
"22430","virus_comp_1391_cycle_1_3",2
"22431","virus_comp_1391_cycle_1_5",2
"22432","virus_comp_1391_cycle_1_7",2
"22433","virus_comp_1391_cycle_1_8",2
"22434","virus_comp_1392_cycle_1_10",2
"22435","virus_comp_1392_cycle_1_12",2
"22436","virus_comp_1392_cycle_1_15",2
"22437","virus_comp_1392_cycle_1_3",2
"22438","virus_comp_1392_cycle_1_4",2
"22439","virus_comp_1392_cycle_1_5",2
"22440","virus_comp_1392_cycle_1_7",2
"22441","virus_comp_1392_cycle_1_9",2
"22442","virus_comp_1393_cycle_1_1",2
"22443","virus_comp_1393_cycle_1_10",2
"22444","virus_comp_1393_cycle_1_11",2
"22445","virus_comp_1393_cycle_1_12",2
"22446","virus_comp_1393_cycle_1_13",2
"22447","virus_comp_1393_cycle_1_14",2
"22448","virus_comp_1393_cycle_1_15",2
"22449","virus_comp_1393_cycle_1_16",2
"22450","virus_comp_1393_cycle_1_17",2
"22451","virus_comp_1393_cycle_1_18",2
"22452","virus_comp_1393_cycle_1_19",2
"22453","virus_comp_1393_cycle_1_2",2
"22454","virus_comp_1393_cycle_1_20",2
"22455","virus_comp_1393_cycle_1_21",2
"22456","virus_comp_1393_cycle_1_22",2
"22457","virus_comp_1393_cycle_1_23",2
"22458","virus_comp_1393_cycle_1_3",2
"22459","virus_comp_1393_cycle_1_4",2
"22460","virus_comp_1393_cycle_1_5",2
"22461","virus_comp_1393_cycle_1_6",2
"22462","virus_comp_1393_cycle_1_8",2
"22463","virus_comp_1393_cycle_1_9",2
"22464","virus_comp_13930_cycle_1_2",2
"22465","virus_comp_13980_cycle_1_1",2
"22466","virus_comp_13989_cycle_1_2",2
"22467","virus_comp_1400_cycle_1_11",2
"22468","virus_comp_1400_cycle_1_2",2
"22469","virus_comp_1400_cycle_1_21",2
"22470","virus_comp_1400_cycle_1_22",2
"22471","virus_comp_1400_cycle_1_23",2
"22472","virus_comp_14001_cycle_1_1",2
"22473","virus_comp_1403_cycle_1_13",2
"22474","virus_comp_1403_cycle_1_14",2
"22475","virus_comp_1403_cycle_1_18",2
"22476","virus_comp_1403_cycle_1_2",2
"22477","virus_comp_1403_cycle_1_20",2
"22478","virus_comp_1403_cycle_1_8",2
"22479","virus_comp_14041_cycle_1_2",2
"22480","virus_comp_1405_cycle_1_1",2
"22481","virus_comp_1405_cycle_1_7",2
"22482","virus_comp_1405_cycle_1_8",2
"22483","virus_comp_14071_cycle_1_2",2
"22484","virus_comp_14093_cycle_1_3",2
"22485","virus_comp_14096_cycle_1_1",2
"22486","virus_comp_14096_cycle_1_2",2
"22487","virus_comp_14112_cycle_1_1",2
"22488","virus_comp_1412_cycle_1_1",2
"22489","virus_comp_1412_cycle_1_2",2
"22490","virus_comp_14142_cycle_1_1",2
"22491","virus_comp_14143_cycle_1_2",2
"22492","virus_comp_14143_cycle_1_4",2
"22493","virus_comp_1415_cycle_1_5",2
"22494","virus_comp_14164_cycle_1_1",2
"22495","virus_comp_1417_cycle_1_1",2
"22496","virus_comp_1417_cycle_1_10",2
"22497","virus_comp_1417_cycle_1_4",2
"22498","virus_comp_142_cycle_1_1",2
"22499","virus_comp_1420_cycle_1_13",2
"22500","virus_comp_1420_cycle_1_15",2
"22501","virus_comp_1421_cycle_1_13",2
"22502","virus_comp_1422_cycle_1_18",2
"22503","virus_comp_1422_cycle_1_5",2
"22504","virus_comp_1422_cycle_1_9",2
"22505","virus_comp_1423_cycle_1_3",2
"22506","virus_comp_1423_cycle_1_8",2
"22507","virus_comp_14248_cycle_1_2",2
"22508","virus_comp_1426_cycle_1_11",2
"22509","virus_comp_1426_cycle_1_13",2
"22510","virus_comp_1426_cycle_1_14",2
"22511","virus_comp_1426_cycle_1_16",2
"22512","virus_comp_1426_cycle_1_17",2
"22513","virus_comp_1426_cycle_1_19",2
"22514","virus_comp_1426_cycle_1_20",2
"22515","virus_comp_1426_cycle_1_24",2
"22516","virus_comp_1426_cycle_1_27",2
"22517","virus_comp_1426_cycle_1_3",2
"22518","virus_comp_1426_cycle_1_30",2
"22519","virus_comp_1426_cycle_1_4",2
"22520","virus_comp_1426_cycle_1_6",2
"22521","virus_comp_1426_cycle_1_9",2
"22522","virus_comp_14278_cycle_1_2",2
"22523","virus_comp_1428_cycle_1_13",2
"22524","virus_comp_1428_cycle_1_14",2
"22525","virus_comp_1428_cycle_1_15",2
"22526","virus_comp_1428_cycle_1_7",2
"22527","virus_comp_1428_cycle_1_8",2
"22528","virus_comp_1428_cycle_1_9",2
"22529","virus_comp_14299_cycle_1_1",2
"22530","virus_comp_14299_cycle_1_2",2
"22531","virus_comp_1430_cycle_1_1",2
"22532","virus_comp_1430_cycle_1_10",2
"22533","virus_comp_1430_cycle_1_12",2
"22534","virus_comp_1430_cycle_1_13",2
"22535","virus_comp_1430_cycle_1_15",2
"22536","virus_comp_1430_cycle_1_16",2
"22537","virus_comp_1430_cycle_1_17",2
"22538","virus_comp_1430_cycle_1_18",2
"22539","virus_comp_1430_cycle_1_27",2
"22540","virus_comp_14334_cycle_1_2",2
"22541","virus_comp_1434_cycle_1_1",2
"22542","virus_comp_1434_cycle_1_10",2
"22543","virus_comp_1434_cycle_1_11",2
"22544","virus_comp_1434_cycle_1_9",2
"22545","virus_comp_14348_cycle_1_3",2
"22546","virus_comp_1435_cycle_1_15",2
"22547","virus_comp_1436_cycle_1_12",2
"22548","virus_comp_1436_cycle_1_17",2
"22549","virus_comp_1436_cycle_1_2",2
"22550","virus_comp_1436_cycle_1_3",2
"22551","virus_comp_1436_cycle_1_7",2
"22552","virus_comp_14370_cycle_1_1",2
"22553","virus_comp_1438_cycle_1_1",2
"22554","virus_comp_1438_cycle_1_2",2
"22555","virus_comp_1438_cycle_1_7",2
"22556","virus_comp_14393_cycle_1_1",2
"22557","virus_comp_14429_cycle_1_1",2
"22558","virus_comp_14429_cycle_1_2",2
"22559","virus_comp_14429_cycle_1_3",2
"22560","virus_comp_14434_cycle_1_1",2
"22561","virus_comp_14434_cycle_1_2",2
"22562","virus_comp_1444_cycle_1_9",2
"22563","virus_comp_1445_cycle_1_12",2
"22564","virus_comp_1445_cycle_1_13",2
"22565","virus_comp_1445_cycle_1_14",2
"22566","virus_comp_1445_cycle_1_16",2
"22567","virus_comp_1445_cycle_1_5",2
"22568","virus_comp_1445_cycle_1_8",2
"22569","virus_comp_1445_cycle_1_9",2
"22570","virus_comp_14461_cycle_1_2",2
"22571","virus_comp_1448_cycle_1_1",2
"22572","virus_comp_1448_cycle_1_14",2
"22573","virus_comp_1448_cycle_1_18",2
"22574","virus_comp_1448_cycle_1_4",2
"22575","virus_comp_1448_cycle_1_7",2
"22576","virus_comp_1450_cycle_1_2",2
"22577","virus_comp_1450_cycle_1_4",2
"22578","virus_comp_1451_cycle_1_12",2
"22579","virus_comp_14515_cycle_1_1",2
"22580","virus_comp_14535_cycle_1_2",2
"22581","virus_comp_1455_cycle_1_1",2
"22582","virus_comp_1455_cycle_1_11",2
"22583","virus_comp_1455_cycle_1_13",2
"22584","virus_comp_1455_cycle_1_16",2
"22585","virus_comp_1455_cycle_1_18",2
"22586","virus_comp_1455_cycle_1_23",2
"22587","virus_comp_1455_cycle_1_28",2
"22588","virus_comp_1455_cycle_1_7",2
"22589","virus_comp_1455_cycle_1_8",2
"22590","virus_comp_14557_cycle_1_1",2
"22591","virus_comp_14576_cycle_1_1",2
"22592","virus_comp_1458_cycle_1_10",2
"22593","virus_comp_1460_cycle_1_1",2
"22594","virus_comp_1460_cycle_1_2",2
"22595","virus_comp_1460_cycle_1_4",2
"22596","virus_comp_1460_cycle_1_6",2
"22597","virus_comp_1460_cycle_1_7",2
"22598","virus_comp_1460_cycle_1_8",2
"22599","virus_comp_1462_cycle_1_1",2
"22600","virus_comp_1462_cycle_1_3",2
"22601","virus_comp_1462_cycle_1_5",2
"22602","virus_comp_14628_cycle_1_2",2
"22603","virus_comp_14630_cycle_1_1",2
"22604","virus_comp_1464_cycle_1_1",2
"22605","virus_comp_1464_cycle_1_2",2
"22606","virus_comp_1465_cycle_1_12",2
"22607","virus_comp_1465_cycle_1_23",2
"22608","virus_comp_1465_cycle_1_24",2
"22609","virus_comp_1465_cycle_1_3",2
"22610","virus_comp_14661_cycle_1_1",2
"22611","virus_comp_14661_cycle_1_2",2
"22612","virus_comp_1468_cycle_1_16",2
"22613","virus_comp_1468_cycle_1_18",2
"22614","virus_comp_1468_cycle_1_19",2
"22615","virus_comp_1470_cycle_1_10",2
"22616","virus_comp_1470_cycle_1_12",2
"22617","virus_comp_1470_cycle_1_18",2
"22618","virus_comp_1470_cycle_1_21",2
"22619","virus_comp_1470_cycle_1_4",2
"22620","virus_comp_1470_cycle_1_6",2
"22621","virus_comp_1470_cycle_1_9",2
"22622","virus_comp_1471_cycle_1_2",2
"22623","virus_comp_1471_cycle_1_3",2
"22624","virus_comp_14710_cycle_1_1",2
"22625","virus_comp_14710_cycle_1_3",2
"22626","virus_comp_14717_cycle_1_1",2
"22627","virus_comp_14724_cycle_1_2",2
"22628","virus_comp_14727_cycle_1_3",2
"22629","virus_comp_1473_cycle_1_1",2
"22630","virus_comp_1473_cycle_1_10",2
"22631","virus_comp_1473_cycle_1_4",2
"22632","virus_comp_1473_cycle_1_8",2
"22633","virus_comp_14741_cycle_1_1",2
"22634","virus_comp_14767_cycle_1_1",2
"22635","virus_comp_14775_cycle_1_2",2
"22636","virus_comp_14792_cycle_1_2",2
"22637","virus_comp_148_cycle_1_14",2
"22638","virus_comp_1480_cycle_1_10",2
"22639","virus_comp_1480_cycle_1_2",2
"22640","virus_comp_1480_cycle_1_26",2
"22641","virus_comp_1480_cycle_1_27",2
"22642","virus_comp_1480_cycle_1_31",2
"22643","virus_comp_1480_cycle_1_35",2
"22644","virus_comp_1480_cycle_1_36",2
"22645","virus_comp_1480_cycle_1_42",2
"22646","virus_comp_1480_cycle_1_44",2
"22647","virus_comp_14814_cycle_1_3",2
"22648","virus_comp_14816_cycle_1_2",2
"22649","virus_comp_14816_cycle_1_4",2
"22650","virus_comp_14825_cycle_1_2",2
"22651","virus_comp_1483_cycle_1_11",2
"22652","virus_comp_14835_cycle_1_1",2
"22653","virus_comp_1485_cycle_1_11",2
"22654","virus_comp_1485_cycle_1_12",2
"22655","virus_comp_1485_cycle_1_15",2
"22656","virus_comp_1485_cycle_1_16",2
"22657","virus_comp_1485_cycle_1_17",2
"22658","virus_comp_1485_cycle_1_18",2
"22659","virus_comp_1485_cycle_1_5",2
"22660","virus_comp_14850_cycle_1_1",2
"22661","virus_comp_14856_cycle_1_1",2
"22662","virus_comp_14859_cycle_1_2",2
"22663","virus_comp_1487_cycle_1_7",2
"22664","virus_comp_14870_cycle_1_1",2
"22665","virus_comp_1488_cycle_1_1",2
"22666","virus_comp_1488_cycle_1_12",2
"22667","virus_comp_1488_cycle_1_13",2
"22668","virus_comp_1488_cycle_1_14",2
"22669","virus_comp_1488_cycle_1_15",2
"22670","virus_comp_1488_cycle_1_2",2
"22671","virus_comp_1488_cycle_1_4",2
"22672","virus_comp_1488_cycle_1_7",2
"22673","virus_comp_1488_cycle_1_8",2
"22674","virus_comp_14880_cycle_1_2",2
"22675","virus_comp_1491_cycle_1_10",2
"22676","virus_comp_1491_cycle_1_12",2
"22677","virus_comp_1492_cycle_1_10",2
"22678","virus_comp_1492_cycle_1_12",2
"22679","virus_comp_1492_cycle_1_14",2
"22680","virus_comp_1492_cycle_1_7",2
"22681","virus_comp_1493_cycle_1_10",2
"22682","virus_comp_1493_cycle_1_11",2
"22683","virus_comp_1493_cycle_1_12",2
"22684","virus_comp_1493_cycle_1_17",2
"22685","virus_comp_1493_cycle_1_18",2
"22686","virus_comp_1493_cycle_1_3",2
"22687","virus_comp_14932_cycle_1_2",2
"22688","virus_comp_14941_cycle_1_1",2
"22689","virus_comp_14948_cycle_1_1",2
"22690","virus_comp_14948_cycle_1_4",2
"22691","virus_comp_14956_cycle_1_3",2
"22692","virus_comp_14958_cycle_1_1",2
"22693","virus_comp_1499_cycle_1_11",2
"22694","virus_comp_1499_cycle_1_12",2
"22695","virus_comp_1499_cycle_1_13",2
"22696","virus_comp_1499_cycle_1_14",2
"22697","virus_comp_1499_cycle_1_15",2
"22698","virus_comp_1499_cycle_1_16",2
"22699","virus_comp_1499_cycle_1_17",2
"22700","virus_comp_1499_cycle_1_18",2
"22701","virus_comp_1499_cycle_1_19",2
"22702","virus_comp_1499_cycle_1_2",2
"22703","virus_comp_1499_cycle_1_20",2
"22704","virus_comp_1499_cycle_1_21",2
"22705","virus_comp_1499_cycle_1_22",2
"22706","virus_comp_1499_cycle_1_23",2
"22707","virus_comp_1499_cycle_1_24",2
"22708","virus_comp_1499_cycle_1_6",2
"22709","virus_comp_1499_cycle_1_9",2
"22710","virus_comp_14990_cycle_1_1",2
"22711","virus_comp_14994_cycle_1_3",2
"22712","virus_comp_150_cycle_1_10",2
"22713","virus_comp_150_cycle_1_108",2
"22714","virus_comp_150_cycle_1_114",2
"22715","virus_comp_150_cycle_1_137",2
"22716","virus_comp_150_cycle_1_184",2
"22717","virus_comp_150_cycle_1_187",2
"22718","virus_comp_150_cycle_1_40",2
"22719","virus_comp_150_cycle_1_6",2
"22720","virus_comp_150_cycle_1_60",2
"22721","virus_comp_150_cycle_1_69",2
"22722","virus_comp_150_cycle_1_87",2
"22723","virus_comp_1504_cycle_1_3",2
"22724","virus_comp_15040_cycle_1_2",2
"22725","virus_comp_1505_cycle_1_2",2
"22726","virus_comp_1505_cycle_1_3",2
"22727","virus_comp_1505_cycle_1_8",2
"22728","virus_comp_15059_cycle_1_1",2
"22729","virus_comp_15059_cycle_1_2",2
"22730","virus_comp_15059_cycle_1_3",2
"22731","virus_comp_15066_cycle_1_1",2
"22732","virus_comp_15066_cycle_1_3",2
"22733","virus_comp_15078_cycle_1_1",2
"22734","virus_comp_15078_cycle_1_2",2
"22735","virus_comp_15079_cycle_1_2",2
"22736","virus_comp_1514_cycle_1_10",2
"22737","virus_comp_1516_cycle_1_1",2
"22738","virus_comp_1516_cycle_1_2",2
"22739","virus_comp_1516_cycle_1_9",2
"22740","virus_comp_15163_cycle_1_2",2
"22741","virus_comp_1517_cycle_1_18",2
"22742","virus_comp_1517_cycle_1_21",2
"22743","virus_comp_1517_cycle_1_22",2
"22744","virus_comp_1517_cycle_1_27",2
"22745","virus_comp_1517_cycle_1_4",2
"22746","virus_comp_1518_cycle_1_12",2
"22747","virus_comp_1518_cycle_1_13",2
"22748","virus_comp_1518_cycle_1_16",2
"22749","virus_comp_1518_cycle_1_17",2
"22750","virus_comp_1518_cycle_1_2",2
"22751","virus_comp_1518_cycle_1_20",2
"22752","virus_comp_15190_cycle_1_2",2
"22753","virus_comp_15198_cycle_1_1",2
"22754","virus_comp_1522_cycle_1_6",2
"22755","virus_comp_15224_cycle_1_1",2
"22756","virus_comp_1523_cycle_1_17",2
"22757","virus_comp_1523_cycle_1_18",2
"22758","virus_comp_1523_cycle_1_19",2
"22759","virus_comp_1523_cycle_1_4",2
"22760","virus_comp_1523_cycle_1_5",2
"22761","virus_comp_15237_cycle_1_1",2
"22762","virus_comp_1524_cycle_1_10",2
"22763","virus_comp_1524_cycle_1_2",2
"22764","virus_comp_1524_cycle_1_3",2
"22765","virus_comp_1524_cycle_1_6",2
"22766","virus_comp_1528_cycle_1_10",2
"22767","virus_comp_1528_cycle_1_12",2
"22768","virus_comp_1528_cycle_1_2",2
"22769","virus_comp_1528_cycle_1_4",2
"22770","virus_comp_1528_cycle_1_7",2
"22771","virus_comp_1528_cycle_1_9",2
"22772","virus_comp_1529_cycle_1_1",2
"22773","virus_comp_15298_cycle_1_2",2
"22774","virus_comp_15346_cycle_1_1",2
"22775","virus_comp_15346_cycle_1_2",2
"22776","virus_comp_1536_cycle_1_11",2
"22777","virus_comp_1536_cycle_1_2",2
"22778","virus_comp_1536_cycle_1_6",2
"22779","virus_comp_1536_cycle_1_8",2
"22780","virus_comp_15364_cycle_1_1",2
"22781","virus_comp_15366_cycle_1_1",2
"22782","virus_comp_1537_cycle_1_1",2
"22783","virus_comp_1537_cycle_1_10",2
"22784","virus_comp_1537_cycle_1_11",2
"22785","virus_comp_1537_cycle_1_13",2
"22786","virus_comp_1537_cycle_1_14",2
"22787","virus_comp_1537_cycle_1_2",2
"22788","virus_comp_1537_cycle_1_4",2
"22789","virus_comp_1537_cycle_1_5",2
"22790","virus_comp_1537_cycle_1_7",2
"22791","virus_comp_1537_cycle_1_8",2
"22792","virus_comp_1541_cycle_1_5",2
"22793","virus_comp_1541_cycle_1_7",2
"22794","virus_comp_1541_cycle_1_9",2
"22795","virus_comp_15418_cycle_1_1",2
"22796","virus_comp_15437_cycle_1_2",2
"22797","virus_comp_1544_cycle_1_11",2
"22798","virus_comp_1544_cycle_1_13",2
"22799","virus_comp_1544_cycle_1_2",2
"22800","virus_comp_1544_cycle_1_3",2
"22801","virus_comp_15441_cycle_1_2",2
"22802","virus_comp_15443_cycle_1_4",2
"22803","virus_comp_1545_cycle_1_10",2
"22804","virus_comp_1545_cycle_1_11",2
"22805","virus_comp_1545_cycle_1_12",2
"22806","virus_comp_1545_cycle_1_13",2
"22807","virus_comp_1545_cycle_1_3",2
"22808","virus_comp_1545_cycle_1_4",2
"22809","virus_comp_1545_cycle_1_5",2
"22810","virus_comp_1545_cycle_1_7",2
"22811","virus_comp_1545_cycle_1_8",2
"22812","virus_comp_1545_cycle_1_9",2
"22813","virus_comp_15451_cycle_1_1",2
"22814","virus_comp_15451_cycle_1_2",2
"22815","virus_comp_1546_cycle_1_10",2
"22816","virus_comp_1546_cycle_1_15",2
"22817","virus_comp_1546_cycle_1_17",2
"22818","virus_comp_1546_cycle_1_6",2
"22819","virus_comp_1546_cycle_1_9",2
"22820","virus_comp_15479_cycle_1_2",2
"22821","virus_comp_1549_cycle_1_13",2
"22822","virus_comp_1549_cycle_1_6",2
"22823","virus_comp_155_cycle_1_188",2
"22824","virus_comp_155_cycle_2_54",2
"22825","virus_comp_1551_cycle_1_1",2
"22826","virus_comp_1552_cycle_1_10",2
"22827","virus_comp_1552_cycle_1_11",2
"22828","virus_comp_1552_cycle_1_12",2
"22829","virus_comp_1552_cycle_1_13",2
"22830","virus_comp_1552_cycle_1_2",2
"22831","virus_comp_1552_cycle_1_3",2
"22832","virus_comp_1552_cycle_1_4",2
"22833","virus_comp_1552_cycle_1_6",2
"22834","virus_comp_1552_cycle_1_7",2
"22835","virus_comp_1552_cycle_1_9",2
"22836","virus_comp_15575_cycle_1_3",2
"22837","virus_comp_1559_cycle_1_2",2
"22838","virus_comp_1559_cycle_1_4",2
"22839","virus_comp_1559_cycle_1_7",2
"22840","virus_comp_1560_cycle_1_4",2
"22841","virus_comp_1560_cycle_1_7",2
"22842","virus_comp_15622_cycle_1_1",2
"22843","virus_comp_15625_cycle_1_2",2
"22844","virus_comp_1563_cycle_1_1",2
"22845","virus_comp_1563_cycle_1_17",2
"22846","virus_comp_1563_cycle_1_18",2
"22847","virus_comp_1563_cycle_1_21",2
"22848","virus_comp_1563_cycle_1_22",2
"22849","virus_comp_1563_cycle_1_23",2
"22850","virus_comp_1563_cycle_1_3",2
"22851","virus_comp_1563_cycle_1_4",2
"22852","virus_comp_1563_cycle_1_7",2
"22853","virus_comp_15630_cycle_1_2",2
"22854","virus_comp_15644_cycle_1_1",2
"22855","virus_comp_15652_cycle_1_2",2
"22856","virus_comp_1566_cycle_1_1",2
"22857","virus_comp_1566_cycle_1_11",2
"22858","virus_comp_1566_cycle_1_12",2
"22859","virus_comp_1566_cycle_1_19",2
"22860","virus_comp_1566_cycle_1_5",2
"22861","virus_comp_1566_cycle_1_6",2
"22862","virus_comp_1566_cycle_1_7",2
"22863","virus_comp_1566_cycle_1_8",2
"22864","virus_comp_1566_cycle_1_9",2
"22865","virus_comp_1567_cycle_1_1",2
"22866","virus_comp_1567_cycle_1_13",2
"22867","virus_comp_1567_cycle_1_15",2
"22868","virus_comp_1567_cycle_1_16",2
"22869","virus_comp_1567_cycle_1_18",2
"22870","virus_comp_1567_cycle_1_5",2
"22871","virus_comp_1567_cycle_1_9",2
"22872","virus_comp_15677_cycle_1_1",2
"22873","virus_comp_15677_cycle_1_2",2
"22874","virus_comp_15680_cycle_1_1",2
"22875","virus_comp_15680_cycle_1_2",2
"22876","virus_comp_15692_cycle_1_1",2
"22877","virus_comp_1570_cycle_1_1",2
"22878","virus_comp_1570_cycle_1_12",2
"22879","virus_comp_1570_cycle_1_13",2
"22880","virus_comp_1570_cycle_1_14",2
"22881","virus_comp_1570_cycle_1_15",2
"22882","virus_comp_1570_cycle_1_17",2
"22883","virus_comp_1570_cycle_1_19",2
"22884","virus_comp_1570_cycle_1_4",2
"22885","virus_comp_1570_cycle_1_5",2
"22886","virus_comp_1571_cycle_1_13",2
"22887","virus_comp_1571_cycle_1_14",2
"22888","virus_comp_1571_cycle_1_9",2
"22889","virus_comp_15716_cycle_1_2",2
"22890","virus_comp_1575_cycle_1_4",2
"22891","virus_comp_15758_cycle_1_4",2
"22892","virus_comp_15787_cycle_1_1",2
"22893","virus_comp_15787_cycle_1_2",2
"22894","virus_comp_15798_cycle_1_2",2
"22895","virus_comp_15798_cycle_1_3",2
"22896","virus_comp_1580_cycle_1_1",2
"22897","virus_comp_1580_cycle_1_5",2
"22898","virus_comp_1580_cycle_1_7",2
"22899","virus_comp_15800_cycle_1_1",2
"22900","virus_comp_15800_cycle_1_2",2
"22901","virus_comp_15800_cycle_1_3",2
"22902","virus_comp_15800_cycle_1_4",2
"22903","virus_comp_1581_cycle_1_3",2
"22904","virus_comp_1581_cycle_1_4",2
"22905","virus_comp_1583_cycle_1_2",2
"22906","virus_comp_1583_cycle_1_4",2
"22907","virus_comp_1583_cycle_1_5",2
"22908","virus_comp_15831_cycle_1_1",2
"22909","virus_comp_15831_cycle_1_2",2
"22910","virus_comp_1584_cycle_1_14",2
"22911","virus_comp_1584_cycle_1_2",2
"22912","virus_comp_1584_cycle_1_4",2
"22913","virus_comp_1584_cycle_1_7",2
"22914","virus_comp_15854_cycle_1_1",2
"22915","virus_comp_15862_cycle_1_3",2
"22916","virus_comp_1589_cycle_1_4",2
"22917","virus_comp_1589_cycle_1_6",2
"22918","virus_comp_15895_cycle_1_1",2
"22919","virus_comp_15896_cycle_1_1",2
"22920","virus_comp_15896_cycle_1_3",2
"22921","virus_comp_1592_cycle_1_20",2
"22922","virus_comp_1592_cycle_1_5",2
"22923","virus_comp_1592_cycle_1_6",2
"22924","virus_comp_1592_cycle_1_7",2
"22925","virus_comp_1593_cycle_1_12",2
"22926","virus_comp_1593_cycle_1_15",2
"22927","virus_comp_1593_cycle_1_2",2
"22928","virus_comp_1593_cycle_1_20",2
"22929","virus_comp_15930_cycle_1_1",2
"22930","virus_comp_15940_cycle_1_2",2
"22931","virus_comp_15940_cycle_1_3",2
"22932","virus_comp_15956_cycle_1_3",2
"22933","virus_comp_15964_cycle_1_1",2
"22934","virus_comp_15981_cycle_1_1",2
"22935","virus_comp_1600_cycle_1_11",2
"22936","virus_comp_1600_cycle_1_15",2
"22937","virus_comp_1600_cycle_1_6",2
"22938","virus_comp_1600_cycle_1_7",2
"22939","virus_comp_1601_cycle_1_3",2
"22940","virus_comp_1601_cycle_1_8",2
"22941","virus_comp_1604_cycle_1_3",2
"22942","virus_comp_1604_cycle_1_4",2
"22943","virus_comp_1604_cycle_1_8",2
"22944","virus_comp_16050_cycle_1_1",2
"22945","virus_comp_16108_cycle_1_1",2
"22946","virus_comp_1611_cycle_1_12",2
"22947","virus_comp_1611_cycle_1_15",2
"22948","virus_comp_1611_cycle_1_23",2
"22949","virus_comp_1611_cycle_1_7",2
"22950","virus_comp_1611_cycle_1_8",2
"22951","virus_comp_1612_cycle_1_1",2
"22952","virus_comp_1612_cycle_1_6",2
"22953","virus_comp_1616_cycle_1_3",2
"22954","virus_comp_1616_cycle_1_6",2
"22955","virus_comp_1616_cycle_1_7",2
"22956","virus_comp_16164_cycle_1_2",2
"22957","virus_comp_16165_cycle_1_1",2
"22958","virus_comp_16165_cycle_1_2",2
"22959","virus_comp_16165_cycle_1_3",2
"22960","virus_comp_16167_cycle_1_2",2
"22961","virus_comp_1617_cycle_1_3",2
"22962","virus_comp_1617_cycle_1_4",2
"22963","virus_comp_1617_cycle_1_5",2
"22964","virus_comp_1618_cycle_1_2",2
"22965","virus_comp_16184_cycle_1_1",2
"22966","virus_comp_16190_cycle_1_2",2
"22967","virus_comp_16193_cycle_1_1",2
"22968","virus_comp_16204_cycle_1_2",2
"22969","virus_comp_1622_cycle_1_10",2
"22970","virus_comp_1622_cycle_1_11",2
"22971","virus_comp_1622_cycle_1_12",2
"22972","virus_comp_1622_cycle_1_15",2
"22973","virus_comp_1622_cycle_1_3",2
"22974","virus_comp_1622_cycle_1_4",2
"22975","virus_comp_1622_cycle_1_6",2
"22976","virus_comp_1622_cycle_1_7",2
"22977","virus_comp_1622_cycle_1_9",2
"22978","virus_comp_16243_cycle_1_3",2
"22979","virus_comp_16248_cycle_1_1",2
"22980","virus_comp_16255_cycle_1_1",2
"22981","virus_comp_1626_cycle_1_1",2
"22982","virus_comp_1626_cycle_1_10",2
"22983","virus_comp_1626_cycle_1_2",2
"22984","virus_comp_1626_cycle_1_3",2
"22985","virus_comp_1626_cycle_1_5",2
"22986","virus_comp_1626_cycle_1_6",2
"22987","virus_comp_1626_cycle_1_7",2
"22988","virus_comp_1626_cycle_1_8",2
"22989","virus_comp_1626_cycle_1_9",2
"22990","virus_comp_16293_cycle_1_1",2
"22991","virus_comp_16300_cycle_1_1",2
"22992","virus_comp_16318_cycle_1_1",2
"22993","virus_comp_16318_cycle_1_2",2
"22994","virus_comp_16318_cycle_1_3",2
"22995","virus_comp_16339_cycle_1_4",2
"22996","virus_comp_1634_cycle_1_13",2
"22997","virus_comp_1634_cycle_1_14",2
"22998","virus_comp_1634_cycle_1_3",2
"22999","virus_comp_16350_cycle_1_1",2
"23000","virus_comp_16355_cycle_1_2",2
"23001","virus_comp_16361_cycle_1_1",2
"23002","virus_comp_16362_cycle_1_1",2
"23003","virus_comp_1637_cycle_1_1",2
"23004","virus_comp_16373_cycle_1_2",2
"23005","virus_comp_16373_cycle_1_4",2
"23006","virus_comp_1638_cycle_1_11",2
"23007","virus_comp_1638_cycle_1_12",2
"23008","virus_comp_1638_cycle_1_13",2
"23009","virus_comp_1638_cycle_1_16",2
"23010","virus_comp_1638_cycle_1_2",2
"23011","virus_comp_1638_cycle_1_3",2
"23012","virus_comp_1638_cycle_1_4",2
"23013","virus_comp_1638_cycle_1_8",2
"23014","virus_comp_1638_cycle_1_9",2
"23015","virus_comp_16381_cycle_1_1",2
"23016","virus_comp_16384_cycle_1_1",2
"23017","virus_comp_16399_cycle_1_2",2
"23018","virus_comp_1640_cycle_1_12",2
"23019","virus_comp_1640_cycle_1_14",2
"23020","virus_comp_1640_cycle_1_6",2
"23021","virus_comp_1641_cycle_1_11",2
"23022","virus_comp_1641_cycle_1_13",2
"23023","virus_comp_1641_cycle_1_3",2
"23024","virus_comp_1641_cycle_1_5",2
"23025","virus_comp_1641_cycle_1_7",2
"23026","virus_comp_1642_cycle_1_1",2
"23027","virus_comp_1642_cycle_1_11",2
"23028","virus_comp_1642_cycle_1_2",2
"23029","virus_comp_1642_cycle_1_5",2
"23030","virus_comp_1642_cycle_1_7",2
"23031","virus_comp_16427_cycle_1_1",2
"23032","virus_comp_16432_cycle_1_2",2
"23033","virus_comp_16433_cycle_1_1",2
"23034","virus_comp_1644_cycle_1_13",2
"23035","virus_comp_1644_cycle_1_8",2
"23036","virus_comp_1648_cycle_1_3",2
"23037","virus_comp_16510_cycle_1_1",2
"23038","virus_comp_16510_cycle_1_2",2
"23039","virus_comp_16537_cycle_1_1",2
"23040","virus_comp_16541_cycle_1_1",2
"23041","virus_comp_16553_cycle_1_2",2
"23042","virus_comp_16597_cycle_1_1",2
"23043","virus_comp_16599_cycle_1_1",2
"23044","virus_comp_16599_cycle_1_2",2
"23045","virus_comp_16599_cycle_1_3",2
"23046","virus_comp_1660_cycle_1_6",2
"23047","virus_comp_16605_cycle_1_1",2
"23048","virus_comp_1661_cycle_1_2",2
"23049","virus_comp_16613_cycle_1_1",2
"23050","virus_comp_16622_cycle_1_1",2
"23051","virus_comp_16631_cycle_1_2",2
"23052","virus_comp_16634_cycle_1_1",2
"23053","virus_comp_1665_cycle_1_1",2
"23054","virus_comp_1665_cycle_1_5",2
"23055","virus_comp_1665_cycle_1_9",2
"23056","virus_comp_16662_cycle_1_1",2
"23057","virus_comp_16678_cycle_1_4",2
"23058","virus_comp_167_cycle_1_5",2
"23059","virus_comp_16717_cycle_1_1",2
"23060","virus_comp_16717_cycle_1_2",2
"23061","virus_comp_16724_cycle_1_2",2
"23062","virus_comp_1673_cycle_1_13",2
"23063","virus_comp_1673_cycle_1_2",2
"23064","virus_comp_16743_cycle_1_2",2
"23065","virus_comp_16749_cycle_1_1",2
"23066","virus_comp_1675_cycle_1_12",2
"23067","virus_comp_1675_cycle_1_2",2
"23068","virus_comp_1675_cycle_1_3",2
"23069","virus_comp_16756_cycle_1_1",2
"23070","virus_comp_1676_cycle_1_12",2
"23071","virus_comp_1676_cycle_1_19",2
"23072","virus_comp_1676_cycle_1_20",2
"23073","virus_comp_1676_cycle_1_6",2
"23074","virus_comp_16763_cycle_1_2",2
"23075","virus_comp_16769_cycle_1_1",2
"23076","virus_comp_1677_cycle_1_16",2
"23077","virus_comp_16774_cycle_1_2",2
"23078","virus_comp_16792_cycle_1_1",2
"23079","virus_comp_16796_cycle_1_1",2
"23080","virus_comp_16812_cycle_1_2",2
"23081","virus_comp_16812_cycle_1_3",2
"23082","virus_comp_1682_cycle_1_10",2
"23083","virus_comp_1682_cycle_1_2",2
"23084","virus_comp_16832_cycle_1_1",2
"23085","virus_comp_16837_cycle_1_1",2
"23086","virus_comp_16839_cycle_1_2",2
"23087","virus_comp_16842_cycle_1_1",2
"23088","virus_comp_16845_cycle_1_1",2
"23089","virus_comp_16845_cycle_1_2",2
"23090","virus_comp_1685_cycle_1_18",2
"23091","virus_comp_1685_cycle_1_19",2
"23092","virus_comp_1685_cycle_1_3",2
"23093","virus_comp_16852_cycle_1_2",2
"23094","virus_comp_16859_cycle_1_1",2
"23095","virus_comp_16862_cycle_1_2",2
"23096","virus_comp_1687_cycle_1_1",2
"23097","virus_comp_1687_cycle_1_11",2
"23098","virus_comp_1687_cycle_1_14",2
"23099","virus_comp_1687_cycle_1_17",2
"23100","virus_comp_1687_cycle_1_2",2
"23101","virus_comp_1687_cycle_1_4",2
"23102","virus_comp_1687_cycle_1_5",2
"23103","virus_comp_16881_cycle_1_2",2
"23104","virus_comp_1689_cycle_1_1",2
"23105","virus_comp_1689_cycle_1_10",2
"23106","virus_comp_1689_cycle_1_2",2
"23107","virus_comp_1689_cycle_1_3",2
"23108","virus_comp_1689_cycle_1_5",2
"23109","virus_comp_1689_cycle_1_6",2
"23110","virus_comp_1689_cycle_1_7",2
"23111","virus_comp_1689_cycle_1_9",2
"23112","virus_comp_16899_cycle_1_1",2
"23113","virus_comp_1692_cycle_1_1",2
"23114","virus_comp_1692_cycle_1_16",2
"23115","virus_comp_1692_cycle_1_4",2
"23116","virus_comp_16926_cycle_1_2",2
"23117","virus_comp_1693_cycle_1_10",2
"23118","virus_comp_1693_cycle_1_2",2
"23119","virus_comp_1693_cycle_1_3",2
"23120","virus_comp_1693_cycle_1_8",2
"23121","virus_comp_1693_cycle_1_9",2
"23122","virus_comp_1694_cycle_1_2",2
"23123","virus_comp_1694_cycle_1_5",2
"23124","virus_comp_1694_cycle_1_6",2
"23125","virus_comp_16942_cycle_1_1",2
"23126","virus_comp_16968_cycle_1_2",2
"23127","virus_comp_16968_cycle_1_3",2
"23128","virus_comp_1697_cycle_1_10",2
"23129","virus_comp_1697_cycle_1_13",2
"23130","virus_comp_1697_cycle_1_14",2
"23131","virus_comp_1697_cycle_1_17",2
"23132","virus_comp_1697_cycle_1_4",2
"23133","virus_comp_1697_cycle_1_6",2
"23134","virus_comp_1697_cycle_1_7",2
"23135","virus_comp_1697_cycle_1_9",2
"23136","virus_comp_1701_cycle_1_4",2
"23137","virus_comp_1701_cycle_1_8",2
"23138","virus_comp_17011_cycle_1_1",2
"23139","virus_comp_17015_cycle_1_2",2
"23140","virus_comp_1703_cycle_1_19",2
"23141","virus_comp_17047_cycle_1_2",2
"23142","virus_comp_1706_cycle_1_7",2
"23143","virus_comp_1706_cycle_1_8",2
"23144","virus_comp_1708_cycle_1_7",2
"23145","virus_comp_17109_cycle_1_1",2
"23146","virus_comp_17123_cycle_1_1",2
"23147","virus_comp_17153_cycle_1_2",2
"23148","virus_comp_17164_cycle_1_1",2
"23149","virus_comp_17182_cycle_1_1",2
"23150","virus_comp_17182_cycle_1_2",2
"23151","virus_comp_17243_cycle_1_1",2
"23152","virus_comp_17246_cycle_1_1",2
"23153","virus_comp_17247_cycle_1_4",2
"23154","virus_comp_1726_cycle_1_3",2
"23155","virus_comp_1726_cycle_1_8",2
"23156","virus_comp_1727_cycle_1_7",2
"23157","virus_comp_17288_cycle_1_2",2
"23158","virus_comp_1729_cycle_1_10",2
"23159","virus_comp_17305_cycle_1_1",2
"23160","virus_comp_1732_cycle_1_2",2
"23161","virus_comp_1732_cycle_1_4",2
"23162","virus_comp_1732_cycle_1_7",2
"23163","virus_comp_1732_cycle_1_9",2
"23164","virus_comp_1733_cycle_1_2",2
"23165","virus_comp_1734_cycle_1_10",2
"23166","virus_comp_1734_cycle_1_12",2
"23167","virus_comp_1734_cycle_1_13",2
"23168","virus_comp_1734_cycle_1_15",2
"23169","virus_comp_1734_cycle_1_16",2
"23170","virus_comp_1734_cycle_1_18",2
"23171","virus_comp_1734_cycle_1_20",2
"23172","virus_comp_1734_cycle_1_7",2
"23173","virus_comp_1734_cycle_1_9",2
"23174","virus_comp_17344_cycle_1_2",2
"23175","virus_comp_17352_cycle_1_1",2
"23176","virus_comp_17352_cycle_1_3",2
"23177","virus_comp_1736_cycle_1_10",2
"23178","virus_comp_1736_cycle_1_11",2
"23179","virus_comp_1736_cycle_1_14",2
"23180","virus_comp_1736_cycle_1_15",2
"23181","virus_comp_1736_cycle_1_3",2
"23182","virus_comp_1736_cycle_1_7",2
"23183","virus_comp_1736_cycle_1_8",2
"23184","virus_comp_1736_cycle_1_9",2
"23185","virus_comp_17377_cycle_1_1",2
"23186","virus_comp_17377_cycle_1_4",2
"23187","virus_comp_1739_cycle_1_12",2
"23188","virus_comp_1740_cycle_1_18",2
"23189","virus_comp_1740_cycle_1_8",2
"23190","virus_comp_1744_cycle_1_12",2
"23191","virus_comp_1744_cycle_1_4",2
"23192","virus_comp_1744_cycle_1_8",2
"23193","virus_comp_17440_cycle_1_1",2
"23194","virus_comp_17440_cycle_1_2",2
"23195","virus_comp_17456_cycle_1_2",2
"23196","virus_comp_17456_cycle_1_3",2
"23197","virus_comp_17470_cycle_1_1",2
"23198","virus_comp_17471_cycle_1_1",2
"23199","virus_comp_17471_cycle_1_2",2
"23200","virus_comp_17476_cycle_1_1",2
"23201","virus_comp_1750_cycle_1_3",2
"23202","virus_comp_17513_cycle_1_3",2
"23203","virus_comp_1752_cycle_1_13",2
"23204","virus_comp_1752_cycle_1_3",2
"23205","virus_comp_1752_cycle_1_4",2
"23206","virus_comp_1752_cycle_1_5",2
"23207","virus_comp_1753_cycle_1_2",2
"23208","virus_comp_1753_cycle_1_4",2
"23209","virus_comp_1753_cycle_1_6",2
"23210","virus_comp_1753_cycle_1_7",2
"23211","virus_comp_17559_cycle_1_2",2
"23212","virus_comp_17566_cycle_1_1",2
"23213","virus_comp_17566_cycle_1_2",2
"23214","virus_comp_17566_cycle_1_3",2
"23215","virus_comp_17624_cycle_1_2",2
"23216","virus_comp_17625_cycle_1_3",2
"23217","virus_comp_1764_cycle_1_3",2
"23218","virus_comp_1767_cycle_1_10",2
"23219","virus_comp_1767_cycle_1_2",2
"23220","virus_comp_1767_cycle_1_8",2
"23221","virus_comp_1767_cycle_1_9",2
"23222","virus_comp_17680_cycle_1_1",2
"23223","virus_comp_1770_cycle_1_3",2
"23224","virus_comp_1770_cycle_1_4",2
"23225","virus_comp_1770_cycle_1_5",2
"23226","virus_comp_1770_cycle_1_9",2
"23227","virus_comp_1772_cycle_1_10",2
"23228","virus_comp_1772_cycle_1_3",2
"23229","virus_comp_1772_cycle_1_4",2
"23230","virus_comp_1772_cycle_1_9",2
"23231","virus_comp_17730_cycle_1_2",2
"23232","virus_comp_17730_cycle_1_3",2
"23233","virus_comp_17730_cycle_1_4",2
"23234","virus_comp_17731_cycle_1_2",2
"23235","virus_comp_17740_cycle_1_1",2
"23236","virus_comp_17764_cycle_1_3",2
"23237","virus_comp_17777_cycle_1_3",2
"23238","virus_comp_17777_cycle_1_4",2
"23239","virus_comp_17777_cycle_1_5",2
"23240","virus_comp_17777_cycle_1_6",2
"23241","virus_comp_17777_cycle_1_7",2
"23242","virus_comp_17778_cycle_1_6",2
"23243","virus_comp_17786_cycle_1_1",2
"23244","virus_comp_17787_cycle_1_10",2
"23245","virus_comp_17787_cycle_1_17",2
"23246","virus_comp_1779_cycle_1_1",2
"23247","virus_comp_1779_cycle_1_3",2
"23248","virus_comp_1779_cycle_1_4",2
"23249","virus_comp_17792_cycle_1_10",2
"23250","virus_comp_17792_cycle_1_16",2
"23251","virus_comp_17792_cycle_1_17",2
"23252","virus_comp_17792_cycle_1_18",2
"23253","virus_comp_17792_cycle_1_2",2
"23254","virus_comp_17792_cycle_1_3",2
"23255","virus_comp_17799_cycle_1_1",2
"23256","virus_comp_17800_cycle_1_1",2
"23257","virus_comp_17800_cycle_1_101",2
"23258","virus_comp_17800_cycle_1_30",2
"23259","virus_comp_17800_cycle_1_80",2
"23260","virus_comp_17803_cycle_1_2",2
"23261","virus_comp_17803_cycle_1_3",2
"23262","virus_comp_17803_cycle_1_4",2
"23263","virus_comp_17805_cycle_1_101",2
"23264","virus_comp_17805_cycle_1_103",2
"23265","virus_comp_17805_cycle_1_104",2
"23266","virus_comp_17805_cycle_1_11",2
"23267","virus_comp_17805_cycle_1_115",2
"23268","virus_comp_17805_cycle_1_120",2
"23269","virus_comp_17805_cycle_1_121",2
"23270","virus_comp_17805_cycle_1_122",2
"23271","virus_comp_17805_cycle_1_126",2
"23272","virus_comp_17805_cycle_1_128",2
"23273","virus_comp_17805_cycle_1_129",2
"23274","virus_comp_17805_cycle_1_137",2
"23275","virus_comp_17805_cycle_1_138",2
"23276","virus_comp_17805_cycle_1_139",2
"23277","virus_comp_17805_cycle_1_16",2
"23278","virus_comp_17805_cycle_1_17",2
"23279","virus_comp_17805_cycle_1_18",2
"23280","virus_comp_17805_cycle_1_2",2
"23281","virus_comp_17805_cycle_1_25",2
"23282","virus_comp_17805_cycle_1_26",2
"23283","virus_comp_17805_cycle_1_27",2
"23284","virus_comp_17805_cycle_1_28",2
"23285","virus_comp_17805_cycle_1_29",2
"23286","virus_comp_17805_cycle_1_31",2
"23287","virus_comp_17805_cycle_1_32",2
"23288","virus_comp_17805_cycle_1_34",2
"23289","virus_comp_17805_cycle_1_35",2
"23290","virus_comp_17805_cycle_1_40",2
"23291","virus_comp_17805_cycle_1_41",2
"23292","virus_comp_17805_cycle_1_42",2
"23293","virus_comp_17805_cycle_1_47",2
"23294","virus_comp_17805_cycle_1_48",2
"23295","virus_comp_17805_cycle_1_49",2
"23296","virus_comp_17805_cycle_1_5",2
"23297","virus_comp_17805_cycle_1_50",2
"23298","virus_comp_17805_cycle_1_55",2
"23299","virus_comp_17805_cycle_1_56",2
"23300","virus_comp_17805_cycle_1_59",2
"23301","virus_comp_17805_cycle_1_60",2
"23302","virus_comp_17805_cycle_1_62",2
"23303","virus_comp_17805_cycle_1_63",2
"23304","virus_comp_17805_cycle_1_66",2
"23305","virus_comp_17805_cycle_1_67",2
"23306","virus_comp_17805_cycle_1_68",2
"23307","virus_comp_17805_cycle_1_69",2
"23308","virus_comp_17805_cycle_1_70",2
"23309","virus_comp_17805_cycle_1_71",2
"23310","virus_comp_17805_cycle_1_73",2
"23311","virus_comp_17805_cycle_1_74",2
"23312","virus_comp_17805_cycle_1_75",2
"23313","virus_comp_17805_cycle_1_76",2
"23314","virus_comp_17805_cycle_1_8",2
"23315","virus_comp_17805_cycle_1_80",2
"23316","virus_comp_17805_cycle_1_82",2
"23317","virus_comp_17805_cycle_1_83",2
"23318","virus_comp_17805_cycle_1_84",2
"23319","virus_comp_17805_cycle_1_85",2
"23320","virus_comp_17805_cycle_1_88",2
"23321","virus_comp_17805_cycle_1_90",2
"23322","virus_comp_17805_cycle_1_91",2
"23323","virus_comp_17805_cycle_1_92",2
"23324","virus_comp_17805_cycle_1_94",2
"23325","virus_comp_17805_cycle_1_98",2
"23326","virus_comp_17806_cycle_1_1",2
"23327","virus_comp_17806_cycle_1_2",2
"23328","virus_comp_17806_cycle_1_5",2
"23329","virus_comp_17806_cycle_1_6",2
"23330","virus_comp_17807_cycle_1_5",2
"23331","virus_comp_17811_cycle_1_1",2
"23332","virus_comp_17811_cycle_1_2",2
"23333","virus_comp_17814_cycle_1_1",2
"23334","virus_comp_17814_cycle_1_5",2
"23335","virus_comp_17814_cycle_1_7",2
"23336","virus_comp_17815_cycle_1_14",2
"23337","virus_comp_17815_cycle_1_15",2
"23338","virus_comp_17815_cycle_1_16",2
"23339","virus_comp_17815_cycle_1_17",2
"23340","virus_comp_17815_cycle_1_20",2
"23341","virus_comp_17815_cycle_1_4",2
"23342","virus_comp_17815_cycle_1_7",2
"23343","virus_comp_17815_cycle_1_8",2
"23344","virus_comp_17815_cycle_1_9",2
"23345","virus_comp_17816_cycle_1_10",2
"23346","virus_comp_17816_cycle_1_16",2
"23347","virus_comp_17816_cycle_1_2",2
"23348","virus_comp_17816_cycle_1_20",2
"23349","virus_comp_17816_cycle_1_5",2
"23350","virus_comp_17817_cycle_1_16",2
"23351","virus_comp_17817_cycle_1_2",2
"23352","virus_comp_17817_cycle_1_29",2
"23353","virus_comp_17817_cycle_1_3",2
"23354","virus_comp_17817_cycle_1_32",2
"23355","virus_comp_17817_cycle_1_34",2
"23356","virus_comp_17817_cycle_1_49",2
"23357","virus_comp_17817_cycle_1_57",2
"23358","virus_comp_17817_cycle_1_65",2
"23359","virus_comp_17821_cycle_1_1",2
"23360","virus_comp_17821_cycle_1_2",2
"23361","virus_comp_17821_cycle_1_64",2
"23362","virus_comp_17822_cycle_1_13",2
"23363","virus_comp_17826_cycle_1_19",2
"23364","virus_comp_17826_cycle_1_20",2
"23365","virus_comp_17826_cycle_1_24",2
"23366","virus_comp_17827_cycle_1_11",2
"23367","virus_comp_17827_cycle_1_13",2
"23368","virus_comp_17827_cycle_1_14",2
"23369","virus_comp_17827_cycle_1_15",2
"23370","virus_comp_17827_cycle_1_2",2
"23371","virus_comp_17827_cycle_1_6",2
"23372","virus_comp_17827_cycle_1_7",2
"23373","virus_comp_17827_cycle_1_8",2
"23374","virus_comp_17831_cycle_1_13",2
"23375","virus_comp_17833_cycle_1_1",2
"23376","virus_comp_17833_cycle_1_12",2
"23377","virus_comp_17833_cycle_1_13",2
"23378","virus_comp_17833_cycle_1_15",2
"23379","virus_comp_17833_cycle_1_21",2
"23380","virus_comp_17833_cycle_1_22",2
"23381","virus_comp_17833_cycle_1_26",2
"23382","virus_comp_17833_cycle_1_27",2
"23383","virus_comp_17833_cycle_1_28",2
"23384","virus_comp_17833_cycle_1_32",2
"23385","virus_comp_17833_cycle_1_35",2
"23386","virus_comp_17833_cycle_1_39",2
"23387","virus_comp_17833_cycle_1_44",2
"23388","virus_comp_17833_cycle_1_58",2
"23389","virus_comp_17833_cycle_1_61",2
"23390","virus_comp_17833_cycle_1_62",2
"23391","virus_comp_17833_cycle_1_65",2
"23392","virus_comp_17833_cycle_1_66",2
"23393","virus_comp_17833_cycle_1_67",2
"23394","virus_comp_17833_cycle_1_69",2
"23395","virus_comp_17833_cycle_1_70",2
"23396","virus_comp_17833_cycle_1_72",2
"23397","virus_comp_17833_cycle_1_73",2
"23398","virus_comp_17833_cycle_1_79",2
"23399","virus_comp_17833_cycle_1_84",2
"23400","virus_comp_17834_cycle_1_1",2
"23401","virus_comp_17834_cycle_1_10",2
"23402","virus_comp_17834_cycle_1_2",2
"23403","virus_comp_17834_cycle_1_3",2
"23404","virus_comp_17834_cycle_1_4",2
"23405","virus_comp_17835_cycle_1_4",2
"23406","virus_comp_17836_cycle_1_2",2
"23407","virus_comp_17837_cycle_1_3",2
"23408","virus_comp_17838_cycle_1_10",2
"23409","virus_comp_17838_cycle_1_11",2
"23410","virus_comp_17838_cycle_1_16",2
"23411","virus_comp_17838_cycle_1_19",2
"23412","virus_comp_17838_cycle_1_22",2
"23413","virus_comp_17838_cycle_1_28",2
"23414","virus_comp_17838_cycle_1_3",2
"23415","virus_comp_17838_cycle_1_32",2
"23416","virus_comp_17838_cycle_1_38",2
"23417","virus_comp_17838_cycle_1_4",2
"23418","virus_comp_17838_cycle_1_59",2
"23419","virus_comp_17838_cycle_1_7",2
"23420","virus_comp_17838_cycle_1_76",2
"23421","virus_comp_17839_cycle_1_10",2
"23422","virus_comp_17839_cycle_1_12",2
"23423","virus_comp_17839_cycle_1_13",2
"23424","virus_comp_17839_cycle_1_22",2
"23425","virus_comp_17839_cycle_1_23",2
"23426","virus_comp_17839_cycle_1_25",2
"23427","virus_comp_17839_cycle_1_29",2
"23428","virus_comp_17839_cycle_1_30",2
"23429","virus_comp_17839_cycle_1_4",2
"23430","virus_comp_17839_cycle_1_41",2
"23431","virus_comp_17839_cycle_1_44",2
"23432","virus_comp_17839_cycle_1_45",2
"23433","virus_comp_17839_cycle_1_46",2
"23434","virus_comp_17839_cycle_1_55",2
"23435","virus_comp_17839_cycle_1_8",2
"23436","virus_comp_1784_cycle_1_1",2
"23437","virus_comp_1784_cycle_1_10",2
"23438","virus_comp_1784_cycle_1_13",2
"23439","virus_comp_1784_cycle_1_15",2
"23440","virus_comp_1784_cycle_1_16",2
"23441","virus_comp_1784_cycle_1_2",2
"23442","virus_comp_1784_cycle_1_3",2
"23443","virus_comp_1784_cycle_1_6",2
"23444","virus_comp_1784_cycle_1_8",2
"23445","virus_comp_17840_cycle_1_10",2
"23446","virus_comp_17840_cycle_1_11",2
"23447","virus_comp_17840_cycle_1_12",2
"23448","virus_comp_17840_cycle_1_13",2
"23449","virus_comp_17840_cycle_1_14",2
"23450","virus_comp_17840_cycle_1_15",2
"23451","virus_comp_17840_cycle_1_17",2
"23452","virus_comp_17840_cycle_1_18",2
"23453","virus_comp_17840_cycle_1_2",2
"23454","virus_comp_17840_cycle_1_23",2
"23455","virus_comp_17840_cycle_1_36",2
"23456","virus_comp_17840_cycle_1_39",2
"23457","virus_comp_17840_cycle_1_43",2
"23458","virus_comp_17840_cycle_1_46",2
"23459","virus_comp_17840_cycle_1_48",2
"23460","virus_comp_17840_cycle_1_56",2
"23461","virus_comp_17840_cycle_1_57",2
"23462","virus_comp_17840_cycle_1_64",2
"23463","virus_comp_17840_cycle_1_84",2
"23464","virus_comp_17840_cycle_1_85",2
"23465","virus_comp_17840_cycle_1_86",2
"23466","virus_comp_17841_cycle_1_2",2
"23467","virus_comp_17841_cycle_1_23",2
"23468","virus_comp_17841_cycle_1_26",2
"23469","virus_comp_17841_cycle_1_27",2
"23470","virus_comp_17841_cycle_1_28",2
"23471","virus_comp_17841_cycle_1_3",2
"23472","virus_comp_17842_cycle_1_1",2
"23473","virus_comp_17842_cycle_1_10",2
"23474","virus_comp_17842_cycle_1_11",2
"23475","virus_comp_17842_cycle_1_14",2
"23476","virus_comp_17842_cycle_1_16",2
"23477","virus_comp_17842_cycle_1_6",2
"23478","virus_comp_17842_cycle_1_7",2
"23479","virus_comp_17842_cycle_1_8",2
"23480","virus_comp_17842_cycle_1_9",2
"23481","virus_comp_17843_cycle_1_49",2
"23482","virus_comp_17843_cycle_1_63",2
"23483","virus_comp_17843_cycle_1_80",2
"23484","virus_comp_17843_cycle_1_81",2
"23485","virus_comp_17844_cycle_1_1",2
"23486","virus_comp_17844_cycle_1_2",2
"23487","virus_comp_17844_cycle_1_3",2
"23488","virus_comp_17844_cycle_1_4",2
"23489","virus_comp_17844_cycle_1_7",2
"23490","virus_comp_17844_cycle_1_8",2
"23491","virus_comp_17845_cycle_1_1",2
"23492","virus_comp_17845_cycle_1_9",2
"23493","virus_comp_17846_cycle_1_1",2
"23494","virus_comp_17846_cycle_1_12",2
"23495","virus_comp_17846_cycle_1_13",2
"23496","virus_comp_1785_cycle_1_1",2
"23497","virus_comp_1785_cycle_1_11",2
"23498","virus_comp_1785_cycle_1_12",2
"23499","virus_comp_1785_cycle_1_13",2
"23500","virus_comp_1785_cycle_1_14",2
"23501","virus_comp_1785_cycle_1_15",2
"23502","virus_comp_1785_cycle_1_2",2
"23503","virus_comp_1785_cycle_1_3",2
"23504","virus_comp_1785_cycle_1_4",2
"23505","virus_comp_1785_cycle_1_5",2
"23506","virus_comp_1785_cycle_1_6",2
"23507","virus_comp_1785_cycle_1_7",2
"23508","virus_comp_1785_cycle_1_8",2
"23509","virus_comp_1785_cycle_1_9",2
"23510","virus_comp_17851_cycle_1_12",2
"23511","virus_comp_17851_cycle_1_17",2
"23512","virus_comp_17851_cycle_1_18",2
"23513","virus_comp_17851_cycle_1_26",2
"23514","virus_comp_17851_cycle_1_28",2
"23515","virus_comp_17851_cycle_1_29",2
"23516","virus_comp_17851_cycle_1_30",2
"23517","virus_comp_17851_cycle_1_34",2
"23518","virus_comp_17851_cycle_1_37",2
"23519","virus_comp_17851_cycle_1_41",2
"23520","virus_comp_17851_cycle_1_42",2
"23521","virus_comp_17851_cycle_1_48",2
"23522","virus_comp_17851_cycle_1_49",2
"23523","virus_comp_17851_cycle_1_5",2
"23524","virus_comp_17851_cycle_1_50",2
"23525","virus_comp_17851_cycle_1_51",2
"23526","virus_comp_17851_cycle_1_53",2
"23527","virus_comp_17851_cycle_1_54",2
"23528","virus_comp_17851_cycle_1_6",2
"23529","virus_comp_17851_cycle_1_65",2
"23530","virus_comp_17851_cycle_1_67",2
"23531","virus_comp_17851_cycle_1_68",2
"23532","virus_comp_17851_cycle_1_7",2
"23533","virus_comp_17851_cycle_1_70",2
"23534","virus_comp_17852_cycle_1_6",2
"23535","virus_comp_17852_cycle_1_8",2
"23536","virus_comp_17853_cycle_1_1",2
"23537","virus_comp_17853_cycle_1_2",2
"23538","virus_comp_17853_cycle_1_4",2
"23539","virus_comp_17856_cycle_1_13",2
"23540","virus_comp_17856_cycle_1_32",2
"23541","virus_comp_17856_cycle_1_4",2
"23542","virus_comp_17856_cycle_1_42",2
"23543","virus_comp_17856_cycle_1_44",2
"23544","virus_comp_17856_cycle_1_48",2
"23545","virus_comp_17856_cycle_1_51",2
"23546","virus_comp_17856_cycle_1_54",2
"23547","virus_comp_17856_cycle_1_56",2
"23548","virus_comp_17856_cycle_1_58",2
"23549","virus_comp_17856_cycle_1_59",2
"23550","virus_comp_17856_cycle_1_60",2
"23551","virus_comp_17856_cycle_1_61",2
"23552","virus_comp_17856_cycle_1_66",2
"23553","virus_comp_17856_cycle_1_68",2
"23554","virus_comp_17856_cycle_1_69",2
"23555","virus_comp_17856_cycle_1_7",2
"23556","virus_comp_17856_cycle_1_71",2
"23557","virus_comp_17856_cycle_1_73",2
"23558","virus_comp_17856_cycle_1_74",2
"23559","virus_comp_17856_cycle_1_78",2
"23560","virus_comp_17856_cycle_1_8",2
"23561","virus_comp_17857_cycle_1_1",2
"23562","virus_comp_17857_cycle_1_12",2
"23563","virus_comp_17857_cycle_1_13",2
"23564","virus_comp_17857_cycle_1_15",2
"23565","virus_comp_17857_cycle_1_19",2
"23566","virus_comp_17857_cycle_1_22",2
"23567","virus_comp_17857_cycle_1_24",2
"23568","virus_comp_17857_cycle_1_31",2
"23569","virus_comp_17857_cycle_1_32",2
"23570","virus_comp_17857_cycle_1_33",2
"23571","virus_comp_17857_cycle_1_36",2
"23572","virus_comp_17857_cycle_1_37",2
"23573","virus_comp_17857_cycle_1_40",2
"23574","virus_comp_17857_cycle_1_42",2
"23575","virus_comp_17857_cycle_1_47",2
"23576","virus_comp_17857_cycle_1_48",2
"23577","virus_comp_17857_cycle_1_5",2
"23578","virus_comp_17857_cycle_1_50",2
"23579","virus_comp_17857_cycle_1_52",2
"23580","virus_comp_17857_cycle_1_54",2
"23581","virus_comp_17857_cycle_1_60",2
"23582","virus_comp_17857_cycle_1_67",2
"23583","virus_comp_17857_cycle_1_68",2
"23584","virus_comp_17857_cycle_1_73",2
"23585","virus_comp_17857_cycle_1_76",2
"23586","virus_comp_17857_cycle_1_77",2
"23587","virus_comp_17857_cycle_1_8",2
"23588","virus_comp_17858_cycle_1_1",2
"23589","virus_comp_17858_cycle_1_12",2
"23590","virus_comp_17858_cycle_1_13",2
"23591","virus_comp_17858_cycle_1_14",2
"23592","virus_comp_17858_cycle_1_15",2
"23593","virus_comp_17858_cycle_1_16",2
"23594","virus_comp_17858_cycle_1_17",2
"23595","virus_comp_17858_cycle_1_18",2
"23596","virus_comp_17858_cycle_1_19",2
"23597","virus_comp_17858_cycle_1_2",2
"23598","virus_comp_17858_cycle_1_20",2
"23599","virus_comp_17858_cycle_1_22",2
"23600","virus_comp_17858_cycle_1_28",2
"23601","virus_comp_17858_cycle_1_3",2
"23602","virus_comp_17858_cycle_1_5",2
"23603","virus_comp_17858_cycle_1_7",2
"23604","virus_comp_17860_cycle_1_10",2
"23605","virus_comp_17860_cycle_1_13",2
"23606","virus_comp_17860_cycle_1_14",2
"23607","virus_comp_17860_cycle_1_15",2
"23608","virus_comp_17860_cycle_1_16",2
"23609","virus_comp_17860_cycle_1_18",2
"23610","virus_comp_17860_cycle_1_19",2
"23611","virus_comp_17860_cycle_1_20",2
"23612","virus_comp_17860_cycle_1_24",2
"23613","virus_comp_17860_cycle_1_27",2
"23614","virus_comp_17860_cycle_1_29",2
"23615","virus_comp_17860_cycle_1_31",2
"23616","virus_comp_17860_cycle_1_32",2
"23617","virus_comp_17860_cycle_1_33",2
"23618","virus_comp_17860_cycle_1_34",2
"23619","virus_comp_17860_cycle_1_39",2
"23620","virus_comp_17860_cycle_1_41",2
"23621","virus_comp_17860_cycle_1_43",2
"23622","virus_comp_17860_cycle_1_45",2
"23623","virus_comp_17860_cycle_1_46",2
"23624","virus_comp_17860_cycle_1_48",2
"23625","virus_comp_17860_cycle_1_49",2
"23626","virus_comp_17860_cycle_1_51",2
"23627","virus_comp_17860_cycle_1_58",2
"23628","virus_comp_17860_cycle_1_6",2
"23629","virus_comp_17860_cycle_1_60",2
"23630","virus_comp_17861_cycle_1_13",2
"23631","virus_comp_17861_cycle_1_15",2
"23632","virus_comp_17861_cycle_1_22",2
"23633","virus_comp_17861_cycle_1_23",2
"23634","virus_comp_17861_cycle_1_32",2
"23635","virus_comp_17861_cycle_1_36",2
"23636","virus_comp_17861_cycle_1_43",2
"23637","virus_comp_17861_cycle_1_56",2
"23638","virus_comp_17861_cycle_1_58",2
"23639","virus_comp_17862_cycle_1_11",2
"23640","virus_comp_17862_cycle_1_5",2
"23641","virus_comp_17863_cycle_1_1",2
"23642","virus_comp_17863_cycle_1_11",2
"23643","virus_comp_17863_cycle_1_12",2
"23644","virus_comp_17863_cycle_1_14",2
"23645","virus_comp_17863_cycle_1_15",2
"23646","virus_comp_17863_cycle_1_16",2
"23647","virus_comp_17863_cycle_1_17",2
"23648","virus_comp_17863_cycle_1_2",2
"23649","virus_comp_17863_cycle_1_23",2
"23650","virus_comp_17863_cycle_1_24",2
"23651","virus_comp_17863_cycle_1_25",2
"23652","virus_comp_17863_cycle_1_29",2
"23653","virus_comp_17863_cycle_1_30",2
"23654","virus_comp_17863_cycle_1_32",2
"23655","virus_comp_17863_cycle_1_35",2
"23656","virus_comp_17863_cycle_1_37",2
"23657","virus_comp_17863_cycle_1_38",2
"23658","virus_comp_17863_cycle_1_39",2
"23659","virus_comp_17863_cycle_1_4",2
"23660","virus_comp_17863_cycle_1_43",2
"23661","virus_comp_17863_cycle_1_44",2
"23662","virus_comp_17863_cycle_1_47",2
"23663","virus_comp_17863_cycle_1_49",2
"23664","virus_comp_17863_cycle_1_50",2
"23665","virus_comp_17863_cycle_1_51",2
"23666","virus_comp_17863_cycle_1_54",2
"23667","virus_comp_17863_cycle_1_55",2
"23668","virus_comp_17863_cycle_1_56",2
"23669","virus_comp_17863_cycle_1_58",2
"23670","virus_comp_17863_cycle_1_60",2
"23671","virus_comp_17863_cycle_1_67",2
"23672","virus_comp_17863_cycle_1_68",2
"23673","virus_comp_17863_cycle_1_69",2
"23674","virus_comp_17863_cycle_1_7",2
"23675","virus_comp_17864_cycle_1_4",2
"23676","virus_comp_17866_cycle_1_11",2
"23677","virus_comp_17866_cycle_1_12",2
"23678","virus_comp_17866_cycle_1_15",2
"23679","virus_comp_17866_cycle_1_32",2
"23680","virus_comp_17866_cycle_1_34",2
"23681","virus_comp_17866_cycle_1_42",2
"23682","virus_comp_17866_cycle_1_43",2
"23683","virus_comp_17866_cycle_1_47",2
"23684","virus_comp_17866_cycle_1_70",2
"23685","virus_comp_17866_cycle_1_74",2
"23686","virus_comp_17868_cycle_1_1",2
"23687","virus_comp_17868_cycle_1_2",2
"23688","virus_comp_17868_cycle_1_5",2
"23689","virus_comp_17869_cycle_1_1",2
"23690","virus_comp_17869_cycle_1_13",2
"23691","virus_comp_17869_cycle_1_15",2
"23692","virus_comp_17869_cycle_1_2",2
"23693","virus_comp_17869_cycle_1_27",2
"23694","virus_comp_17869_cycle_1_37",2
"23695","virus_comp_17869_cycle_1_42",2
"23696","virus_comp_17869_cycle_1_44",2
"23697","virus_comp_17869_cycle_1_51",2
"23698","virus_comp_17869_cycle_1_54",2
"23699","virus_comp_17869_cycle_1_6",2
"23700","virus_comp_17869_cycle_1_61",2
"23701","virus_comp_17870_cycle_1_10",2
"23702","virus_comp_17870_cycle_1_5",2
"23703","virus_comp_17870_cycle_1_9",2
"23704","virus_comp_17871_cycle_1_5",2
"23705","virus_comp_17873_cycle_1_10",2
"23706","virus_comp_17873_cycle_1_15",2
"23707","virus_comp_17873_cycle_1_17",2
"23708","virus_comp_17873_cycle_1_21",2
"23709","virus_comp_17873_cycle_1_26",2
"23710","virus_comp_17873_cycle_1_27",2
"23711","virus_comp_17873_cycle_1_3",2
"23712","virus_comp_17873_cycle_1_34",2
"23713","virus_comp_17873_cycle_1_35",2
"23714","virus_comp_17873_cycle_1_36",2
"23715","virus_comp_17873_cycle_1_40",2
"23716","virus_comp_17873_cycle_1_41",2
"23717","virus_comp_17873_cycle_1_42",2
"23718","virus_comp_17873_cycle_1_48",2
"23719","virus_comp_17873_cycle_1_50",2
"23720","virus_comp_17873_cycle_1_56",2
"23721","virus_comp_17873_cycle_1_6",2
"23722","virus_comp_17873_cycle_1_7",2
"23723","virus_comp_17873_cycle_1_9",2
"23724","virus_comp_17874_cycle_1_15",2
"23725","virus_comp_17874_cycle_1_4",2
"23726","virus_comp_17875_cycle_1_1",2
"23727","virus_comp_1788_cycle_1_1",2
"23728","virus_comp_1788_cycle_1_18",2
"23729","virus_comp_1788_cycle_1_4",2
"23730","virus_comp_1788_cycle_1_8",2
"23731","virus_comp_1788_cycle_1_9",2
"23732","virus_comp_17881_cycle_1_17",2
"23733","virus_comp_17881_cycle_1_20",2
"23734","virus_comp_17881_cycle_1_22",2
"23735","virus_comp_17881_cycle_1_3",2
"23736","virus_comp_17881_cycle_1_43",2
"23737","virus_comp_17881_cycle_1_65",2
"23738","virus_comp_17881_cycle_1_7",2
"23739","virus_comp_17884_cycle_1_1",2
"23740","virus_comp_17884_cycle_1_2",2
"23741","virus_comp_17884_cycle_1_3",2
"23742","virus_comp_17886_cycle_1_5",2
"23743","virus_comp_17886_cycle_1_7",2
"23744","virus_comp_17887_cycle_1_11",2
"23745","virus_comp_17887_cycle_1_20",2
"23746","virus_comp_17887_cycle_1_21",2
"23747","virus_comp_17887_cycle_1_29",2
"23748","virus_comp_17887_cycle_1_36",2
"23749","virus_comp_17887_cycle_1_38",2
"23750","virus_comp_17887_cycle_1_39",2
"23751","virus_comp_17887_cycle_1_41",2
"23752","virus_comp_17887_cycle_1_42",2
"23753","virus_comp_17887_cycle_1_44",2
"23754","virus_comp_17887_cycle_1_46",2
"23755","virus_comp_17887_cycle_1_5",2
"23756","virus_comp_17887_cycle_1_52",2
"23757","virus_comp_17887_cycle_1_9",2
"23758","virus_comp_17889_cycle_1_68",2
"23759","virus_comp_17894_cycle_1_1",2
"23760","virus_comp_17894_cycle_1_4",2
"23761","virus_comp_17894_cycle_1_5",2
"23762","virus_comp_17900_cycle_1_12",2
"23763","virus_comp_17900_cycle_1_17",2
"23764","virus_comp_17900_cycle_1_20",2
"23765","virus_comp_17901_cycle_1_1",2
"23766","virus_comp_17901_cycle_1_2",2
"23767","virus_comp_17902_cycle_1_12",2
"23768","virus_comp_17902_cycle_1_13",2
"23769","virus_comp_17902_cycle_1_18",2
"23770","virus_comp_17902_cycle_1_24",2
"23771","virus_comp_17902_cycle_1_25",2
"23772","virus_comp_17902_cycle_1_30",2
"23773","virus_comp_17902_cycle_1_36",2
"23774","virus_comp_17902_cycle_1_37",2
"23775","virus_comp_17902_cycle_1_40",2
"23776","virus_comp_17903_cycle_1_22",2
"23777","virus_comp_17903_cycle_1_23",2
"23778","virus_comp_17906_cycle_1_10",2
"23779","virus_comp_17906_cycle_1_3",2
"23780","virus_comp_17906_cycle_1_37",2
"23781","virus_comp_17906_cycle_1_38",2
"23782","virus_comp_17906_cycle_1_39",2
"23783","virus_comp_17906_cycle_1_42",2
"23784","virus_comp_17906_cycle_1_45",2
"23785","virus_comp_17906_cycle_1_58",2
"23786","virus_comp_17906_cycle_1_6",2
"23787","virus_comp_17906_cycle_1_60",2
"23788","virus_comp_17906_cycle_1_65",2
"23789","virus_comp_17906_cycle_1_69",2
"23790","virus_comp_17906_cycle_1_8",2
"23791","virus_comp_17906_cycle_1_9",2
"23792","virus_comp_17907_cycle_1_21",2
"23793","virus_comp_17907_cycle_1_22",2
"23794","virus_comp_17907_cycle_1_23",2
"23795","virus_comp_17907_cycle_1_24",2
"23796","virus_comp_17907_cycle_1_9",2
"23797","virus_comp_17909_cycle_1_18",2
"23798","virus_comp_17909_cycle_1_21",2
"23799","virus_comp_17909_cycle_1_23",2
"23800","virus_comp_17909_cycle_1_25",2
"23801","virus_comp_17909_cycle_1_26",2
"23802","virus_comp_17909_cycle_1_36",2
"23803","virus_comp_17910_cycle_1_18",2
"23804","virus_comp_17910_cycle_1_19",2
"23805","virus_comp_17910_cycle_1_2",2
"23806","virus_comp_17910_cycle_1_4",2
"23807","virus_comp_17910_cycle_1_43",2
"23808","virus_comp_17911_cycle_1_1",2
"23809","virus_comp_17911_cycle_1_11",2
"23810","virus_comp_17911_cycle_1_12",2
"23811","virus_comp_17911_cycle_1_17",2
"23812","virus_comp_17911_cycle_1_20",2
"23813","virus_comp_17911_cycle_1_22",2
"23814","virus_comp_17911_cycle_1_29",2
"23815","virus_comp_17911_cycle_1_30",2
"23816","virus_comp_17911_cycle_1_31",2
"23817","virus_comp_17911_cycle_1_49",2
"23818","virus_comp_17911_cycle_1_7",2
"23819","virus_comp_17911_cycle_1_9",2
"23820","virus_comp_17914_cycle_1_2",2
"23821","virus_comp_17917_cycle_1_1",2
"23822","virus_comp_17917_cycle_1_3",2
"23823","virus_comp_17919_cycle_1_10",2
"23824","virus_comp_17919_cycle_1_11",2
"23825","virus_comp_17919_cycle_1_14",2
"23826","virus_comp_17919_cycle_1_15",2
"23827","virus_comp_17919_cycle_1_16",2
"23828","virus_comp_17919_cycle_1_2",2
"23829","virus_comp_17919_cycle_1_21",2
"23830","virus_comp_17919_cycle_1_4",2
"23831","virus_comp_17919_cycle_1_5",2
"23832","virus_comp_17919_cycle_1_6",2
"23833","virus_comp_17919_cycle_1_7",2
"23834","virus_comp_17919_cycle_1_8",2
"23835","virus_comp_17919_cycle_1_9",2
"23836","virus_comp_1792_cycle_1_8",2
"23837","virus_comp_1792_cycle_1_9",2
"23838","virus_comp_17920_cycle_1_13",2
"23839","virus_comp_17920_cycle_1_14",2
"23840","virus_comp_17920_cycle_1_16",2
"23841","virus_comp_17920_cycle_1_18",2
"23842","virus_comp_17920_cycle_1_19",2
"23843","virus_comp_17920_cycle_1_28",2
"23844","virus_comp_17920_cycle_1_7",2
"23845","virus_comp_17920_cycle_1_9",2
"23846","virus_comp_17922_cycle_1_25",2
"23847","virus_comp_17923_cycle_1_10",2
"23848","virus_comp_17923_cycle_1_11",2
"23849","virus_comp_17923_cycle_1_16",2
"23850","virus_comp_17923_cycle_1_17",2
"23851","virus_comp_17923_cycle_1_5",2
"23852","virus_comp_17923_cycle_1_8",2
"23853","virus_comp_17924_cycle_1_10",2
"23854","virus_comp_17924_cycle_1_11",2
"23855","virus_comp_17924_cycle_1_18",2
"23856","virus_comp_17924_cycle_1_22",2
"23857","virus_comp_17924_cycle_1_38",2
"23858","virus_comp_17924_cycle_1_4",2
"23859","virus_comp_17924_cycle_1_41",2
"23860","virus_comp_17924_cycle_1_43",2
"23861","virus_comp_17925_cycle_1_1",2
"23862","virus_comp_17925_cycle_1_10",2
"23863","virus_comp_17925_cycle_1_12",2
"23864","virus_comp_17925_cycle_1_15",2
"23865","virus_comp_17925_cycle_1_22",2
"23866","virus_comp_17925_cycle_1_23",2
"23867","virus_comp_17925_cycle_1_33",2
"23868","virus_comp_17925_cycle_1_34",2
"23869","virus_comp_17925_cycle_1_35",2
"23870","virus_comp_17925_cycle_1_36",2
"23871","virus_comp_17927_cycle_1_17",2
"23872","virus_comp_17927_cycle_1_25",2
"23873","virus_comp_17927_cycle_1_27",2
"23874","virus_comp_17927_cycle_1_31",2
"23875","virus_comp_17927_cycle_1_6",2
"23876","virus_comp_17928_cycle_1_1",2
"23877","virus_comp_17928_cycle_1_4",2
"23878","virus_comp_17928_cycle_1_5",2
"23879","virus_comp_17928_cycle_1_6",2
"23880","virus_comp_17928_cycle_1_7",2
"23881","virus_comp_17928_cycle_1_8",2
"23882","virus_comp_17928_cycle_1_9",2
"23883","virus_comp_17933_cycle_1_1",2
"23884","virus_comp_17933_cycle_1_2",2
"23885","virus_comp_17933_cycle_1_21",2
"23886","virus_comp_17934_cycle_1_7",2
"23887","virus_comp_17935_cycle_1_15",2
"23888","virus_comp_17935_cycle_1_2",2
"23889","virus_comp_17935_cycle_1_25",2
"23890","virus_comp_17935_cycle_1_28",2
"23891","virus_comp_17935_cycle_1_29",2
"23892","virus_comp_17935_cycle_1_4",2
"23893","virus_comp_17936_cycle_1_3",2
"23894","virus_comp_17936_cycle_1_4",2
"23895","virus_comp_17938_cycle_1_1",2
"23896","virus_comp_17938_cycle_1_4",2
"23897","virus_comp_17940_cycle_1_2",2
"23898","virus_comp_17945_cycle_1_15",2
"23899","virus_comp_17945_cycle_1_21",2
"23900","virus_comp_17945_cycle_1_24",2
"23901","virus_comp_17947_cycle_1_1",2
"23902","virus_comp_17947_cycle_1_11",2
"23903","virus_comp_17947_cycle_1_4",2
"23904","virus_comp_17947_cycle_1_6",2
"23905","virus_comp_17947_cycle_1_7",2
"23906","virus_comp_17947_cycle_1_8",2
"23907","virus_comp_17948_cycle_1_1",2
"23908","virus_comp_17948_cycle_1_3",2
"23909","virus_comp_17948_cycle_1_5",2
"23910","virus_comp_17949_cycle_1_11",2
"23911","virus_comp_17949_cycle_1_12",2
"23912","virus_comp_17949_cycle_1_18",2
"23913","virus_comp_17949_cycle_1_2",2
"23914","virus_comp_17949_cycle_1_21",2
"23915","virus_comp_17949_cycle_1_22",2
"23916","virus_comp_17949_cycle_1_28",2
"23917","virus_comp_17949_cycle_1_3",2
"23918","virus_comp_17949_cycle_1_30",2
"23919","virus_comp_17949_cycle_1_5",2
"23920","virus_comp_17949_cycle_1_6",2
"23921","virus_comp_17949_cycle_1_7",2
"23922","virus_comp_17951_cycle_1_1",2
"23923","virus_comp_17951_cycle_1_11",2
"23924","virus_comp_17951_cycle_1_16",2
"23925","virus_comp_17951_cycle_1_3",2
"23926","virus_comp_17951_cycle_1_30",2
"23927","virus_comp_17951_cycle_1_8",2
"23928","virus_comp_17951_cycle_1_9",2
"23929","virus_comp_17952_cycle_1_1",2
"23930","virus_comp_17952_cycle_1_2",2
"23931","virus_comp_17953_cycle_1_1",2
"23932","virus_comp_17953_cycle_1_10",2
"23933","virus_comp_17953_cycle_1_11",2
"23934","virus_comp_17953_cycle_1_2",2
"23935","virus_comp_17953_cycle_1_3",2
"23936","virus_comp_17953_cycle_1_4",2
"23937","virus_comp_17953_cycle_1_6",2
"23938","virus_comp_17953_cycle_1_7",2
"23939","virus_comp_17953_cycle_1_8",2
"23940","virus_comp_17953_cycle_1_9",2
"23941","virus_comp_17954_cycle_1_10",2
"23942","virus_comp_17954_cycle_1_12",2
"23943","virus_comp_17954_cycle_1_15",2
"23944","virus_comp_17954_cycle_1_16",2
"23945","virus_comp_17954_cycle_1_17",2
"23946","virus_comp_17954_cycle_1_2",2
"23947","virus_comp_17954_cycle_1_4",2
"23948","virus_comp_17954_cycle_1_6",2
"23949","virus_comp_17954_cycle_1_8",2
"23950","virus_comp_17955_cycle_1_17",2
"23951","virus_comp_17955_cycle_1_8",2
"23952","virus_comp_17956_cycle_1_10",2
"23953","virus_comp_17956_cycle_1_11",2
"23954","virus_comp_17956_cycle_1_12",2
"23955","virus_comp_17956_cycle_1_13",2
"23956","virus_comp_17956_cycle_1_16",2
"23957","virus_comp_17956_cycle_1_18",2
"23958","virus_comp_17956_cycle_1_19",2
"23959","virus_comp_17956_cycle_1_20",2
"23960","virus_comp_17956_cycle_1_21",2
"23961","virus_comp_17956_cycle_1_3",2
"23962","virus_comp_17956_cycle_1_4",2
"23963","virus_comp_17956_cycle_1_5",2
"23964","virus_comp_17956_cycle_1_6",2
"23965","virus_comp_17956_cycle_1_9",2
"23966","virus_comp_1796_cycle_1_14",2
"23967","virus_comp_17960_cycle_1_1",2
"23968","virus_comp_17961_cycle_1_5",2
"23969","virus_comp_17961_cycle_1_6",2
"23970","virus_comp_17961_cycle_1_9",2
"23971","virus_comp_17963_cycle_1_1",2
"23972","virus_comp_17963_cycle_1_10",2
"23973","virus_comp_17963_cycle_1_13",2
"23974","virus_comp_17963_cycle_1_15",2
"23975","virus_comp_17963_cycle_1_16",2
"23976","virus_comp_17963_cycle_1_18",2
"23977","virus_comp_17963_cycle_1_3",2
"23978","virus_comp_17964_cycle_1_11",2
"23979","virus_comp_17964_cycle_1_8",2
"23980","virus_comp_17964_cycle_1_9",2
"23981","virus_comp_17965_cycle_1_10",2
"23982","virus_comp_17965_cycle_1_12",2
"23983","virus_comp_17965_cycle_1_13",2
"23984","virus_comp_17965_cycle_1_14",2
"23985","virus_comp_17965_cycle_1_17",2
"23986","virus_comp_17965_cycle_1_18",2
"23987","virus_comp_17965_cycle_1_2",2
"23988","virus_comp_17965_cycle_1_5",2
"23989","virus_comp_17965_cycle_1_7",2
"23990","virus_comp_17966_cycle_1_10",2
"23991","virus_comp_17966_cycle_1_11",2
"23992","virus_comp_17966_cycle_1_13",2
"23993","virus_comp_17966_cycle_1_14",2
"23994","virus_comp_17966_cycle_1_15",2
"23995","virus_comp_17966_cycle_1_18",2
"23996","virus_comp_17966_cycle_1_19",2
"23997","virus_comp_17966_cycle_1_2",2
"23998","virus_comp_17966_cycle_1_4",2
"23999","virus_comp_17966_cycle_1_5",2
"24000","virus_comp_17966_cycle_1_6",2
"24001","virus_comp_17966_cycle_1_7",2
"24002","virus_comp_17966_cycle_1_8",2
"24003","virus_comp_17966_cycle_1_9",2
"24004","virus_comp_17968_cycle_1_1",2
"24005","virus_comp_17968_cycle_1_10",2
"24006","virus_comp_17968_cycle_1_13",2
"24007","virus_comp_17968_cycle_1_14",2
"24008","virus_comp_17968_cycle_1_15",2
"24009","virus_comp_17968_cycle_1_16",2
"24010","virus_comp_17968_cycle_1_18",2
"24011","virus_comp_17968_cycle_1_2",2
"24012","virus_comp_17968_cycle_1_22",2
"24013","virus_comp_17968_cycle_1_23",2
"24014","virus_comp_17968_cycle_1_24",2
"24015","virus_comp_17968_cycle_1_3",2
"24016","virus_comp_17968_cycle_1_4",2
"24017","virus_comp_17968_cycle_1_7",2
"24018","virus_comp_17968_cycle_1_9",2
"24019","virus_comp_17969_cycle_1_13",2
"24020","virus_comp_17969_cycle_1_15",2
"24021","virus_comp_17969_cycle_1_16",2
"24022","virus_comp_17969_cycle_1_18",2
"24023","virus_comp_17969_cycle_1_21",2
"24024","virus_comp_17969_cycle_1_22",2
"24025","virus_comp_17969_cycle_1_23",2
"24026","virus_comp_17969_cycle_1_25",2
"24027","virus_comp_17969_cycle_1_28",2
"24028","virus_comp_17969_cycle_1_4",2
"24029","virus_comp_1797_cycle_1_1",2
"24030","virus_comp_1797_cycle_1_13",2
"24031","virus_comp_1797_cycle_1_3",2
"24032","virus_comp_1797_cycle_1_9",2
"24033","virus_comp_17970_cycle_1_13",2
"24034","virus_comp_17970_cycle_1_14",2
"24035","virus_comp_17970_cycle_1_3",2
"24036","virus_comp_17970_cycle_1_34",2
"24037","virus_comp_17970_cycle_1_38",2
"24038","virus_comp_17970_cycle_1_45",2
"24039","virus_comp_17970_cycle_1_47",2
"24040","virus_comp_17972_cycle_1_4",2
"24041","virus_comp_17972_cycle_1_5",2
"24042","virus_comp_17977_cycle_1_11",2
"24043","virus_comp_17977_cycle_1_2",2
"24044","virus_comp_17977_cycle_1_6",2
"24045","virus_comp_17977_cycle_1_7",2
"24046","virus_comp_1798_cycle_1_5",2
"24047","virus_comp_17980_cycle_1_19",2
"24048","virus_comp_17981_cycle_1_13",2
"24049","virus_comp_17981_cycle_1_17",2
"24050","virus_comp_17981_cycle_1_2",2
"24051","virus_comp_17981_cycle_1_4",2
"24052","virus_comp_17981_cycle_1_7",2
"24053","virus_comp_17983_cycle_1_1",2
"24054","virus_comp_17983_cycle_1_12",2
"24055","virus_comp_17983_cycle_1_13",2
"24056","virus_comp_17983_cycle_1_2",2
"24057","virus_comp_17983_cycle_1_3",2
"24058","virus_comp_17983_cycle_1_4",2
"24059","virus_comp_17983_cycle_1_5",2
"24060","virus_comp_17983_cycle_1_6",2
"24061","virus_comp_17983_cycle_1_7",2
"24062","virus_comp_17983_cycle_1_8",2
"24063","virus_comp_17983_cycle_1_9",2
"24064","virus_comp_17984_cycle_1_10",2
"24065","virus_comp_17984_cycle_1_14",2
"24066","virus_comp_17984_cycle_1_15",2
"24067","virus_comp_17984_cycle_1_18",2
"24068","virus_comp_17984_cycle_1_19",2
"24069","virus_comp_17984_cycle_1_23",2
"24070","virus_comp_17984_cycle_1_24",2
"24071","virus_comp_17984_cycle_1_26",2
"24072","virus_comp_17984_cycle_1_28",2
"24073","virus_comp_17984_cycle_1_30",2
"24074","virus_comp_17984_cycle_1_4",2
"24075","virus_comp_17985_cycle_1_10",2
"24076","virus_comp_17985_cycle_1_16",2
"24077","virus_comp_17985_cycle_1_9",2
"24078","virus_comp_17986_cycle_1_11",2
"24079","virus_comp_17990_cycle_1_12",2
"24080","virus_comp_17990_cycle_1_15",2
"24081","virus_comp_17990_cycle_1_18",2
"24082","virus_comp_17990_cycle_1_6",2
"24083","virus_comp_17990_cycle_1_9",2
"24084","virus_comp_17991_cycle_1_1",2
"24085","virus_comp_17992_cycle_1_1",2
"24086","virus_comp_17992_cycle_1_3",2
"24087","virus_comp_17994_cycle_1_21",2
"24088","virus_comp_17994_cycle_1_3",2
"24089","virus_comp_17995_cycle_1_14",2
"24090","virus_comp_17995_cycle_1_24",2
"24091","virus_comp_17995_cycle_1_5",2
"24092","virus_comp_17998_cycle_1_1",2
"24093","virus_comp_17998_cycle_1_2",2
"24094","virus_comp_17998_cycle_1_3",2
"24095","virus_comp_17998_cycle_1_5",2
"24096","virus_comp_17999_cycle_1_1",2
"24097","virus_comp_17999_cycle_1_10",2
"24098","virus_comp_17999_cycle_1_11",2
"24099","virus_comp_17999_cycle_1_12",2
"24100","virus_comp_17999_cycle_1_13",2
"24101","virus_comp_17999_cycle_1_14",2
"24102","virus_comp_17999_cycle_1_15",2
"24103","virus_comp_17999_cycle_1_16",2
"24104","virus_comp_17999_cycle_1_17",2
"24105","virus_comp_17999_cycle_1_18",2
"24106","virus_comp_17999_cycle_1_21",2
"24107","virus_comp_17999_cycle_1_22",2
"24108","virus_comp_17999_cycle_1_3",2
"24109","virus_comp_17999_cycle_1_4",2
"24110","virus_comp_17999_cycle_1_5",2
"24111","virus_comp_17999_cycle_1_9",2
"24112","virus_comp_1800_cycle_1_10",2
"24113","virus_comp_1800_cycle_1_11",2
"24114","virus_comp_1800_cycle_1_12",2
"24115","virus_comp_1800_cycle_1_13",2
"24116","virus_comp_1800_cycle_1_7",2
"24117","virus_comp_1800_cycle_1_8",2
"24118","virus_comp_1800_cycle_1_9",2
"24119","virus_comp_18004_cycle_1_3",2
"24120","virus_comp_18005_cycle_1_3",2
"24121","virus_comp_18005_cycle_1_4",2
"24122","virus_comp_18006_cycle_1_2",2
"24123","virus_comp_18006_cycle_1_5",2
"24124","virus_comp_18009_cycle_1_10",2
"24125","virus_comp_18009_cycle_1_11",2
"24126","virus_comp_18009_cycle_1_14",2
"24127","virus_comp_18009_cycle_1_2",2
"24128","virus_comp_18009_cycle_1_5",2
"24129","virus_comp_18009_cycle_1_6",2
"24130","virus_comp_18009_cycle_1_9",2
"24131","virus_comp_1801_cycle_1_1",2
"24132","virus_comp_18011_cycle_1_1",2
"24133","virus_comp_18011_cycle_1_11",2
"24134","virus_comp_18011_cycle_1_13",2
"24135","virus_comp_18013_cycle_1_10",2
"24136","virus_comp_18013_cycle_1_8",2
"24137","virus_comp_18013_cycle_1_9",2
"24138","virus_comp_18016_cycle_1_8",2
"24139","virus_comp_18018_cycle_1_13",2
"24140","virus_comp_18018_cycle_1_5",2
"24141","virus_comp_18020_cycle_1_6",2
"24142","virus_comp_18020_cycle_1_7",2
"24143","virus_comp_18021_cycle_1_11",2
"24144","virus_comp_18021_cycle_1_12",2
"24145","virus_comp_18021_cycle_1_14",2
"24146","virus_comp_18021_cycle_1_15",2
"24147","virus_comp_18021_cycle_1_17",2
"24148","virus_comp_18021_cycle_1_3",2
"24149","virus_comp_18021_cycle_1_5",2
"24150","virus_comp_18021_cycle_1_6",2
"24151","virus_comp_18022_cycle_1_1",2
"24152","virus_comp_18022_cycle_1_8",2
"24153","virus_comp_18023_cycle_1_3",2
"24154","virus_comp_18023_cycle_1_5",2
"24155","virus_comp_18025_cycle_1_1",2
"24156","virus_comp_18025_cycle_1_3",2
"24157","virus_comp_18026_cycle_1_2",2
"24158","virus_comp_18026_cycle_1_4",2
"24159","virus_comp_18026_cycle_1_5",2
"24160","virus_comp_18027_cycle_1_1",2
"24161","virus_comp_18027_cycle_1_2",2
"24162","virus_comp_18027_cycle_1_6",2
"24163","virus_comp_18030_cycle_1_1",2
"24164","virus_comp_18030_cycle_1_10",2
"24165","virus_comp_18030_cycle_1_11",2
"24166","virus_comp_18030_cycle_1_4",2
"24167","virus_comp_18030_cycle_1_6",2
"24168","virus_comp_18030_cycle_1_7",2
"24169","virus_comp_18032_cycle_1_2",2
"24170","virus_comp_18033_cycle_1_4",2
"24171","virus_comp_18033_cycle_1_9",2
"24172","virus_comp_18034_cycle_1_3",2
"24173","virus_comp_18034_cycle_1_5",2
"24174","virus_comp_18035_cycle_1_4",2
"24175","virus_comp_18035_cycle_1_6",2
"24176","virus_comp_18036_cycle_1_10",2
"24177","virus_comp_18036_cycle_1_2",2
"24178","virus_comp_18036_cycle_1_4",2
"24179","virus_comp_18036_cycle_1_5",2
"24180","virus_comp_18036_cycle_1_7",2
"24181","virus_comp_18036_cycle_1_8",2
"24182","virus_comp_18036_cycle_1_9",2
"24183","virus_comp_18037_cycle_1_10",2
"24184","virus_comp_18037_cycle_1_13",2
"24185","virus_comp_18037_cycle_1_14",2
"24186","virus_comp_18042_cycle_1_16",2
"24187","virus_comp_18042_cycle_1_17",2
"24188","virus_comp_18043_cycle_1_3",2
"24189","virus_comp_18044_cycle_1_17",2
"24190","virus_comp_18044_cycle_1_6",2
"24191","virus_comp_18044_cycle_1_8",2
"24192","virus_comp_1805_cycle_1_12",2
"24193","virus_comp_1805_cycle_1_7",2
"24194","virus_comp_1805_cycle_1_8",2
"24195","virus_comp_18052_cycle_1_10",2
"24196","virus_comp_18052_cycle_1_21",2
"24197","virus_comp_18052_cycle_1_6",2
"24198","virus_comp_18053_cycle_1_5",2
"24199","virus_comp_18054_cycle_1_6",2
"24200","virus_comp_18055_cycle_1_4",2
"24201","virus_comp_18055_cycle_1_6",2
"24202","virus_comp_1806_cycle_1_10",2
"24203","virus_comp_1806_cycle_1_11",2
"24204","virus_comp_1806_cycle_1_12",2
"24205","virus_comp_1806_cycle_1_13",2
"24206","virus_comp_1806_cycle_1_14",2
"24207","virus_comp_1806_cycle_1_15",2
"24208","virus_comp_1806_cycle_1_16",2
"24209","virus_comp_1806_cycle_1_17",2
"24210","virus_comp_1806_cycle_1_4",2
"24211","virus_comp_1806_cycle_1_5",2
"24212","virus_comp_1806_cycle_1_6",2
"24213","virus_comp_1806_cycle_1_7",2
"24214","virus_comp_1806_cycle_1_9",2
"24215","virus_comp_18061_cycle_1_10",2
"24216","virus_comp_18061_cycle_1_11",2
"24217","virus_comp_18061_cycle_1_3",2
"24218","virus_comp_18061_cycle_1_5",2
"24219","virus_comp_18061_cycle_1_8",2
"24220","virus_comp_18063_cycle_1_1",2
"24221","virus_comp_18063_cycle_1_3",2
"24222","virus_comp_18063_cycle_1_4",2
"24223","virus_comp_18063_cycle_1_5",2
"24224","virus_comp_18063_cycle_1_6",2
"24225","virus_comp_18067_cycle_1_13",2
"24226","virus_comp_18067_cycle_1_2",2
"24227","virus_comp_18071_cycle_1_2",2
"24228","virus_comp_18072_cycle_1_3",2
"24229","virus_comp_18072_cycle_1_4",2
"24230","virus_comp_18072_cycle_1_6",2
"24231","virus_comp_18078_cycle_1_1",2
"24232","virus_comp_18078_cycle_1_13",2
"24233","virus_comp_18078_cycle_1_2",2
"24234","virus_comp_18078_cycle_1_3",2
"24235","virus_comp_18078_cycle_1_6",2
"24236","virus_comp_18080_cycle_1_1",2
"24237","virus_comp_18080_cycle_1_2",2
"24238","virus_comp_18083_cycle_1_1",2
"24239","virus_comp_18083_cycle_1_11",2
"24240","virus_comp_18083_cycle_1_12",2
"24241","virus_comp_18083_cycle_1_2",2
"24242","virus_comp_18083_cycle_1_9",2
"24243","virus_comp_18085_cycle_1_3",2
"24244","virus_comp_18085_cycle_1_7",2
"24245","virus_comp_18085_cycle_1_8",2
"24246","virus_comp_18088_cycle_1_3",2
"24247","virus_comp_18088_cycle_1_5",2
"24248","virus_comp_18089_cycle_1_13",2
"24249","virus_comp_1809_cycle_1_2",2
"24250","virus_comp_1809_cycle_1_4",2
"24251","virus_comp_18091_cycle_1_10",2
"24252","virus_comp_18091_cycle_1_11",2
"24253","virus_comp_18091_cycle_1_8",2
"24254","virus_comp_18091_cycle_1_9",2
"24255","virus_comp_18093_cycle_1_6",2
"24256","virus_comp_18093_cycle_1_7",2
"24257","virus_comp_18094_cycle_1_8",2
"24258","virus_comp_18101_cycle_1_8",2
"24259","virus_comp_18101_cycle_1_9",2
"24260","virus_comp_18104_cycle_1_1",2
"24261","virus_comp_18104_cycle_1_3",2
"24262","virus_comp_18104_cycle_1_5",2
"24263","virus_comp_18104_cycle_1_6",2
"24264","virus_comp_18104_cycle_1_9",2
"24265","virus_comp_18107_cycle_1_3",2
"24266","virus_comp_18110_cycle_1_1",2
"24267","virus_comp_18110_cycle_1_2",2
"24268","virus_comp_18110_cycle_1_3",2
"24269","virus_comp_18110_cycle_1_4",2
"24270","virus_comp_18110_cycle_1_5",2
"24271","virus_comp_18113_cycle_1_5",2
"24272","virus_comp_18123_cycle_1_2",2
"24273","virus_comp_18123_cycle_1_3",2
"24274","virus_comp_18123_cycle_1_6",2
"24275","virus_comp_18123_cycle_1_8",2
"24276","virus_comp_18124_cycle_1_2",2
"24277","virus_comp_18124_cycle_1_3",2
"24278","virus_comp_18124_cycle_1_4",2
"24279","virus_comp_18124_cycle_1_5",2
"24280","virus_comp_18124_cycle_1_6",2
"24281","virus_comp_18124_cycle_1_7",2
"24282","virus_comp_18124_cycle_1_8",2
"24283","virus_comp_18127_cycle_1_5",2
"24284","virus_comp_18128_cycle_1_10",2
"24285","virus_comp_18129_cycle_1_1",2
"24286","virus_comp_18129_cycle_1_10",2
"24287","virus_comp_18129_cycle_1_2",2
"24288","virus_comp_18129_cycle_1_5",2
"24289","virus_comp_18129_cycle_1_7",2
"24290","virus_comp_18130_cycle_1_1",2
"24291","virus_comp_18130_cycle_1_2",2
"24292","virus_comp_18130_cycle_1_4",2
"24293","virus_comp_18130_cycle_1_6",2
"24294","virus_comp_18131_cycle_1_9",2
"24295","virus_comp_18133_cycle_1_8",2
"24296","virus_comp_18134_cycle_1_4",2
"24297","virus_comp_18134_cycle_1_5",2
"24298","virus_comp_18136_cycle_1_2",2
"24299","virus_comp_18136_cycle_1_6",2
"24300","virus_comp_18136_cycle_1_8",2
"24301","virus_comp_18138_cycle_1_1",2
"24302","virus_comp_18138_cycle_1_7",2
"24303","virus_comp_1814_cycle_1_4",2
"24304","virus_comp_1814_cycle_1_8",2
"24305","virus_comp_18140_cycle_1_11",2
"24306","virus_comp_18140_cycle_1_4",2
"24307","virus_comp_18140_cycle_1_8",2
"24308","virus_comp_18140_cycle_1_9",2
"24309","virus_comp_18142_cycle_1_1",2
"24310","virus_comp_18143_cycle_1_1",2
"24311","virus_comp_18143_cycle_1_2",2
"24312","virus_comp_18143_cycle_1_4",2
"24313","virus_comp_18143_cycle_1_5",2
"24314","virus_comp_18143_cycle_1_6",2
"24315","virus_comp_18144_cycle_1_1",2
"24316","virus_comp_18144_cycle_1_5",2
"24317","virus_comp_18144_cycle_1_6",2
"24318","virus_comp_18144_cycle_1_7",2
"24319","virus_comp_18149_cycle_1_1",2
"24320","virus_comp_18149_cycle_1_2",2
"24321","virus_comp_18149_cycle_1_3",2
"24322","virus_comp_1815_cycle_1_2",2
"24323","virus_comp_1815_cycle_1_3",2
"24324","virus_comp_18158_cycle_1_4",2
"24325","virus_comp_1816_cycle_1_14",2
"24326","virus_comp_1816_cycle_1_16",2
"24327","virus_comp_1816_cycle_1_2",2
"24328","virus_comp_1816_cycle_1_7",2
"24329","virus_comp_1816_cycle_1_8",2
"24330","virus_comp_18161_cycle_1_1",2
"24331","virus_comp_18161_cycle_1_12",2
"24332","virus_comp_18161_cycle_1_16",2
"24333","virus_comp_18161_cycle_1_17",2
"24334","virus_comp_18161_cycle_1_20",2
"24335","virus_comp_18161_cycle_1_21",2
"24336","virus_comp_18161_cycle_1_6",2
"24337","virus_comp_18162_cycle_1_1",2
"24338","virus_comp_18170_cycle_1_8",2
"24339","virus_comp_18174_cycle_1_6",2
"24340","virus_comp_18175_cycle_1_5",2
"24341","virus_comp_18175_cycle_1_6",2
"24342","virus_comp_18175_cycle_1_7",2
"24343","virus_comp_18175_cycle_1_8",2
"24344","virus_comp_18177_cycle_1_4",2
"24345","virus_comp_18178_cycle_1_8",2
"24346","virus_comp_18181_cycle_1_5",2
"24347","virus_comp_1819_cycle_1_1",2
"24348","virus_comp_1819_cycle_1_10",2
"24349","virus_comp_1819_cycle_1_2",2
"24350","virus_comp_1819_cycle_1_3",2
"24351","virus_comp_1819_cycle_1_6",2
"24352","virus_comp_1819_cycle_1_9",2
"24353","virus_comp_18190_cycle_1_10",2
"24354","virus_comp_18190_cycle_1_12",2
"24355","virus_comp_18190_cycle_1_6",2
"24356","virus_comp_18197_cycle_1_1",2
"24357","virus_comp_18197_cycle_1_10",2
"24358","virus_comp_18197_cycle_1_2",2
"24359","virus_comp_18197_cycle_1_5",2
"24360","virus_comp_18197_cycle_1_7",2
"24361","virus_comp_18197_cycle_1_8",2
"24362","virus_comp_18198_cycle_1_5",2
"24363","virus_comp_18200_cycle_1_8",2
"24364","virus_comp_18205_cycle_1_3",2
"24365","virus_comp_18215_cycle_1_4",2
"24366","virus_comp_18216_cycle_1_2",2
"24367","virus_comp_18216_cycle_1_3",2
"24368","virus_comp_18219_cycle_1_1",2
"24369","virus_comp_18219_cycle_1_2",2
"24370","virus_comp_18219_cycle_1_3",2
"24371","virus_comp_18219_cycle_1_5",2
"24372","virus_comp_18219_cycle_1_6",2
"24373","virus_comp_18222_cycle_1_1",2
"24374","virus_comp_18222_cycle_1_3",2
"24375","virus_comp_18222_cycle_1_4",2
"24376","virus_comp_18222_cycle_1_5",2
"24377","virus_comp_18222_cycle_1_6",2
"24378","virus_comp_18222_cycle_1_7",2
"24379","virus_comp_18222_cycle_1_8",2
"24380","virus_comp_18230_cycle_1_17",2
"24381","virus_comp_18232_cycle_1_4",2
"24382","virus_comp_18232_cycle_1_5",2
"24383","virus_comp_18235_cycle_1_3",2
"24384","virus_comp_18235_cycle_1_6",2
"24385","virus_comp_18235_cycle_1_7",2
"24386","virus_comp_1824_cycle_1_12",2
"24387","virus_comp_1824_cycle_1_7",2
"24388","virus_comp_1824_cycle_1_8",2
"24389","virus_comp_18240_cycle_1_13",2
"24390","virus_comp_18243_cycle_1_1",2
"24391","virus_comp_18243_cycle_1_6",2
"24392","virus_comp_18244_cycle_1_7",2
"24393","virus_comp_18249_cycle_1_1",2
"24394","virus_comp_18249_cycle_1_2",2
"24395","virus_comp_18249_cycle_1_3",2
"24396","virus_comp_18249_cycle_1_4",2
"24397","virus_comp_18249_cycle_1_5",2
"24398","virus_comp_18249_cycle_1_6",2
"24399","virus_comp_18249_cycle_1_8",2
"24400","virus_comp_18249_cycle_1_9",2
"24401","virus_comp_18252_cycle_1_2",2
"24402","virus_comp_18252_cycle_1_3",2
"24403","virus_comp_18252_cycle_1_4",2
"24404","virus_comp_18252_cycle_1_5",2
"24405","virus_comp_18260_cycle_1_3",2
"24406","virus_comp_18260_cycle_1_4",2
"24407","virus_comp_18269_cycle_1_1",2
"24408","virus_comp_18269_cycle_1_4",2
"24409","virus_comp_18275_cycle_1_8",2
"24410","virus_comp_18289_cycle_1_7",2
"24411","virus_comp_18289_cycle_1_9",2
"24412","virus_comp_1829_cycle_1_1",2
"24413","virus_comp_18290_cycle_1_4",2
"24414","virus_comp_18290_cycle_1_5",2
"24415","virus_comp_18290_cycle_1_6",2
"24416","virus_comp_18293_cycle_1_1",2
"24417","virus_comp_18299_cycle_1_1",2
"24418","virus_comp_1830_cycle_1_11",2
"24419","virus_comp_1830_cycle_1_3",2
"24420","virus_comp_18303_cycle_1_6",2
"24421","virus_comp_18309_cycle_1_4",2
"24422","virus_comp_18326_cycle_1_1",2
"24423","virus_comp_18326_cycle_1_5",2
"24424","virus_comp_18326_cycle_1_6",2
"24425","virus_comp_18338_cycle_1_4",2
"24426","virus_comp_18339_cycle_1_1",2
"24427","virus_comp_18339_cycle_1_2",2
"24428","virus_comp_18347_cycle_1_4",2
"24429","virus_comp_18347_cycle_1_6",2
"24430","virus_comp_18349_cycle_1_2",2
"24431","virus_comp_18349_cycle_1_3",2
"24432","virus_comp_18349_cycle_1_4",2
"24433","virus_comp_18352_cycle_1_2",2
"24434","virus_comp_18352_cycle_1_3",2
"24435","virus_comp_18353_cycle_1_3",2
"24436","virus_comp_18353_cycle_1_6",2
"24437","virus_comp_18354_cycle_1_3",2
"24438","virus_comp_18365_cycle_1_6",2
"24439","virus_comp_18378_cycle_1_2",2
"24440","virus_comp_1838_cycle_1_5",2
"24441","virus_comp_18380_cycle_1_1",2
"24442","virus_comp_18383_cycle_1_1",2
"24443","virus_comp_18383_cycle_1_2",2
"24444","virus_comp_18383_cycle_1_9",2
"24445","virus_comp_18387_cycle_1_2",2
"24446","virus_comp_18387_cycle_1_4",2
"24447","virus_comp_18387_cycle_1_5",2
"24448","virus_comp_18387_cycle_1_6",2
"24449","virus_comp_18397_cycle_1_4",2
"24450","virus_comp_18397_cycle_1_5",2
"24451","virus_comp_18405_cycle_1_5",2
"24452","virus_comp_18407_cycle_1_3",2
"24453","virus_comp_18412_cycle_1_3",2
"24454","virus_comp_18412_cycle_1_7",2
"24455","virus_comp_18412_cycle_1_9",2
"24456","virus_comp_18424_cycle_1_1",2
"24457","virus_comp_18424_cycle_1_2",2
"24458","virus_comp_18433_cycle_1_4",2
"24459","virus_comp_18433_cycle_1_5",2
"24460","virus_comp_18434_cycle_1_1",2
"24461","virus_comp_18437_cycle_1_2",2
"24462","virus_comp_18437_cycle_1_3",2
"24463","virus_comp_18437_cycle_1_5",2
"24464","virus_comp_18437_cycle_1_6",2
"24465","virus_comp_18438_cycle_1_2",2
"24466","virus_comp_18438_cycle_1_5",2
"24467","virus_comp_18438_cycle_1_8",2
"24468","virus_comp_18438_cycle_1_9",2
"24469","virus_comp_1845_cycle_1_11",2
"24470","virus_comp_1845_cycle_1_7",2
"24471","virus_comp_18455_cycle_1_1",2
"24472","virus_comp_18455_cycle_1_3",2
"24473","virus_comp_18480_cycle_1_8",2
"24474","virus_comp_18493_cycle_1_3",2
"24475","virus_comp_18493_cycle_1_5",2
"24476","virus_comp_18494_cycle_1_1",2
"24477","virus_comp_18498_cycle_1_1",2
"24478","virus_comp_18498_cycle_1_2",2
"24479","virus_comp_18498_cycle_1_3",2
"24480","virus_comp_18520_cycle_1_1",2
"24481","virus_comp_18520_cycle_1_3",2
"24482","virus_comp_1853_cycle_1_1",2
"24483","virus_comp_1853_cycle_1_11",2
"24484","virus_comp_1853_cycle_1_13",2
"24485","virus_comp_1853_cycle_1_16",2
"24486","virus_comp_1853_cycle_1_5",2
"24487","virus_comp_1853_cycle_1_8",2
"24488","virus_comp_1853_cycle_1_9",2
"24489","virus_comp_18550_cycle_1_2",2
"24490","virus_comp_1858_cycle_1_10",2
"24491","virus_comp_1858_cycle_1_11",2
"24492","virus_comp_1858_cycle_1_12",2
"24493","virus_comp_1858_cycle_1_2",2
"24494","virus_comp_1862_cycle_1_1",2
"24495","virus_comp_1862_cycle_1_2",2
"24496","virus_comp_1862_cycle_1_7",2
"24497","virus_comp_1862_cycle_1_9",2
"24498","virus_comp_1864_cycle_1_5",2
"24499","virus_comp_1865_cycle_1_18",2
"24500","virus_comp_1868_cycle_1_10",2
"24501","virus_comp_1876_cycle_1_2",2
"24502","virus_comp_1879_cycle_1_2",2
"24503","virus_comp_1879_cycle_1_4",2
"24504","virus_comp_1888_cycle_1_2",2
"24505","virus_comp_1889_cycle_1_10",2
"24506","virus_comp_1889_cycle_1_16",2
"24507","virus_comp_1889_cycle_1_2",2
"24508","virus_comp_1889_cycle_1_3",2
"24509","virus_comp_1889_cycle_1_6",2
"24510","virus_comp_1889_cycle_1_8",2
"24511","virus_comp_1899_cycle_1_5",2
"24512","virus_comp_1899_cycle_1_6",2
"24513","virus_comp_1903_cycle_1_4",2
"24514","virus_comp_1904_cycle_1_10",2
"24515","virus_comp_1904_cycle_1_11",2
"24516","virus_comp_1904_cycle_1_12",2
"24517","virus_comp_1904_cycle_1_2",2
"24518","virus_comp_1904_cycle_1_3",2
"24519","virus_comp_1904_cycle_1_4",2
"24520","virus_comp_1904_cycle_1_8",2
"24521","virus_comp_1906_cycle_1_13",2
"24522","virus_comp_1906_cycle_1_5",2
"24523","virus_comp_1906_cycle_1_7",2
"24524","virus_comp_1908_cycle_1_7",2
"24525","virus_comp_1909_cycle_1_3",2
"24526","virus_comp_1909_cycle_1_4",2
"24527","virus_comp_1910_cycle_1_1",2
"24528","virus_comp_1910_cycle_1_3",2
"24529","virus_comp_1910_cycle_1_5",2
"24530","virus_comp_1916_cycle_1_1",2
"24531","virus_comp_1916_cycle_1_2",2
"24532","virus_comp_1916_cycle_1_8",2
"24533","virus_comp_1916_cycle_1_9",2
"24534","virus_comp_192_cycle_1_1",2
"24535","virus_comp_1924_cycle_1_5",2
"24536","virus_comp_1925_cycle_1_1",2
"24537","virus_comp_1929_cycle_1_1",2
"24538","virus_comp_1929_cycle_1_10",2
"24539","virus_comp_1929_cycle_1_11",2
"24540","virus_comp_1929_cycle_1_2",2
"24541","virus_comp_1929_cycle_1_8",2
"24542","virus_comp_1929_cycle_1_9",2
"24543","virus_comp_193_cycle_1_89",2
"24544","virus_comp_1931_cycle_1_2",2
"24545","virus_comp_1931_cycle_1_3",2
"24546","virus_comp_1940_cycle_1_4",2
"24547","virus_comp_1940_cycle_1_6",2
"24548","virus_comp_1940_cycle_1_7",2
"24549","virus_comp_1947_cycle_1_2",2
"24550","virus_comp_1947_cycle_1_4",2
"24551","virus_comp_1947_cycle_1_6",2
"24552","virus_comp_1947_cycle_1_9",2
"24553","virus_comp_195_cycle_1_108",2
"24554","virus_comp_195_cycle_1_117",2
"24555","virus_comp_195_cycle_1_120",2
"24556","virus_comp_195_cycle_1_34",2
"24557","virus_comp_1950_cycle_1_11",2
"24558","virus_comp_1950_cycle_1_7",2
"24559","virus_comp_1951_cycle_1_1",2
"24560","virus_comp_1951_cycle_1_6",2
"24561","virus_comp_1951_cycle_1_7",2
"24562","virus_comp_1952_cycle_1_5",2
"24563","virus_comp_1953_cycle_1_1",2
"24564","virus_comp_1953_cycle_1_13",2
"24565","virus_comp_1953_cycle_1_14",2
"24566","virus_comp_1953_cycle_1_19",2
"24567","virus_comp_1953_cycle_1_8",2
"24568","virus_comp_1955_cycle_1_10",2
"24569","virus_comp_1955_cycle_1_2",2
"24570","virus_comp_1955_cycle_1_3",2
"24571","virus_comp_1955_cycle_1_4",2
"24572","virus_comp_1955_cycle_1_6",2
"24573","virus_comp_1955_cycle_1_7",2
"24574","virus_comp_1955_cycle_1_9",2
"24575","virus_comp_1959_cycle_1_2",2
"24576","virus_comp_1959_cycle_1_4",2
"24577","virus_comp_1959_cycle_1_5",2
"24578","virus_comp_1959_cycle_1_7",2
"24579","virus_comp_1960_cycle_1_1",2
"24580","virus_comp_1960_cycle_1_10",2
"24581","virus_comp_1960_cycle_1_14",2
"24582","virus_comp_1960_cycle_1_2",2
"24583","virus_comp_1960_cycle_1_4",2
"24584","virus_comp_1961_cycle_1_7",2
"24585","virus_comp_1961_cycle_1_8",2
"24586","virus_comp_1963_cycle_1_1",2
"24587","virus_comp_1963_cycle_1_10",2
"24588","virus_comp_1963_cycle_1_11",2
"24589","virus_comp_1963_cycle_1_2",2
"24590","virus_comp_1963_cycle_1_3",2
"24591","virus_comp_1963_cycle_1_8",2
"24592","virus_comp_1963_cycle_1_9",2
"24593","virus_comp_1964_cycle_1_5",2
"24594","virus_comp_1964_cycle_1_7",2
"24595","virus_comp_1966_cycle_1_8",2
"24596","virus_comp_1967_cycle_1_10",2
"24597","virus_comp_1967_cycle_1_11",2
"24598","virus_comp_1967_cycle_1_12",2
"24599","virus_comp_1967_cycle_1_2",2
"24600","virus_comp_1967_cycle_1_5",2
"24601","virus_comp_1967_cycle_1_7",2
"24602","virus_comp_1969_cycle_1_3",2
"24603","virus_comp_1969_cycle_1_4",2
"24604","virus_comp_1969_cycle_1_5",2
"24605","virus_comp_1969_cycle_1_8",2
"24606","virus_comp_197_cycle_1_10",2
"24607","virus_comp_197_cycle_1_106",2
"24608","virus_comp_197_cycle_1_111",2
"24609","virus_comp_197_cycle_1_160",2
"24610","virus_comp_197_cycle_1_24",2
"24611","virus_comp_197_cycle_1_25",2
"24612","virus_comp_197_cycle_1_3",2
"24613","virus_comp_197_cycle_1_37",2
"24614","virus_comp_197_cycle_1_51",2
"24615","virus_comp_197_cycle_1_54",2
"24616","virus_comp_197_cycle_1_57",2
"24617","virus_comp_197_cycle_1_78",2
"24618","virus_comp_1970_cycle_1_11",2
"24619","virus_comp_1971_cycle_1_1",2
"24620","virus_comp_1971_cycle_1_3",2
"24621","virus_comp_1971_cycle_1_6",2
"24622","virus_comp_1971_cycle_1_7",2
"24623","virus_comp_1971_cycle_1_8",2
"24624","virus_comp_1971_cycle_1_9",2
"24625","virus_comp_1972_cycle_1_13",2
"24626","virus_comp_1972_cycle_1_8",2
"24627","virus_comp_1974_cycle_1_3",2
"24628","virus_comp_1976_cycle_1_2",2
"24629","virus_comp_1976_cycle_1_4",2
"24630","virus_comp_1980_cycle_1_7",2
"24631","virus_comp_1980_cycle_1_8",2
"24632","virus_comp_1981_cycle_1_1",2
"24633","virus_comp_1981_cycle_1_3",2
"24634","virus_comp_1984_cycle_1_6",2
"24635","virus_comp_1984_cycle_1_7",2
"24636","virus_comp_1985_cycle_1_5",2
"24637","virus_comp_1986_cycle_1_1",2
"24638","virus_comp_1986_cycle_1_2",2
"24639","virus_comp_1986_cycle_1_3",2
"24640","virus_comp_1986_cycle_1_5",2
"24641","virus_comp_1986_cycle_1_6",2
"24642","virus_comp_1986_cycle_1_7",2
"24643","virus_comp_1987_cycle_1_1",2
"24644","virus_comp_1987_cycle_1_2",2
"24645","virus_comp_1987_cycle_1_3",2
"24646","virus_comp_1987_cycle_1_5",2
"24647","virus_comp_1987_cycle_1_6",2
"24648","virus_comp_1987_cycle_1_7",2
"24649","virus_comp_1987_cycle_1_8",2
"24650","virus_comp_1987_cycle_1_9",2
"24651","virus_comp_1988_cycle_1_3",2
"24652","virus_comp_1991_cycle_1_1",2
"24653","virus_comp_1991_cycle_1_16",2
"24654","virus_comp_1991_cycle_1_4",2
"24655","virus_comp_1991_cycle_1_8",2
"24656","virus_comp_1997_cycle_1_14",2
"24657","virus_comp_2000_cycle_1_3",2
"24658","virus_comp_2000_cycle_1_4",2
"24659","virus_comp_2000_cycle_1_5",2
"24660","virus_comp_2000_cycle_1_9",2
"24661","virus_comp_2001_cycle_1_11",2
"24662","virus_comp_2001_cycle_1_2",2
"24663","virus_comp_2005_cycle_1_10",2
"24664","virus_comp_2005_cycle_1_12",2
"24665","virus_comp_2005_cycle_1_13",2
"24666","virus_comp_2005_cycle_1_14",2
"24667","virus_comp_2005_cycle_1_2",2
"24668","virus_comp_2007_cycle_1_4",2
"24669","virus_comp_2008_cycle_1_1",2
"24670","virus_comp_2008_cycle_1_10",2
"24671","virus_comp_201_cycle_1_5",2
"24672","virus_comp_2010_cycle_1_3",2
"24673","virus_comp_2010_cycle_1_4",2
"24674","virus_comp_2010_cycle_1_6",2
"24675","virus_comp_2011_cycle_1_1",2
"24676","virus_comp_2011_cycle_1_3",2
"24677","virus_comp_2011_cycle_1_4",2
"24678","virus_comp_2016_cycle_1_7",2
"24679","virus_comp_2017_cycle_1_2",2
"24680","virus_comp_2017_cycle_1_5",2
"24681","virus_comp_2019_cycle_1_9",2
"24682","virus_comp_2024_cycle_1_1",2
"24683","virus_comp_2024_cycle_1_10",2
"24684","virus_comp_2024_cycle_1_6",2
"24685","virus_comp_2028_cycle_1_1",2
"24686","virus_comp_2029_cycle_1_5",2
"24687","virus_comp_2029_cycle_1_7",2
"24688","virus_comp_2029_cycle_1_8",2
"24689","virus_comp_2029_cycle_1_9",2
"24690","virus_comp_2030_cycle_1_10",2
"24691","virus_comp_2030_cycle_1_11",2
"24692","virus_comp_2030_cycle_1_12",2
"24693","virus_comp_2030_cycle_1_14",2
"24694","virus_comp_2030_cycle_1_8",2
"24695","virus_comp_2030_cycle_1_9",2
"24696","virus_comp_2032_cycle_1_2",2
"24697","virus_comp_2035_cycle_1_4",2
"24698","virus_comp_2037_cycle_1_1",2
"24699","virus_comp_2042_cycle_1_1",2
"24700","virus_comp_2042_cycle_1_5",2
"24701","virus_comp_2043_cycle_1_3",2
"24702","virus_comp_2043_cycle_1_5",2
"24703","virus_comp_2043_cycle_1_8",2
"24704","virus_comp_2044_cycle_1_2",2
"24705","virus_comp_2044_cycle_1_4",2
"24706","virus_comp_2044_cycle_1_5",2
"24707","virus_comp_2044_cycle_1_8",2
"24708","virus_comp_2052_cycle_1_1",2
"24709","virus_comp_2054_cycle_1_1",2
"24710","virus_comp_2054_cycle_1_2",2
"24711","virus_comp_2054_cycle_1_3",2
"24712","virus_comp_2054_cycle_1_4",2
"24713","virus_comp_2054_cycle_1_5",2
"24714","virus_comp_2054_cycle_1_6",2
"24715","virus_comp_2054_cycle_1_7",2
"24716","virus_comp_2054_cycle_1_8",2
"24717","virus_comp_2054_cycle_1_9",2
"24718","virus_comp_2057_cycle_1_9",2
"24719","virus_comp_2066_cycle_1_1",2
"24720","virus_comp_2066_cycle_1_3",2
"24721","virus_comp_2066_cycle_1_4",2
"24722","virus_comp_2067_cycle_1_5",2
"24723","virus_comp_2067_cycle_1_6",2
"24724","virus_comp_2068_cycle_1_1",2
"24725","virus_comp_2071_cycle_1_2",2
"24726","virus_comp_2071_cycle_1_5",2
"24727","virus_comp_2072_cycle_1_4",2
"24728","virus_comp_2072_cycle_1_8",2
"24729","virus_comp_2074_cycle_1_6",2
"24730","virus_comp_2074_cycle_1_7",2
"24731","virus_comp_2074_cycle_1_8",2
"24732","virus_comp_2075_cycle_1_10",2
"24733","virus_comp_2075_cycle_1_12",2
"24734","virus_comp_2075_cycle_1_4",2
"24735","virus_comp_2075_cycle_1_5",2
"24736","virus_comp_2075_cycle_1_9",2
"24737","virus_comp_2077_cycle_1_5",2
"24738","virus_comp_2077_cycle_1_8",2
"24739","virus_comp_2087_cycle_1_4",2
"24740","virus_comp_2090_cycle_1_1",2
"24741","virus_comp_2090_cycle_1_10",2
"24742","virus_comp_2090_cycle_1_2",2
"24743","virus_comp_2090_cycle_1_3",2
"24744","virus_comp_2090_cycle_1_4",2
"24745","virus_comp_2090_cycle_1_8",2
"24746","virus_comp_2090_cycle_1_9",2
"24747","virus_comp_2091_cycle_1_1",2
"24748","virus_comp_2092_cycle_1_10",2
"24749","virus_comp_2092_cycle_1_11",2
"24750","virus_comp_2092_cycle_1_2",2
"24751","virus_comp_2092_cycle_1_3",2
"24752","virus_comp_2092_cycle_1_4",2
"24753","virus_comp_2092_cycle_1_5",2
"24754","virus_comp_2092_cycle_1_6",2
"24755","virus_comp_2092_cycle_1_7",2
"24756","virus_comp_2092_cycle_1_8",2
"24757","virus_comp_2092_cycle_1_9",2
"24758","virus_comp_2093_cycle_1_2",2
"24759","virus_comp_2093_cycle_1_6",2
"24760","virus_comp_2094_cycle_1_5",2
"24761","virus_comp_2094_cycle_1_7",2
"24762","virus_comp_2102_cycle_1_4",2
"24763","virus_comp_2102_cycle_1_6",2
"24764","virus_comp_2102_cycle_1_7",2
"24765","virus_comp_2102_cycle_1_8",2
"24766","virus_comp_2104_cycle_1_9",2
"24767","virus_comp_2117_cycle_1_4",2
"24768","virus_comp_2117_cycle_1_8",2
"24769","virus_comp_2118_cycle_1_10",2
"24770","virus_comp_2118_cycle_1_2",2
"24771","virus_comp_2118_cycle_1_6",2
"24772","virus_comp_2119_cycle_1_6",2
"24773","virus_comp_2119_cycle_1_8",2
"24774","virus_comp_2120_cycle_1_1",2
"24775","virus_comp_2120_cycle_1_3",2
"24776","virus_comp_2120_cycle_1_4",2
"24777","virus_comp_2121_cycle_1_1",2
"24778","virus_comp_2121_cycle_1_2",2
"24779","virus_comp_2121_cycle_1_3",2
"24780","virus_comp_2122_cycle_1_1",2
"24781","virus_comp_2122_cycle_1_2",2
"24782","virus_comp_2122_cycle_1_3",2
"24783","virus_comp_2122_cycle_1_5",2
"24784","virus_comp_2122_cycle_1_6",2
"24785","virus_comp_2122_cycle_1_8",2
"24786","virus_comp_2125_cycle_1_10",2
"24787","virus_comp_2125_cycle_1_11",2
"24788","virus_comp_2125_cycle_1_3",2
"24789","virus_comp_2125_cycle_1_4",2
"24790","virus_comp_2125_cycle_1_7",2
"24791","virus_comp_2125_cycle_1_9",2
"24792","virus_comp_2126_cycle_1_16",2
"24793","virus_comp_2126_cycle_1_6",2
"24794","virus_comp_2130_cycle_1_12",2
"24795","virus_comp_2130_cycle_1_2",2
"24796","virus_comp_2130_cycle_1_9",2
"24797","virus_comp_2132_cycle_1_3",2
"24798","virus_comp_2132_cycle_1_7",2
"24799","virus_comp_2132_cycle_1_8",2
"24800","virus_comp_2133_cycle_1_1",2
"24801","virus_comp_2133_cycle_1_10",2
"24802","virus_comp_2133_cycle_1_6",2
"24803","virus_comp_2133_cycle_1_8",2
"24804","virus_comp_2134_cycle_1_2",2
"24805","virus_comp_2135_cycle_1_2",2
"24806","virus_comp_2135_cycle_1_4",2
"24807","virus_comp_2135_cycle_1_5",2
"24808","virus_comp_2135_cycle_1_6",2
"24809","virus_comp_2135_cycle_1_7",2
"24810","virus_comp_2135_cycle_1_8",2
"24811","virus_comp_2135_cycle_1_9",2
"24812","virus_comp_2138_cycle_1_1",2
"24813","virus_comp_2138_cycle_1_2",2
"24814","virus_comp_2138_cycle_1_3",2
"24815","virus_comp_2138_cycle_1_4",2
"24816","virus_comp_2138_cycle_1_5",2
"24817","virus_comp_2138_cycle_1_6",2
"24818","virus_comp_2138_cycle_1_7",2
"24819","virus_comp_2141_cycle_1_1",2
"24820","virus_comp_2141_cycle_1_13",2
"24821","virus_comp_2141_cycle_1_4",2
"24822","virus_comp_2141_cycle_1_5",2
"24823","virus_comp_2142_cycle_1_10",2
"24824","virus_comp_2142_cycle_1_11",2
"24825","virus_comp_2142_cycle_1_3",2
"24826","virus_comp_2142_cycle_1_4",2
"24827","virus_comp_2142_cycle_1_5",2
"24828","virus_comp_2142_cycle_1_6",2
"24829","virus_comp_2145_cycle_1_3",2
"24830","virus_comp_2147_cycle_1_1",2
"24831","virus_comp_2147_cycle_1_12",2
"24832","virus_comp_2147_cycle_1_3",2
"24833","virus_comp_2152_cycle_1_6",2
"24834","virus_comp_2155_cycle_1_1",2
"24835","virus_comp_2155_cycle_1_10",2
"24836","virus_comp_2155_cycle_1_11",2
"24837","virus_comp_2155_cycle_1_2",2
"24838","virus_comp_2155_cycle_1_3",2
"24839","virus_comp_2157_cycle_1_7",2
"24840","virus_comp_2157_cycle_1_8",2
"24841","virus_comp_2158_cycle_1_1",2
"24842","virus_comp_2163_cycle_1_10",2
"24843","virus_comp_2163_cycle_1_2",2
"24844","virus_comp_2165_cycle_1_2",2
"24845","virus_comp_2165_cycle_1_5",2
"24846","virus_comp_2166_cycle_1_1",2
"24847","virus_comp_2167_cycle_1_1",2
"24848","virus_comp_2169_cycle_1_4",2
"24849","virus_comp_2170_cycle_1_4",2
"24850","virus_comp_2170_cycle_1_5",2
"24851","virus_comp_2171_cycle_1_6",2
"24852","virus_comp_2173_cycle_1_12",2
"24853","virus_comp_2173_cycle_1_14",2
"24854","virus_comp_2173_cycle_1_15",2
"24855","virus_comp_2173_cycle_1_6",2
"24856","virus_comp_2174_cycle_1_4",2
"24857","virus_comp_2174_cycle_1_5",2
"24858","virus_comp_2175_cycle_1_1",2
"24859","virus_comp_2175_cycle_1_4",2
"24860","virus_comp_2175_cycle_1_5",2
"24861","virus_comp_2175_cycle_1_7",2
"24862","virus_comp_2175_cycle_1_8",2
"24863","virus_comp_2179_cycle_1_1",2
"24864","virus_comp_2179_cycle_1_5",2
"24865","virus_comp_2179_cycle_1_6",2
"24866","virus_comp_2179_cycle_1_7",2
"24867","virus_comp_2183_cycle_1_1",2
"24868","virus_comp_2183_cycle_1_12",2
"24869","virus_comp_2183_cycle_1_3",2
"24870","virus_comp_2183_cycle_1_6",2
"24871","virus_comp_2183_cycle_1_8",2
"24872","virus_comp_2184_cycle_1_1",2
"24873","virus_comp_2184_cycle_1_3",2
"24874","virus_comp_2184_cycle_1_4",2
"24875","virus_comp_2184_cycle_1_5",2
"24876","virus_comp_2187_cycle_1_1",2
"24877","virus_comp_2187_cycle_1_2",2
"24878","virus_comp_2189_cycle_1_2",2
"24879","virus_comp_2189_cycle_1_4",2
"24880","virus_comp_219_cycle_1_1",2
"24881","virus_comp_2190_cycle_1_10",2
"24882","virus_comp_2190_cycle_1_12",2
"24883","virus_comp_2193_cycle_1_10",2
"24884","virus_comp_2193_cycle_1_13",2
"24885","virus_comp_2193_cycle_1_14",2
"24886","virus_comp_2193_cycle_1_2",2
"24887","virus_comp_2193_cycle_1_6",2
"24888","virus_comp_2193_cycle_1_7",2
"24889","virus_comp_2196_cycle_1_2",2
"24890","virus_comp_2196_cycle_1_9",2
"24891","virus_comp_2197_cycle_1_13",2
"24892","virus_comp_2197_cycle_1_4",2
"24893","virus_comp_2197_cycle_1_9",2
"24894","virus_comp_2201_cycle_1_1",2
"24895","virus_comp_2201_cycle_1_10",2
"24896","virus_comp_2201_cycle_1_11",2
"24897","virus_comp_2201_cycle_1_13",2
"24898","virus_comp_2201_cycle_1_2",2
"24899","virus_comp_2201_cycle_1_3",2
"24900","virus_comp_2201_cycle_1_4",2
"24901","virus_comp_2201_cycle_1_6",2
"24902","virus_comp_2201_cycle_1_7",2
"24903","virus_comp_2201_cycle_1_8",2
"24904","virus_comp_2201_cycle_1_9",2
"24905","virus_comp_2209_cycle_1_1",2
"24906","virus_comp_2209_cycle_1_10",2
"24907","virus_comp_2209_cycle_1_2",2
"24908","virus_comp_2209_cycle_1_3",2
"24909","virus_comp_2209_cycle_1_4",2
"24910","virus_comp_2209_cycle_1_5",2
"24911","virus_comp_2209_cycle_1_6",2
"24912","virus_comp_2209_cycle_1_7",2
"24913","virus_comp_2209_cycle_1_8",2
"24914","virus_comp_2209_cycle_1_9",2
"24915","virus_comp_2214_cycle_1_1",2
"24916","virus_comp_2214_cycle_1_5",2
"24917","virus_comp_2222_cycle_1_4",2
"24918","virus_comp_2224_cycle_1_2",2
"24919","virus_comp_2226_cycle_1_4",2
"24920","virus_comp_2229_cycle_1_10",2
"24921","virus_comp_2229_cycle_1_11",2
"24922","virus_comp_2229_cycle_1_3",2
"24923","virus_comp_2229_cycle_1_5",2
"24924","virus_comp_2232_cycle_1_10",2
"24925","virus_comp_2235_cycle_1_1",2
"24926","virus_comp_2235_cycle_1_11",2
"24927","virus_comp_2235_cycle_1_12",2
"24928","virus_comp_2235_cycle_1_13",2
"24929","virus_comp_2235_cycle_1_15",2
"24930","virus_comp_2235_cycle_1_6",2
"24931","virus_comp_2235_cycle_1_7",2
"24932","virus_comp_2235_cycle_1_8",2
"24933","virus_comp_2235_cycle_1_9",2
"24934","virus_comp_2236_cycle_1_1",2
"24935","virus_comp_2236_cycle_1_2",2
"24936","virus_comp_2236_cycle_1_3",2
"24937","virus_comp_2236_cycle_1_4",2
"24938","virus_comp_2236_cycle_1_5",2
"24939","virus_comp_2236_cycle_1_6",2
"24940","virus_comp_2236_cycle_1_7",2
"24941","virus_comp_2237_cycle_1_1",2
"24942","virus_comp_2237_cycle_1_5",2
"24943","virus_comp_224_cycle_1_1",2
"24944","virus_comp_2242_cycle_1_1",2
"24945","virus_comp_2242_cycle_1_3",2
"24946","virus_comp_2242_cycle_1_4",2
"24947","virus_comp_2242_cycle_1_5",2
"24948","virus_comp_2242_cycle_1_8",2
"24949","virus_comp_2244_cycle_1_1",2
"24950","virus_comp_2246_cycle_1_13",2
"24951","virus_comp_2246_cycle_1_17",2
"24952","virus_comp_2246_cycle_1_2",2
"24953","virus_comp_2246_cycle_1_3",2
"24954","virus_comp_2246_cycle_1_4",2
"24955","virus_comp_2246_cycle_1_5",2
"24956","virus_comp_2246_cycle_1_9",2
"24957","virus_comp_2247_cycle_1_1",2
"24958","virus_comp_2247_cycle_1_10",2
"24959","virus_comp_2247_cycle_1_2",2
"24960","virus_comp_2247_cycle_1_3",2
"24961","virus_comp_2247_cycle_1_4",2
"24962","virus_comp_2247_cycle_1_5",2
"24963","virus_comp_2248_cycle_1_16",2
"24964","virus_comp_2248_cycle_1_5",2
"24965","virus_comp_2251_cycle_1_5",2
"24966","virus_comp_2251_cycle_1_6",2
"24967","virus_comp_2253_cycle_1_12",2
"24968","virus_comp_2260_cycle_1_10",2
"24969","virus_comp_2260_cycle_1_2",2
"24970","virus_comp_2261_cycle_1_2",2
"24971","virus_comp_2261_cycle_1_3",2
"24972","virus_comp_2261_cycle_1_4",2
"24973","virus_comp_2263_cycle_1_3",2
"24974","virus_comp_2263_cycle_1_5",2
"24975","virus_comp_2264_cycle_1_2",2
"24976","virus_comp_2264_cycle_1_3",2
"24977","virus_comp_2264_cycle_1_8",2
"24978","virus_comp_2266_cycle_1_2",2
"24979","virus_comp_2266_cycle_1_3",2
"24980","virus_comp_2266_cycle_1_5",2
"24981","virus_comp_2267_cycle_1_10",2
"24982","virus_comp_2267_cycle_1_12",2
"24983","virus_comp_2267_cycle_1_7",2
"24984","virus_comp_2267_cycle_1_8",2
"24985","virus_comp_2267_cycle_1_9",2
"24986","virus_comp_2269_cycle_1_3",2
"24987","virus_comp_2269_cycle_1_8",2
"24988","virus_comp_2271_cycle_1_1",2
"24989","virus_comp_2271_cycle_1_2",2
"24990","virus_comp_2271_cycle_1_3",2
"24991","virus_comp_2271_cycle_1_4",2
"24992","virus_comp_2271_cycle_1_6",2
"24993","virus_comp_2271_cycle_1_7",2
"24994","virus_comp_2271_cycle_1_8",2
"24995","virus_comp_2271_cycle_1_9",2
"24996","virus_comp_2277_cycle_1_1",2
"24997","virus_comp_2277_cycle_1_7",2
"24998","virus_comp_2281_cycle_1_3",2
"24999","virus_comp_2281_cycle_1_7",2
"25000","virus_comp_2281_cycle_1_8",2
"25001","virus_comp_2282_cycle_1_14",2
"25002","virus_comp_2282_cycle_1_2",2
"25003","virus_comp_2282_cycle_1_5",2
"25004","virus_comp_2282_cycle_1_6",2
"25005","virus_comp_2282_cycle_1_7",2
"25006","virus_comp_2284_cycle_1_2",2
"25007","virus_comp_2284_cycle_1_3",2
"25008","virus_comp_2284_cycle_1_7",2
"25009","virus_comp_2286_cycle_1_1",2
"25010","virus_comp_2286_cycle_1_10",2
"25011","virus_comp_2286_cycle_1_2",2
"25012","virus_comp_2286_cycle_1_3",2
"25013","virus_comp_2286_cycle_1_7",2
"25014","virus_comp_2286_cycle_1_8",2
"25015","virus_comp_2286_cycle_1_9",2
"25016","virus_comp_2287_cycle_1_3",2
"25017","virus_comp_229_cycle_1_10",2
"25018","virus_comp_229_cycle_1_100",2
"25019","virus_comp_229_cycle_1_101",2
"25020","virus_comp_229_cycle_1_102",2
"25021","virus_comp_229_cycle_1_103",2
"25022","virus_comp_229_cycle_1_104",2
"25023","virus_comp_229_cycle_1_105",2
"25024","virus_comp_229_cycle_1_106",2
"25025","virus_comp_229_cycle_1_107",2
"25026","virus_comp_229_cycle_1_108",2
"25027","virus_comp_229_cycle_1_109",2
"25028","virus_comp_229_cycle_1_11",2
"25029","virus_comp_229_cycle_1_110",2
"25030","virus_comp_229_cycle_1_111",2
"25031","virus_comp_229_cycle_1_112",2
"25032","virus_comp_229_cycle_1_113",2
"25033","virus_comp_229_cycle_1_114",2
"25034","virus_comp_229_cycle_1_115",2
"25035","virus_comp_229_cycle_1_116",2
"25036","virus_comp_229_cycle_1_117",2
"25037","virus_comp_229_cycle_1_118",2
"25038","virus_comp_229_cycle_1_119",2
"25039","virus_comp_229_cycle_1_12",2
"25040","virus_comp_229_cycle_1_120",2
"25041","virus_comp_229_cycle_1_121",2
"25042","virus_comp_229_cycle_1_122",2
"25043","virus_comp_229_cycle_1_123",2
"25044","virus_comp_229_cycle_1_124",2
"25045","virus_comp_229_cycle_1_125",2
"25046","virus_comp_229_cycle_1_126",2
"25047","virus_comp_229_cycle_1_127",2
"25048","virus_comp_229_cycle_1_128",2
"25049","virus_comp_229_cycle_1_129",2
"25050","virus_comp_229_cycle_1_13",2
"25051","virus_comp_229_cycle_1_130",2
"25052","virus_comp_229_cycle_1_131",2
"25053","virus_comp_229_cycle_1_132",2
"25054","virus_comp_229_cycle_1_133",2
"25055","virus_comp_229_cycle_1_134",2
"25056","virus_comp_229_cycle_1_135",2
"25057","virus_comp_229_cycle_1_136",2
"25058","virus_comp_229_cycle_1_137",2
"25059","virus_comp_229_cycle_1_138",2
"25060","virus_comp_229_cycle_1_139",2
"25061","virus_comp_229_cycle_1_14",2
"25062","virus_comp_229_cycle_1_140",2
"25063","virus_comp_229_cycle_1_141",2
"25064","virus_comp_229_cycle_1_142",2
"25065","virus_comp_229_cycle_1_143",2
"25066","virus_comp_229_cycle_1_144",2
"25067","virus_comp_229_cycle_1_145",2
"25068","virus_comp_229_cycle_1_146",2
"25069","virus_comp_229_cycle_1_147",2
"25070","virus_comp_229_cycle_1_148",2
"25071","virus_comp_229_cycle_1_149",2
"25072","virus_comp_229_cycle_1_15",2
"25073","virus_comp_229_cycle_1_150",2
"25074","virus_comp_229_cycle_1_151",2
"25075","virus_comp_229_cycle_1_152",2
"25076","virus_comp_229_cycle_1_153",2
"25077","virus_comp_229_cycle_1_154",2
"25078","virus_comp_229_cycle_1_155",2
"25079","virus_comp_229_cycle_1_157",2
"25080","virus_comp_229_cycle_1_158",2
"25081","virus_comp_229_cycle_1_159",2
"25082","virus_comp_229_cycle_1_16",2
"25083","virus_comp_229_cycle_1_160",2
"25084","virus_comp_229_cycle_1_161",2
"25085","virus_comp_229_cycle_1_162",2
"25086","virus_comp_229_cycle_1_163",2
"25087","virus_comp_229_cycle_1_164",2
"25088","virus_comp_229_cycle_1_165",2
"25089","virus_comp_229_cycle_1_166",2
"25090","virus_comp_229_cycle_1_17",2
"25091","virus_comp_229_cycle_1_18",2
"25092","virus_comp_229_cycle_1_19",2
"25093","virus_comp_229_cycle_1_2",2
"25094","virus_comp_229_cycle_1_20",2
"25095","virus_comp_229_cycle_1_21",2
"25096","virus_comp_229_cycle_1_22",2
"25097","virus_comp_229_cycle_1_23",2
"25098","virus_comp_229_cycle_1_24",2
"25099","virus_comp_229_cycle_1_25",2
"25100","virus_comp_229_cycle_1_26",2
"25101","virus_comp_229_cycle_1_27",2
"25102","virus_comp_229_cycle_1_28",2
"25103","virus_comp_229_cycle_1_29",2
"25104","virus_comp_229_cycle_1_3",2
"25105","virus_comp_229_cycle_1_30",2
"25106","virus_comp_229_cycle_1_31",2
"25107","virus_comp_229_cycle_1_32",2
"25108","virus_comp_229_cycle_1_33",2
"25109","virus_comp_229_cycle_1_34",2
"25110","virus_comp_229_cycle_1_36",2
"25111","virus_comp_229_cycle_1_38",2
"25112","virus_comp_229_cycle_1_4",2
"25113","virus_comp_229_cycle_1_41",2
"25114","virus_comp_229_cycle_1_42",2
"25115","virus_comp_229_cycle_1_43",2
"25116","virus_comp_229_cycle_1_44",2
"25117","virus_comp_229_cycle_1_45",2
"25118","virus_comp_229_cycle_1_46",2
"25119","virus_comp_229_cycle_1_48",2
"25120","virus_comp_229_cycle_1_49",2
"25121","virus_comp_229_cycle_1_5",2
"25122","virus_comp_229_cycle_1_50",2
"25123","virus_comp_229_cycle_1_51",2
"25124","virus_comp_229_cycle_1_52",2
"25125","virus_comp_229_cycle_1_53",2
"25126","virus_comp_229_cycle_1_54",2
"25127","virus_comp_229_cycle_1_55",2
"25128","virus_comp_229_cycle_1_56",2
"25129","virus_comp_229_cycle_1_58",2
"25130","virus_comp_229_cycle_1_59",2
"25131","virus_comp_229_cycle_1_6",2
"25132","virus_comp_229_cycle_1_61",2
"25133","virus_comp_229_cycle_1_66",2
"25134","virus_comp_229_cycle_1_68",2
"25135","virus_comp_229_cycle_1_7",2
"25136","virus_comp_229_cycle_1_70",2
"25137","virus_comp_229_cycle_1_73",2
"25138","virus_comp_229_cycle_1_75",2
"25139","virus_comp_229_cycle_1_76",2
"25140","virus_comp_229_cycle_1_8",2
"25141","virus_comp_229_cycle_1_81",2
"25142","virus_comp_229_cycle_1_82",2
"25143","virus_comp_229_cycle_1_83",2
"25144","virus_comp_229_cycle_1_84",2
"25145","virus_comp_229_cycle_1_85",2
"25146","virus_comp_229_cycle_1_86",2
"25147","virus_comp_229_cycle_1_87",2
"25148","virus_comp_229_cycle_1_88",2
"25149","virus_comp_229_cycle_1_89",2
"25150","virus_comp_229_cycle_1_9",2
"25151","virus_comp_229_cycle_1_90",2
"25152","virus_comp_229_cycle_1_91",2
"25153","virus_comp_229_cycle_1_92",2
"25154","virus_comp_229_cycle_1_93",2
"25155","virus_comp_229_cycle_1_94",2
"25156","virus_comp_229_cycle_1_95",2
"25157","virus_comp_229_cycle_1_99",2
"25158","virus_comp_2290_cycle_1_3",2
"25159","virus_comp_2290_cycle_1_5",2
"25160","virus_comp_2290_cycle_1_6",2
"25161","virus_comp_2290_cycle_1_7",2
"25162","virus_comp_2296_cycle_1_1",2
"25163","virus_comp_2296_cycle_1_2",2
"25164","virus_comp_2296_cycle_1_3",2
"25165","virus_comp_2296_cycle_1_4",2
"25166","virus_comp_2296_cycle_1_5",2
"25167","virus_comp_2296_cycle_1_6",2
"25168","virus_comp_2296_cycle_1_7",2
"25169","virus_comp_2296_cycle_1_8",2
"25170","virus_comp_2296_cycle_1_9",2
"25171","virus_comp_2301_cycle_1_7",2
"25172","virus_comp_2304_cycle_1_1",2
"25173","virus_comp_2307_cycle_1_1",2
"25174","virus_comp_2307_cycle_1_5",2
"25175","virus_comp_2307_cycle_1_7",2
"25176","virus_comp_231_cycle_1_4",2
"25177","virus_comp_231_cycle_1_7",2
"25178","virus_comp_2311_cycle_1_5",2
"25179","virus_comp_2311_cycle_1_6",2
"25180","virus_comp_2311_cycle_1_8",2
"25181","virus_comp_2319_cycle_1_4",2
"25182","virus_comp_2320_cycle_1_5",2
"25183","virus_comp_2323_cycle_1_1",2
"25184","virus_comp_2323_cycle_1_2",2
"25185","virus_comp_2323_cycle_1_3",2
"25186","virus_comp_2323_cycle_1_5",2
"25187","virus_comp_2324_cycle_1_2",2
"25188","virus_comp_2324_cycle_1_3",2
"25189","virus_comp_2324_cycle_1_5",2
"25190","virus_comp_2324_cycle_1_7",2
"25191","virus_comp_2333_cycle_1_1",2
"25192","virus_comp_2333_cycle_1_2",2
"25193","virus_comp_2333_cycle_1_3",2
"25194","virus_comp_2336_cycle_1_1",2
"25195","virus_comp_2337_cycle_1_1",2
"25196","virus_comp_2337_cycle_1_3",2
"25197","virus_comp_2337_cycle_1_4",2
"25198","virus_comp_2338_cycle_1_3",2
"25199","virus_comp_2339_cycle_1_2",2
"25200","virus_comp_2339_cycle_1_6",2
"25201","virus_comp_2342_cycle_1_6",2
"25202","virus_comp_2344_cycle_1_1",2
"25203","virus_comp_2344_cycle_1_2",2
"25204","virus_comp_2346_cycle_1_1",2
"25205","virus_comp_2349_cycle_1_5",2
"25206","virus_comp_2349_cycle_1_7",2
"25207","virus_comp_2350_cycle_1_1",2
"25208","virus_comp_2350_cycle_1_2",2
"25209","virus_comp_2350_cycle_1_3",2
"25210","virus_comp_2350_cycle_1_4",2
"25211","virus_comp_2350_cycle_1_5",2
"25212","virus_comp_2350_cycle_1_6",2
"25213","virus_comp_2350_cycle_1_7",2
"25214","virus_comp_2350_cycle_1_8",2
"25215","virus_comp_2351_cycle_1_1",2
"25216","virus_comp_2353_cycle_1_2",2
"25217","virus_comp_2353_cycle_1_6",2
"25218","virus_comp_2353_cycle_1_7",2
"25219","virus_comp_2355_cycle_1_1",2
"25220","virus_comp_2355_cycle_1_4",2
"25221","virus_comp_2355_cycle_1_8",2
"25222","virus_comp_2358_cycle_1_3",2
"25223","virus_comp_2358_cycle_1_4",2
"25224","virus_comp_2358_cycle_1_7",2
"25225","virus_comp_2362_cycle_1_1",2
"25226","virus_comp_2362_cycle_1_5",2
"25227","virus_comp_2364_cycle_1_1",2
"25228","virus_comp_2364_cycle_1_2",2
"25229","virus_comp_2364_cycle_1_3",2
"25230","virus_comp_2364_cycle_1_4",2
"25231","virus_comp_2364_cycle_1_5",2
"25232","virus_comp_2364_cycle_1_6",2
"25233","virus_comp_2364_cycle_1_7",2
"25234","virus_comp_2366_cycle_1_1",2
"25235","virus_comp_2366_cycle_1_2",2
"25236","virus_comp_2366_cycle_1_7",2
"25237","virus_comp_2366_cycle_1_8",2
"25238","virus_comp_2368_cycle_1_3",2
"25239","virus_comp_2368_cycle_1_4",2
"25240","virus_comp_2368_cycle_1_5",2
"25241","virus_comp_2370_cycle_1_5",2
"25242","virus_comp_2370_cycle_1_9",2
"25243","virus_comp_2372_cycle_1_2",2
"25244","virus_comp_2373_cycle_1_10",2
"25245","virus_comp_2373_cycle_1_11",2
"25246","virus_comp_2373_cycle_1_3",2
"25247","virus_comp_2373_cycle_1_4",2
"25248","virus_comp_2373_cycle_1_5",2
"25249","virus_comp_2373_cycle_1_7",2
"25250","virus_comp_2373_cycle_1_9",2
"25251","virus_comp_2376_cycle_1_5",2
"25252","virus_comp_2377_cycle_1_1",2
"25253","virus_comp_2377_cycle_1_4",2
"25254","virus_comp_2377_cycle_1_5",2
"25255","virus_comp_2377_cycle_1_6",2
"25256","virus_comp_2377_cycle_1_7",2
"25257","virus_comp_2377_cycle_1_8",2
"25258","virus_comp_2378_cycle_1_12",2
"25259","virus_comp_2378_cycle_1_3",2
"25260","virus_comp_238_cycle_1_100",2
"25261","virus_comp_238_cycle_1_106",2
"25262","virus_comp_238_cycle_1_110",2
"25263","virus_comp_238_cycle_1_111",2
"25264","virus_comp_238_cycle_1_112",2
"25265","virus_comp_238_cycle_1_113",2
"25266","virus_comp_238_cycle_1_116",2
"25267","virus_comp_238_cycle_1_119",2
"25268","virus_comp_238_cycle_1_122",2
"25269","virus_comp_238_cycle_1_133",2
"25270","virus_comp_238_cycle_1_142",2
"25271","virus_comp_238_cycle_1_143",2
"25272","virus_comp_238_cycle_1_146",2
"25273","virus_comp_238_cycle_1_147",2
"25274","virus_comp_238_cycle_1_148",2
"25275","virus_comp_238_cycle_1_149",2
"25276","virus_comp_238_cycle_1_154",2
"25277","virus_comp_238_cycle_1_155",2
"25278","virus_comp_238_cycle_1_156",2
"25279","virus_comp_238_cycle_1_16",2
"25280","virus_comp_238_cycle_1_162",2
"25281","virus_comp_238_cycle_1_168",2
"25282","virus_comp_238_cycle_1_2",2
"25283","virus_comp_238_cycle_1_24",2
"25284","virus_comp_238_cycle_1_31",2
"25285","virus_comp_238_cycle_1_39",2
"25286","virus_comp_238_cycle_1_41",2
"25287","virus_comp_238_cycle_1_42",2
"25288","virus_comp_238_cycle_1_44",2
"25289","virus_comp_238_cycle_1_45",2
"25290","virus_comp_238_cycle_1_50",2
"25291","virus_comp_238_cycle_1_51",2
"25292","virus_comp_238_cycle_1_52",2
"25293","virus_comp_238_cycle_1_53",2
"25294","virus_comp_238_cycle_1_54",2
"25295","virus_comp_238_cycle_1_55",2
"25296","virus_comp_238_cycle_1_57",2
"25297","virus_comp_238_cycle_1_59",2
"25298","virus_comp_238_cycle_1_62",2
"25299","virus_comp_238_cycle_1_65",2
"25300","virus_comp_238_cycle_1_68",2
"25301","virus_comp_238_cycle_1_75",2
"25302","virus_comp_238_cycle_1_76",2
"25303","virus_comp_238_cycle_1_8",2
"25304","virus_comp_238_cycle_1_82",2
"25305","virus_comp_238_cycle_1_83",2
"25306","virus_comp_238_cycle_1_84",2
"25307","virus_comp_238_cycle_1_88",2
"25308","virus_comp_238_cycle_1_9",2
"25309","virus_comp_238_cycle_1_93",2
"25310","virus_comp_238_cycle_1_94",2
"25311","virus_comp_238_cycle_1_95",2
"25312","virus_comp_238_cycle_1_96",2
"25313","virus_comp_238_cycle_1_97",2
"25314","virus_comp_2384_cycle_1_6",2
"25315","virus_comp_2386_cycle_1_8",2
"25316","virus_comp_2386_cycle_1_9",2
"25317","virus_comp_2389_cycle_1_5",2
"25318","virus_comp_2389_cycle_1_8",2
"25319","virus_comp_2389_cycle_1_9",2
"25320","virus_comp_2396_cycle_1_2",2
"25321","virus_comp_2402_cycle_1_2",2
"25322","virus_comp_2402_cycle_1_5",2
"25323","virus_comp_2402_cycle_1_9",2
"25324","virus_comp_2407_cycle_1_1",2
"25325","virus_comp_2407_cycle_1_2",2
"25326","virus_comp_2407_cycle_1_3",2
"25327","virus_comp_2407_cycle_1_4",2
"25328","virus_comp_2407_cycle_1_5",2
"25329","virus_comp_2407_cycle_1_6",2
"25330","virus_comp_2407_cycle_1_7",2
"25331","virus_comp_2408_cycle_1_9",2
"25332","virus_comp_2409_cycle_1_6",2
"25333","virus_comp_2409_cycle_1_9",2
"25334","virus_comp_2410_cycle_1_3",2
"25335","virus_comp_2410_cycle_1_4",2
"25336","virus_comp_2413_cycle_1_2",2
"25337","virus_comp_2414_cycle_1_2",2
"25338","virus_comp_2414_cycle_1_8",2
"25339","virus_comp_2419_cycle_1_4",2
"25340","virus_comp_2419_cycle_1_5",2
"25341","virus_comp_2419_cycle_1_6",2
"25342","virus_comp_2419_cycle_1_7",2
"25343","virus_comp_2419_cycle_1_9",2
"25344","virus_comp_2420_cycle_1_12",2
"25345","virus_comp_2426_cycle_1_1",2
"25346","virus_comp_2427_cycle_1_1",2
"25347","virus_comp_2427_cycle_1_10",2
"25348","virus_comp_2427_cycle_1_11",2
"25349","virus_comp_2427_cycle_1_2",2
"25350","virus_comp_2427_cycle_1_3",2
"25351","virus_comp_2427_cycle_1_4",2
"25352","virus_comp_2427_cycle_1_5",2
"25353","virus_comp_2427_cycle_1_8",2
"25354","virus_comp_2432_cycle_1_1",2
"25355","virus_comp_2432_cycle_1_4",2
"25356","virus_comp_2435_cycle_1_1",2
"25357","virus_comp_2435_cycle_1_3",2
"25358","virus_comp_2435_cycle_1_4",2
"25359","virus_comp_2435_cycle_1_8",2
"25360","virus_comp_2435_cycle_1_9",2
"25361","virus_comp_2436_cycle_1_1",2
"25362","virus_comp_2437_cycle_1_6",2
"25363","virus_comp_2442_cycle_1_3",2
"25364","virus_comp_2442_cycle_1_6",2
"25365","virus_comp_2442_cycle_1_7",2
"25366","virus_comp_2443_cycle_1_6",2
"25367","virus_comp_245_cycle_1_3",2
"25368","virus_comp_2450_cycle_1_2",2
"25369","virus_comp_2450_cycle_1_6",2
"25370","virus_comp_2450_cycle_1_7",2
"25371","virus_comp_2452_cycle_1_10",2
"25372","virus_comp_2452_cycle_1_9",2
"25373","virus_comp_2453_cycle_1_7",2
"25374","virus_comp_2453_cycle_1_9",2
"25375","virus_comp_2455_cycle_1_7",2
"25376","virus_comp_2463_cycle_1_1",2
"25377","virus_comp_2463_cycle_1_5",2
"25378","virus_comp_2463_cycle_1_6",2
"25379","virus_comp_2463_cycle_1_7",2
"25380","virus_comp_2464_cycle_1_11",2
"25381","virus_comp_2464_cycle_1_8",2
"25382","virus_comp_2466_cycle_1_10",2
"25383","virus_comp_2466_cycle_1_4",2
"25384","virus_comp_2466_cycle_1_6",2
"25385","virus_comp_2466_cycle_1_7",2
"25386","virus_comp_2466_cycle_1_9",2
"25387","virus_comp_2467_cycle_1_4",2
"25388","virus_comp_2467_cycle_1_7",2
"25389","virus_comp_2469_cycle_1_6",2
"25390","virus_comp_2469_cycle_1_7",2
"25391","virus_comp_2469_cycle_1_8",2
"25392","virus_comp_247_cycle_1_2",2
"25393","virus_comp_2472_cycle_1_1",2
"25394","virus_comp_2472_cycle_1_11",2
"25395","virus_comp_2472_cycle_1_2",2
"25396","virus_comp_2472_cycle_1_6",2
"25397","virus_comp_2472_cycle_1_7",2
"25398","virus_comp_2472_cycle_1_8",2
"25399","virus_comp_2472_cycle_1_9",2
"25400","virus_comp_2473_cycle_1_11",2
"25401","virus_comp_2473_cycle_1_12",2
"25402","virus_comp_2473_cycle_1_14",2
"25403","virus_comp_2473_cycle_1_2",2
"25404","virus_comp_2473_cycle_1_3",2
"25405","virus_comp_2473_cycle_1_5",2
"25406","virus_comp_2474_cycle_1_2",2
"25407","virus_comp_2474_cycle_1_3",2
"25408","virus_comp_2478_cycle_1_2",2
"25409","virus_comp_2478_cycle_1_3",2
"25410","virus_comp_2486_cycle_1_4",2
"25411","virus_comp_2486_cycle_1_5",2
"25412","virus_comp_2486_cycle_1_7",2
"25413","virus_comp_2488_cycle_1_1",2
"25414","virus_comp_2488_cycle_1_3",2
"25415","virus_comp_2488_cycle_1_8",2
"25416","virus_comp_2489_cycle_1_10",2
"25417","virus_comp_2489_cycle_1_7",2
"25418","virus_comp_2489_cycle_1_9",2
"25419","virus_comp_2491_cycle_1_2",2
"25420","virus_comp_2491_cycle_1_5",2
"25421","virus_comp_2491_cycle_1_6",2
"25422","virus_comp_2498_cycle_1_1",2
"25423","virus_comp_2498_cycle_1_10",2
"25424","virus_comp_2498_cycle_1_2",2
"25425","virus_comp_2498_cycle_1_3",2
"25426","virus_comp_2498_cycle_1_4",2
"25427","virus_comp_2498_cycle_1_5",2
"25428","virus_comp_2498_cycle_1_6",2
"25429","virus_comp_2498_cycle_1_7",2
"25430","virus_comp_2498_cycle_1_8",2
"25431","virus_comp_2498_cycle_1_9",2
"25432","virus_comp_250_cycle_1_119",2
"25433","virus_comp_250_cycle_1_152",2
"25434","virus_comp_250_cycle_1_188",2
"25435","virus_comp_250_cycle_1_217",2
"25436","virus_comp_250_cycle_1_243",2
"25437","virus_comp_250_cycle_1_249",2
"25438","virus_comp_250_cycle_1_254",2
"25439","virus_comp_250_cycle_1_44",2
"25440","virus_comp_250_cycle_1_54",2
"25441","virus_comp_250_cycle_1_96",2
"25442","virus_comp_250_cycle_1_97",2
"25443","virus_comp_2501_cycle_1_10",2
"25444","virus_comp_2501_cycle_1_3",2
"25445","virus_comp_2501_cycle_1_8",2
"25446","virus_comp_2503_cycle_1_13",2
"25447","virus_comp_2503_cycle_1_17",2
"25448","virus_comp_2503_cycle_1_6",2
"25449","virus_comp_2503_cycle_1_7",2
"25450","virus_comp_2503_cycle_1_9",2
"25451","virus_comp_2506_cycle_1_1",2
"25452","virus_comp_2509_cycle_1_1",2
"25453","virus_comp_2509_cycle_1_2",2
"25454","virus_comp_2509_cycle_1_4",2
"25455","virus_comp_2509_cycle_1_5",2
"25456","virus_comp_2509_cycle_1_6",2
"25457","virus_comp_2509_cycle_1_7",2
"25458","virus_comp_2509_cycle_1_8",2
"25459","virus_comp_2510_cycle_1_1",2
"25460","virus_comp_2510_cycle_1_2",2
"25461","virus_comp_2510_cycle_1_3",2
"25462","virus_comp_2510_cycle_1_4",2
"25463","virus_comp_2510_cycle_1_5",2
"25464","virus_comp_2510_cycle_1_6",2
"25465","virus_comp_2512_cycle_1_1",2
"25466","virus_comp_2512_cycle_1_3",2
"25467","virus_comp_2513_cycle_1_3",2
"25468","virus_comp_2513_cycle_1_4",2
"25469","virus_comp_2517_cycle_1_4",2
"25470","virus_comp_2517_cycle_1_5",2
"25471","virus_comp_2518_cycle_1_1",2
"25472","virus_comp_2518_cycle_1_10",2
"25473","virus_comp_2518_cycle_1_3",2
"25474","virus_comp_2518_cycle_1_5",2
"25475","virus_comp_2518_cycle_1_6",2
"25476","virus_comp_2518_cycle_1_7",2
"25477","virus_comp_2518_cycle_1_8",2
"25478","virus_comp_2518_cycle_1_9",2
"25479","virus_comp_2519_cycle_1_2",2
"25480","virus_comp_2519_cycle_1_4",2
"25481","virus_comp_2521_cycle_1_4",2
"25482","virus_comp_2524_cycle_1_4",2
"25483","virus_comp_2524_cycle_1_8",2
"25484","virus_comp_2525_cycle_1_10",2
"25485","virus_comp_2525_cycle_1_2",2
"25486","virus_comp_2525_cycle_1_4",2
"25487","virus_comp_2525_cycle_1_5",2
"25488","virus_comp_2525_cycle_1_6",2
"25489","virus_comp_2525_cycle_1_7",2
"25490","virus_comp_2525_cycle_1_8",2
"25491","virus_comp_2530_cycle_1_1",2
"25492","virus_comp_2531_cycle_1_1",2
"25493","virus_comp_2531_cycle_1_2",2
"25494","virus_comp_2531_cycle_1_4",2
"25495","virus_comp_2532_cycle_1_2",2
"25496","virus_comp_2532_cycle_1_3",2
"25497","virus_comp_2532_cycle_1_4",2
"25498","virus_comp_2532_cycle_1_5",2
"25499","virus_comp_2535_cycle_1_1",2
"25500","virus_comp_2539_cycle_1_2",2
"25501","virus_comp_2539_cycle_1_3",2
"25502","virus_comp_2539_cycle_1_4",2
"25503","virus_comp_2539_cycle_1_5",2
"25504","virus_comp_2539_cycle_1_7",2
"25505","virus_comp_2539_cycle_1_8",2
"25506","virus_comp_2544_cycle_1_1",2
"25507","virus_comp_2544_cycle_1_3",2
"25508","virus_comp_2544_cycle_1_4",2
"25509","virus_comp_2544_cycle_1_5",2
"25510","virus_comp_2544_cycle_1_7",2
"25511","virus_comp_2544_cycle_1_8",2
"25512","virus_comp_2547_cycle_1_3",2
"25513","virus_comp_2548_cycle_1_11",2
"25514","virus_comp_2550_cycle_1_1",2
"25515","virus_comp_2550_cycle_1_2",2
"25516","virus_comp_2550_cycle_1_6",2
"25517","virus_comp_2550_cycle_1_7",2
"25518","virus_comp_2550_cycle_1_9",2
"25519","virus_comp_2558_cycle_1_10",2
"25520","virus_comp_2558_cycle_1_4",2
"25521","virus_comp_2558_cycle_1_8",2
"25522","virus_comp_2561_cycle_1_3",2
"25523","virus_comp_2561_cycle_1_5",2
"25524","virus_comp_2561_cycle_1_6",2
"25525","virus_comp_2563_cycle_1_1",2
"25526","virus_comp_2563_cycle_1_2",2
"25527","virus_comp_2563_cycle_1_5",2
"25528","virus_comp_2563_cycle_1_6",2
"25529","virus_comp_2564_cycle_1_3",2
"25530","virus_comp_2564_cycle_1_4",2
"25531","virus_comp_257_cycle_1_36",2
"25532","virus_comp_257_cycle_1_51",2
"25533","virus_comp_2572_cycle_1_3",2
"25534","virus_comp_2573_cycle_1_3",2
"25535","virus_comp_2573_cycle_1_6",2
"25536","virus_comp_2573_cycle_1_7",2
"25537","virus_comp_2574_cycle_1_2",2
"25538","virus_comp_2575_cycle_1_2",2
"25539","virus_comp_2575_cycle_1_4",2
"25540","virus_comp_2575_cycle_1_5",2
"25541","virus_comp_2575_cycle_1_8",2
"25542","virus_comp_2576_cycle_1_2",2
"25543","virus_comp_2576_cycle_1_4",2
"25544","virus_comp_2576_cycle_1_5",2
"25545","virus_comp_2577_cycle_1_1",2
"25546","virus_comp_2577_cycle_1_10",2
"25547","virus_comp_2577_cycle_1_2",2
"25548","virus_comp_2577_cycle_1_7",2
"25549","virus_comp_2577_cycle_1_9",2
"25550","virus_comp_2579_cycle_1_4",2
"25551","virus_comp_2579_cycle_1_5",2
"25552","virus_comp_2582_cycle_1_3",2
"25553","virus_comp_2582_cycle_1_4",2
"25554","virus_comp_2582_cycle_1_5",2
"25555","virus_comp_2596_cycle_1_12",2
"25556","virus_comp_2596_cycle_1_13",2
"25557","virus_comp_2596_cycle_1_14",2
"25558","virus_comp_2596_cycle_1_2",2
"25559","virus_comp_2596_cycle_1_3",2
"25560","virus_comp_2596_cycle_1_4",2
"25561","virus_comp_2596_cycle_1_5",2
"25562","virus_comp_2596_cycle_1_6",2
"25563","virus_comp_2596_cycle_1_7",2
"25564","virus_comp_2596_cycle_1_8",2
"25565","virus_comp_2596_cycle_1_9",2
"25566","virus_comp_2597_cycle_1_6",2
"25567","virus_comp_260_cycle_1_1",2
"25568","virus_comp_260_cycle_1_10",2
"25569","virus_comp_260_cycle_1_11",2
"25570","virus_comp_260_cycle_1_2",2
"25571","virus_comp_260_cycle_1_3",2
"25572","virus_comp_260_cycle_1_5",2
"25573","virus_comp_260_cycle_1_6",2
"25574","virus_comp_260_cycle_1_7",2
"25575","virus_comp_260_cycle_1_8",2
"25576","virus_comp_260_cycle_1_9",2
"25577","virus_comp_2601_cycle_1_10",2
"25578","virus_comp_2601_cycle_1_5",2
"25579","virus_comp_2601_cycle_1_7",2
"25580","virus_comp_2601_cycle_1_8",2
"25581","virus_comp_2603_cycle_1_5",2
"25582","virus_comp_2603_cycle_1_7",2
"25583","virus_comp_2603_cycle_1_9",2
"25584","virus_comp_261_cycle_1_3",2
"25585","virus_comp_261_cycle_1_7",2
"25586","virus_comp_2613_cycle_1_3",2
"25587","virus_comp_2613_cycle_1_5",2
"25588","virus_comp_2613_cycle_1_6",2
"25589","virus_comp_2613_cycle_1_7",2
"25590","virus_comp_2616_cycle_1_4",2
"25591","virus_comp_2616_cycle_1_5",2
"25592","virus_comp_2616_cycle_1_7",2
"25593","virus_comp_2617_cycle_1_10",2
"25594","virus_comp_2617_cycle_1_2",2
"25595","virus_comp_2617_cycle_1_6",2
"25596","virus_comp_2617_cycle_1_8",2
"25597","virus_comp_262_cycle_1_100",2
"25598","virus_comp_262_cycle_1_101",2
"25599","virus_comp_262_cycle_1_102",2
"25600","virus_comp_262_cycle_1_103",2
"25601","virus_comp_262_cycle_1_13",2
"25602","virus_comp_262_cycle_1_16",2
"25603","virus_comp_262_cycle_1_17",2
"25604","virus_comp_262_cycle_1_21",2
"25605","virus_comp_262_cycle_1_22",2
"25606","virus_comp_262_cycle_1_23",2
"25607","virus_comp_262_cycle_1_24",2
"25608","virus_comp_262_cycle_1_27",2
"25609","virus_comp_262_cycle_1_28",2
"25610","virus_comp_262_cycle_1_30",2
"25611","virus_comp_262_cycle_1_31",2
"25612","virus_comp_262_cycle_1_39",2
"25613","virus_comp_262_cycle_1_40",2
"25614","virus_comp_262_cycle_1_41",2
"25615","virus_comp_262_cycle_1_42",2
"25616","virus_comp_262_cycle_1_43",2
"25617","virus_comp_262_cycle_1_44",2
"25618","virus_comp_262_cycle_1_45",2
"25619","virus_comp_262_cycle_1_46",2
"25620","virus_comp_262_cycle_1_48",2
"25621","virus_comp_262_cycle_1_49",2
"25622","virus_comp_262_cycle_1_59",2
"25623","virus_comp_262_cycle_1_61",2
"25624","virus_comp_262_cycle_1_63",2
"25625","virus_comp_262_cycle_1_64",2
"25626","virus_comp_262_cycle_1_65",2
"25627","virus_comp_262_cycle_1_76",2
"25628","virus_comp_262_cycle_1_94",2
"25629","virus_comp_262_cycle_1_95",2
"25630","virus_comp_262_cycle_1_96",2
"25631","virus_comp_262_cycle_1_98",2
"25632","virus_comp_262_cycle_1_99",2
"25633","virus_comp_2623_cycle_1_2",2
"25634","virus_comp_2623_cycle_1_5",2
"25635","virus_comp_2623_cycle_1_7",2
"25636","virus_comp_2623_cycle_1_8",2
"25637","virus_comp_2626_cycle_1_1",2
"25638","virus_comp_2626_cycle_1_2",2
"25639","virus_comp_2629_cycle_1_2",2
"25640","virus_comp_2629_cycle_1_3",2
"25641","virus_comp_2629_cycle_1_5",2
"25642","virus_comp_2629_cycle_1_9",2
"25643","virus_comp_2631_cycle_1_5",2
"25644","virus_comp_2633_cycle_1_3",2
"25645","virus_comp_2634_cycle_1_1",2
"25646","virus_comp_2634_cycle_1_12",2
"25647","virus_comp_2634_cycle_1_6",2
"25648","virus_comp_2634_cycle_1_7",2
"25649","virus_comp_2634_cycle_1_8",2
"25650","virus_comp_2634_cycle_1_9",2
"25651","virus_comp_2638_cycle_1_2",2
"25652","virus_comp_2638_cycle_1_3",2
"25653","virus_comp_2638_cycle_1_4",2
"25654","virus_comp_2638_cycle_1_6",2
"25655","virus_comp_2643_cycle_1_3",2
"25656","virus_comp_2643_cycle_1_7",2
"25657","virus_comp_2644_cycle_1_1",2
"25658","virus_comp_2644_cycle_1_2",2
"25659","virus_comp_2644_cycle_1_6",2
"25660","virus_comp_2646_cycle_1_3",2
"25661","virus_comp_2646_cycle_1_5",2
"25662","virus_comp_2646_cycle_1_6",2
"25663","virus_comp_2646_cycle_1_7",2
"25664","virus_comp_2649_cycle_1_11",2
"25665","virus_comp_2649_cycle_1_12",2
"25666","virus_comp_2649_cycle_1_13",2
"25667","virus_comp_2649_cycle_1_2",2
"25668","virus_comp_2650_cycle_1_3",2
"25669","virus_comp_2650_cycle_1_7",2
"25670","virus_comp_2651_cycle_1_1",2
"25671","virus_comp_2651_cycle_1_2",2
"25672","virus_comp_2651_cycle_1_6",2
"25673","virus_comp_2651_cycle_1_7",2
"25674","virus_comp_2652_cycle_1_3",2
"25675","virus_comp_266_cycle_1_1",2
"25676","virus_comp_266_cycle_1_10",2
"25677","virus_comp_266_cycle_1_3",2
"25678","virus_comp_266_cycle_1_5",2
"25679","virus_comp_2661_cycle_1_1",2
"25680","virus_comp_2661_cycle_1_2",2
"25681","virus_comp_2661_cycle_1_4",2
"25682","virus_comp_2661_cycle_1_7",2
"25683","virus_comp_2661_cycle_1_8",2
"25684","virus_comp_2661_cycle_1_9",2
"25685","virus_comp_2664_cycle_1_3",2
"25686","virus_comp_2664_cycle_1_4",2
"25687","virus_comp_2669_cycle_1_1",2
"25688","virus_comp_2669_cycle_1_4",2
"25689","virus_comp_2669_cycle_1_5",2
"25690","virus_comp_2669_cycle_1_6",2
"25691","virus_comp_2669_cycle_1_7",2
"25692","virus_comp_2669_cycle_1_8",2
"25693","virus_comp_2669_cycle_1_9",2
"25694","virus_comp_2670_cycle_1_11",2
"25695","virus_comp_2670_cycle_1_6",2
"25696","virus_comp_2670_cycle_1_8",2
"25697","virus_comp_2670_cycle_1_9",2
"25698","virus_comp_2671_cycle_1_3",2
"25699","virus_comp_2671_cycle_1_7",2
"25700","virus_comp_2671_cycle_1_9",2
"25701","virus_comp_2674_cycle_1_5",2
"25702","virus_comp_2674_cycle_1_6",2
"25703","virus_comp_2675_cycle_1_4",2
"25704","virus_comp_2675_cycle_1_6",2
"25705","virus_comp_2675_cycle_1_8",2
"25706","virus_comp_2679_cycle_1_5",2
"25707","virus_comp_2684_cycle_1_2",2
"25708","virus_comp_2684_cycle_1_7",2
"25709","virus_comp_2689_cycle_1_2",2
"25710","virus_comp_2689_cycle_1_6",2
"25711","virus_comp_2689_cycle_1_7",2
"25712","virus_comp_269_cycle_1_7",2
"25713","virus_comp_2692_cycle_1_2",2
"25714","virus_comp_2692_cycle_1_3",2
"25715","virus_comp_2692_cycle_1_6",2
"25716","virus_comp_2692_cycle_1_8",2
"25717","virus_comp_2696_cycle_1_1",2
"25718","virus_comp_2699_cycle_1_4",2
"25719","virus_comp_270_cycle_1_2",2
"25720","virus_comp_270_cycle_1_3",2
"25721","virus_comp_270_cycle_1_5",2
"25722","virus_comp_270_cycle_1_7",2
"25723","virus_comp_270_cycle_1_9",2
"25724","virus_comp_2700_cycle_1_2",2
"25725","virus_comp_2700_cycle_1_3",2
"25726","virus_comp_2702_cycle_1_1",2
"25727","virus_comp_2702_cycle_1_11",2
"25728","virus_comp_2702_cycle_1_3",2
"25729","virus_comp_2704_cycle_1_1",2
"25730","virus_comp_2704_cycle_1_3",2
"25731","virus_comp_2704_cycle_1_4",2
"25732","virus_comp_2704_cycle_1_6",2
"25733","virus_comp_2705_cycle_1_3",2
"25734","virus_comp_2708_cycle_1_1",2
"25735","virus_comp_2708_cycle_1_2",2
"25736","virus_comp_2708_cycle_1_3",2
"25737","virus_comp_2711_cycle_1_9",2
"25738","virus_comp_2714_cycle_1_1",2
"25739","virus_comp_2714_cycle_1_4",2
"25740","virus_comp_2714_cycle_1_5",2
"25741","virus_comp_2719_cycle_1_3",2
"25742","virus_comp_2719_cycle_1_4",2
"25743","virus_comp_2720_cycle_1_1",2
"25744","virus_comp_2721_cycle_1_7",2
"25745","virus_comp_2722_cycle_1_12",2
"25746","virus_comp_2722_cycle_1_3",2
"25747","virus_comp_2722_cycle_1_4",2
"25748","virus_comp_2724_cycle_1_1",2
"25749","virus_comp_2724_cycle_1_6",2
"25750","virus_comp_2724_cycle_1_7",2
"25751","virus_comp_2724_cycle_1_8",2
"25752","virus_comp_2725_cycle_1_1",2
"25753","virus_comp_2725_cycle_1_10",2
"25754","virus_comp_2725_cycle_1_4",2
"25755","virus_comp_2725_cycle_1_8",2
"25756","virus_comp_2727_cycle_1_3",2
"25757","virus_comp_2728_cycle_1_1",2
"25758","virus_comp_2728_cycle_1_3",2
"25759","virus_comp_2729_cycle_1_5",2
"25760","virus_comp_2729_cycle_1_6",2
"25761","virus_comp_2729_cycle_1_8",2
"25762","virus_comp_2729_cycle_1_9",2
"25763","virus_comp_2730_cycle_1_2",2
"25764","virus_comp_2730_cycle_1_4",2
"25765","virus_comp_2730_cycle_1_6",2
"25766","virus_comp_2730_cycle_1_9",2
"25767","virus_comp_2731_cycle_1_3",2
"25768","virus_comp_2734_cycle_1_5",2
"25769","virus_comp_2737_cycle_1_1",2
"25770","virus_comp_2737_cycle_1_2",2
"25771","virus_comp_2737_cycle_1_3",2
"25772","virus_comp_2737_cycle_1_4",2
"25773","virus_comp_2737_cycle_1_5",2
"25774","virus_comp_2737_cycle_1_6",2
"25775","virus_comp_2742_cycle_1_11",2
"25776","virus_comp_2744_cycle_1_11",2
"25777","virus_comp_2744_cycle_1_2",2
"25778","virus_comp_2744_cycle_1_8",2
"25779","virus_comp_2746_cycle_1_2",2
"25780","virus_comp_2746_cycle_1_3",2
"25781","virus_comp_2746_cycle_1_5",2
"25782","virus_comp_2746_cycle_1_6",2
"25783","virus_comp_2753_cycle_1_1",2
"25784","virus_comp_2753_cycle_1_2",2
"25785","virus_comp_2753_cycle_1_3",2
"25786","virus_comp_2753_cycle_1_4",2
"25787","virus_comp_2753_cycle_1_5",2
"25788","virus_comp_2753_cycle_1_7",2
"25789","virus_comp_2753_cycle_1_8",2
"25790","virus_comp_2753_cycle_1_9",2
"25791","virus_comp_2756_cycle_1_8",2
"25792","virus_comp_2757_cycle_1_1",2
"25793","virus_comp_2757_cycle_1_2",2
"25794","virus_comp_2757_cycle_1_4",2
"25795","virus_comp_2758_cycle_1_1",2
"25796","virus_comp_2758_cycle_1_4",2
"25797","virus_comp_2758_cycle_1_6",2
"25798","virus_comp_2758_cycle_1_7",2
"25799","virus_comp_2765_cycle_1_8",2
"25800","virus_comp_2767_cycle_1_7",2
"25801","virus_comp_2767_cycle_1_9",2
"25802","virus_comp_277_cycle_1_1",2
"25803","virus_comp_2774_cycle_1_10",2
"25804","virus_comp_2774_cycle_1_3",2
"25805","virus_comp_2774_cycle_1_4",2
"25806","virus_comp_2774_cycle_1_5",2
"25807","virus_comp_2775_cycle_1_10",2
"25808","virus_comp_2775_cycle_1_5",2
"25809","virus_comp_2776_cycle_1_5",2
"25810","virus_comp_2777_cycle_1_2",2
"25811","virus_comp_2777_cycle_1_3",2
"25812","virus_comp_2777_cycle_1_4",2
"25813","virus_comp_2777_cycle_1_6",2
"25814","virus_comp_2777_cycle_1_7",2
"25815","virus_comp_2777_cycle_1_8",2
"25816","virus_comp_2782_cycle_1_4",2
"25817","virus_comp_2786_cycle_1_3",2
"25818","virus_comp_2786_cycle_1_5",2
"25819","virus_comp_2786_cycle_1_6",2
"25820","virus_comp_2787_cycle_1_3",2
"25821","virus_comp_2787_cycle_1_4",2
"25822","virus_comp_2787_cycle_1_5",2
"25823","virus_comp_2787_cycle_1_6",2
"25824","virus_comp_2787_cycle_1_7",2
"25825","virus_comp_2787_cycle_1_8",2
"25826","virus_comp_2787_cycle_1_9",2
"25827","virus_comp_2788_cycle_1_1",2
"25828","virus_comp_2788_cycle_1_2",2
"25829","virus_comp_2788_cycle_1_3",2
"25830","virus_comp_2791_cycle_1_1",2
"25831","virus_comp_2791_cycle_1_2",2
"25832","virus_comp_2791_cycle_1_5",2
"25833","virus_comp_2791_cycle_1_6",2
"25834","virus_comp_2792_cycle_1_2",2
"25835","virus_comp_2793_cycle_1_10",2
"25836","virus_comp_2793_cycle_1_11",2
"25837","virus_comp_2793_cycle_1_6",2
"25838","virus_comp_2793_cycle_1_9",2
"25839","virus_comp_2794_cycle_1_2",2
"25840","virus_comp_2794_cycle_1_3",2
"25841","virus_comp_2796_cycle_1_1",2
"25842","virus_comp_280_cycle_1_19",2
"25843","virus_comp_280_cycle_1_24",2
"25844","virus_comp_280_cycle_1_25",2
"25845","virus_comp_2801_cycle_1_6",2
"25846","virus_comp_2803_cycle_1_3",2
"25847","virus_comp_2806_cycle_1_1",2
"25848","virus_comp_2806_cycle_1_5",2
"25849","virus_comp_2806_cycle_1_6",2
"25850","virus_comp_2806_cycle_1_8",2
"25851","virus_comp_2806_cycle_1_9",2
"25852","virus_comp_2807_cycle_1_4",2
"25853","virus_comp_2808_cycle_1_1",2
"25854","virus_comp_2808_cycle_1_13",2
"25855","virus_comp_2808_cycle_1_2",2
"25856","virus_comp_2808_cycle_1_6",2
"25857","virus_comp_2808_cycle_1_7",2
"25858","virus_comp_2808_cycle_1_8",2
"25859","virus_comp_2808_cycle_1_9",2
"25860","virus_comp_2809_cycle_1_1",2
"25861","virus_comp_2809_cycle_1_4",2
"25862","virus_comp_2812_cycle_1_4",2
"25863","virus_comp_2813_cycle_1_1",2
"25864","virus_comp_2813_cycle_1_4",2
"25865","virus_comp_2813_cycle_1_5",2
"25866","virus_comp_2814_cycle_1_16",2
"25867","virus_comp_2816_cycle_1_1",2
"25868","virus_comp_2816_cycle_1_3",2
"25869","virus_comp_2816_cycle_1_4",2
"25870","virus_comp_2816_cycle_1_5",2
"25871","virus_comp_2819_cycle_1_3",2
"25872","virus_comp_2819_cycle_1_6",2
"25873","virus_comp_2819_cycle_1_8",2
"25874","virus_comp_2820_cycle_1_2",2
"25875","virus_comp_2820_cycle_1_3",2
"25876","virus_comp_2820_cycle_1_4",2
"25877","virus_comp_2820_cycle_1_5",2
"25878","virus_comp_2822_cycle_1_1",2
"25879","virus_comp_2824_cycle_1_10",2
"25880","virus_comp_2824_cycle_1_2",2
"25881","virus_comp_2824_cycle_1_4",2
"25882","virus_comp_2824_cycle_1_5",2
"25883","virus_comp_2824_cycle_1_6",2
"25884","virus_comp_2825_cycle_1_1",2
"25885","virus_comp_2825_cycle_1_3",2
"25886","virus_comp_2825_cycle_1_7",2
"25887","virus_comp_2828_cycle_1_3",2
"25888","virus_comp_2828_cycle_1_5",2
"25889","virus_comp_2828_cycle_1_6",2
"25890","virus_comp_2828_cycle_1_8",2
"25891","virus_comp_2828_cycle_1_9",2
"25892","virus_comp_2830_cycle_1_3",2
"25893","virus_comp_2831_cycle_1_7",2
"25894","virus_comp_2831_cycle_1_8",2
"25895","virus_comp_2833_cycle_1_3",2
"25896","virus_comp_2833_cycle_1_4",2
"25897","virus_comp_2833_cycle_1_6",2
"25898","virus_comp_2834_cycle_1_1",2
"25899","virus_comp_2834_cycle_1_11",2
"25900","virus_comp_2834_cycle_1_2",2
"25901","virus_comp_2834_cycle_1_7",2
"25902","virus_comp_2835_cycle_1_4",2
"25903","virus_comp_2837_cycle_1_1",2
"25904","virus_comp_2837_cycle_1_2",2
"25905","virus_comp_2837_cycle_1_3",2
"25906","virus_comp_2838_cycle_1_3",2
"25907","virus_comp_2838_cycle_1_4",2
"25908","virus_comp_284_cycle_1_1",2
"25909","virus_comp_284_cycle_1_10",2
"25910","virus_comp_284_cycle_1_11",2
"25911","virus_comp_284_cycle_1_12",2
"25912","virus_comp_284_cycle_1_13",2
"25913","virus_comp_284_cycle_1_14",2
"25914","virus_comp_284_cycle_1_15",2
"25915","virus_comp_284_cycle_1_16",2
"25916","virus_comp_284_cycle_1_17",2
"25917","virus_comp_284_cycle_1_18",2
"25918","virus_comp_284_cycle_1_19",2
"25919","virus_comp_284_cycle_1_2",2
"25920","virus_comp_284_cycle_1_20",2
"25921","virus_comp_284_cycle_1_21",2
"25922","virus_comp_284_cycle_1_22",2
"25923","virus_comp_284_cycle_1_23",2
"25924","virus_comp_284_cycle_1_24",2
"25925","virus_comp_284_cycle_1_25",2
"25926","virus_comp_284_cycle_1_26",2
"25927","virus_comp_284_cycle_1_27",2
"25928","virus_comp_284_cycle_1_28",2
"25929","virus_comp_284_cycle_1_29",2
"25930","virus_comp_284_cycle_1_3",2
"25931","virus_comp_284_cycle_1_30",2
"25932","virus_comp_284_cycle_1_31",2
"25933","virus_comp_284_cycle_1_32",2
"25934","virus_comp_284_cycle_1_33",2
"25935","virus_comp_284_cycle_1_34",2
"25936","virus_comp_284_cycle_1_35",2
"25937","virus_comp_284_cycle_1_36",2
"25938","virus_comp_284_cycle_1_37",2
"25939","virus_comp_284_cycle_1_38",2
"25940","virus_comp_284_cycle_1_39",2
"25941","virus_comp_284_cycle_1_4",2
"25942","virus_comp_284_cycle_1_40",2
"25943","virus_comp_284_cycle_1_41",2
"25944","virus_comp_284_cycle_1_42",2
"25945","virus_comp_284_cycle_1_44",2
"25946","virus_comp_284_cycle_1_45",2
"25947","virus_comp_284_cycle_1_46",2
"25948","virus_comp_284_cycle_1_47",2
"25949","virus_comp_284_cycle_1_48",2
"25950","virus_comp_284_cycle_1_49",2
"25951","virus_comp_284_cycle_1_5",2
"25952","virus_comp_284_cycle_1_50",2
"25953","virus_comp_284_cycle_1_51",2
"25954","virus_comp_284_cycle_1_52",2
"25955","virus_comp_284_cycle_1_53",2
"25956","virus_comp_284_cycle_1_54",2
"25957","virus_comp_284_cycle_1_55",2
"25958","virus_comp_284_cycle_1_56",2
"25959","virus_comp_284_cycle_1_57",2
"25960","virus_comp_284_cycle_1_58",2
"25961","virus_comp_284_cycle_1_59",2
"25962","virus_comp_284_cycle_1_6",2
"25963","virus_comp_284_cycle_1_60",2
"25964","virus_comp_284_cycle_1_61",2
"25965","virus_comp_284_cycle_1_62",2
"25966","virus_comp_284_cycle_1_63",2
"25967","virus_comp_284_cycle_1_64",2
"25968","virus_comp_284_cycle_1_65",2
"25969","virus_comp_284_cycle_1_66",2
"25970","virus_comp_284_cycle_1_67",2
"25971","virus_comp_284_cycle_1_68",2
"25972","virus_comp_284_cycle_1_69",2
"25973","virus_comp_284_cycle_1_7",2
"25974","virus_comp_284_cycle_1_70",2
"25975","virus_comp_284_cycle_1_71",2
"25976","virus_comp_284_cycle_1_72",2
"25977","virus_comp_284_cycle_1_73",2
"25978","virus_comp_284_cycle_1_74",2
"25979","virus_comp_284_cycle_1_75",2
"25980","virus_comp_284_cycle_1_76",2
"25981","virus_comp_284_cycle_1_77",2
"25982","virus_comp_284_cycle_1_78",2
"25983","virus_comp_284_cycle_1_79",2
"25984","virus_comp_284_cycle_1_8",2
"25985","virus_comp_284_cycle_1_80",2
"25986","virus_comp_284_cycle_1_82",2
"25987","virus_comp_284_cycle_1_83",2
"25988","virus_comp_284_cycle_1_84",2
"25989","virus_comp_284_cycle_1_85",2
"25990","virus_comp_284_cycle_1_86",2
"25991","virus_comp_284_cycle_1_87",2
"25992","virus_comp_284_cycle_1_88",2
"25993","virus_comp_284_cycle_1_89",2
"25994","virus_comp_284_cycle_1_9",2
"25995","virus_comp_284_cycle_1_90",2
"25996","virus_comp_284_cycle_1_91",2
"25997","virus_comp_2844_cycle_1_3",2
"25998","virus_comp_2844_cycle_1_8",2
"25999","virus_comp_2844_cycle_1_9",2
"26000","virus_comp_2846_cycle_1_3",2
"26001","virus_comp_2849_cycle_1_10",2
"26002","virus_comp_285_cycle_1_100",2
"26003","virus_comp_285_cycle_1_106",2
"26004","virus_comp_285_cycle_1_107",2
"26005","virus_comp_285_cycle_1_115",2
"26006","virus_comp_285_cycle_1_117",2
"26007","virus_comp_285_cycle_1_119",2
"26008","virus_comp_285_cycle_1_12",2
"26009","virus_comp_285_cycle_1_121",2
"26010","virus_comp_285_cycle_1_122",2
"26011","virus_comp_285_cycle_1_127",2
"26012","virus_comp_285_cycle_1_13",2
"26013","virus_comp_285_cycle_1_14",2
"26014","virus_comp_285_cycle_1_15",2
"26015","virus_comp_285_cycle_1_18",2
"26016","virus_comp_285_cycle_1_25",2
"26017","virus_comp_285_cycle_1_28",2
"26018","virus_comp_285_cycle_1_30",2
"26019","virus_comp_285_cycle_1_33",2
"26020","virus_comp_285_cycle_1_40",2
"26021","virus_comp_285_cycle_1_43",2
"26022","virus_comp_285_cycle_1_44",2
"26023","virus_comp_285_cycle_1_45",2
"26024","virus_comp_285_cycle_1_50",2
"26025","virus_comp_285_cycle_1_51",2
"26026","virus_comp_285_cycle_1_55",2
"26027","virus_comp_285_cycle_1_56",2
"26028","virus_comp_285_cycle_1_57",2
"26029","virus_comp_285_cycle_1_62",2
"26030","virus_comp_285_cycle_1_64",2
"26031","virus_comp_285_cycle_1_65",2
"26032","virus_comp_285_cycle_1_70",2
"26033","virus_comp_285_cycle_1_72",2
"26034","virus_comp_285_cycle_1_73",2
"26035","virus_comp_285_cycle_1_74",2
"26036","virus_comp_285_cycle_1_75",2
"26037","virus_comp_285_cycle_1_77",2
"26038","virus_comp_285_cycle_1_78",2
"26039","virus_comp_285_cycle_1_80",2
"26040","virus_comp_285_cycle_1_81",2
"26041","virus_comp_285_cycle_1_83",2
"26042","virus_comp_285_cycle_1_86",2
"26043","virus_comp_285_cycle_1_9",2
"26044","virus_comp_285_cycle_1_93",2
"26045","virus_comp_285_cycle_1_99",2
"26046","virus_comp_2853_cycle_1_2",2
"26047","virus_comp_2853_cycle_1_3",2
"26048","virus_comp_2853_cycle_1_4",2
"26049","virus_comp_2853_cycle_1_5",2
"26050","virus_comp_2853_cycle_1_6",2
"26051","virus_comp_2853_cycle_1_7",2
"26052","virus_comp_2856_cycle_1_2",2
"26053","virus_comp_2856_cycle_1_4",2
"26054","virus_comp_2856_cycle_1_5",2
"26055","virus_comp_2863_cycle_1_2",2
"26056","virus_comp_2865_cycle_1_1",2
"26057","virus_comp_2865_cycle_1_4",2
"26058","virus_comp_2865_cycle_1_5",2
"26059","virus_comp_2865_cycle_1_6",2
"26060","virus_comp_2875_cycle_1_1",2
"26061","virus_comp_2876_cycle_1_2",2
"26062","virus_comp_2876_cycle_1_5",2
"26063","virus_comp_2882_cycle_1_6",2
"26064","virus_comp_2883_cycle_1_2",2
"26065","virus_comp_2883_cycle_1_4",2
"26066","virus_comp_2885_cycle_1_3",2
"26067","virus_comp_2885_cycle_1_6",2
"26068","virus_comp_2886_cycle_1_7",2
"26069","virus_comp_2889_cycle_1_7",2
"26070","virus_comp_2893_cycle_1_4",2
"26071","virus_comp_2898_cycle_1_2",2
"26072","virus_comp_29_cycle_1_10",2
"26073","virus_comp_29_cycle_1_11",2
"26074","virus_comp_29_cycle_1_12",2
"26075","virus_comp_29_cycle_1_21",2
"26076","virus_comp_29_cycle_1_22",2
"26077","virus_comp_29_cycle_1_23",2
"26078","virus_comp_29_cycle_1_3",2
"26079","virus_comp_29_cycle_1_32",2
"26080","virus_comp_29_cycle_1_33",2
"26081","virus_comp_29_cycle_1_36",2
"26082","virus_comp_29_cycle_1_40",2
"26083","virus_comp_29_cycle_1_50",2
"26084","virus_comp_29_cycle_1_54",2
"26085","virus_comp_29_cycle_1_59",2
"26086","virus_comp_29_cycle_1_61",2
"26087","virus_comp_29_cycle_1_63",2
"26088","virus_comp_29_cycle_1_65",2
"26089","virus_comp_29_cycle_1_70",2
"26090","virus_comp_29_cycle_1_77",2
"26091","virus_comp_29_cycle_1_79",2
"26092","virus_comp_29_cycle_1_81",2
"26093","virus_comp_29_cycle_1_87",2
"26094","virus_comp_29_cycle_1_88",2
"26095","virus_comp_29_cycle_1_92",2
"26096","virus_comp_29_cycle_1_94",2
"26097","virus_comp_2900_cycle_1_2",2
"26098","virus_comp_2902_cycle_1_3",2
"26099","virus_comp_2902_cycle_1_6",2
"26100","virus_comp_2902_cycle_1_7",2
"26101","virus_comp_2902_cycle_1_8",2
"26102","virus_comp_2905_cycle_1_11",2
"26103","virus_comp_2905_cycle_1_15",2
"26104","virus_comp_2905_cycle_1_3",2
"26105","virus_comp_2905_cycle_1_4",2
"26106","virus_comp_2905_cycle_1_5",2
"26107","virus_comp_2905_cycle_1_6",2
"26108","virus_comp_2905_cycle_1_7",2
"26109","virus_comp_2905_cycle_1_8",2
"26110","virus_comp_2905_cycle_1_9",2
"26111","virus_comp_2908_cycle_1_2",2
"26112","virus_comp_2909_cycle_1_2",2
"26113","virus_comp_2910_cycle_1_2",2
"26114","virus_comp_2918_cycle_1_5",2
"26115","virus_comp_2918_cycle_1_7",2
"26116","virus_comp_2918_cycle_1_8",2
"26117","virus_comp_2918_cycle_1_9",2
"26118","virus_comp_2923_cycle_1_6",2
"26119","virus_comp_2925_cycle_1_10",2
"26120","virus_comp_2925_cycle_1_4",2
"26121","virus_comp_2925_cycle_1_5",2
"26122","virus_comp_2925_cycle_1_6",2
"26123","virus_comp_2925_cycle_1_7",2
"26124","virus_comp_2928_cycle_1_6",2
"26125","virus_comp_2928_cycle_1_8",2
"26126","virus_comp_293_cycle_1_2",2
"26127","virus_comp_2931_cycle_1_10",2
"26128","virus_comp_2931_cycle_1_7",2
"26129","virus_comp_2937_cycle_1_1",2
"26130","virus_comp_2937_cycle_1_3",2
"26131","virus_comp_2937_cycle_1_4",2
"26132","virus_comp_2937_cycle_1_5",2
"26133","virus_comp_2937_cycle_1_6",2
"26134","virus_comp_2938_cycle_1_4",2
"26135","virus_comp_2938_cycle_1_5",2
"26136","virus_comp_2939_cycle_1_1",2
"26137","virus_comp_2939_cycle_1_2",2
"26138","virus_comp_2939_cycle_1_4",2
"26139","virus_comp_2943_cycle_1_1",2
"26140","virus_comp_2943_cycle_1_3",2
"26141","virus_comp_2943_cycle_1_5",2
"26142","virus_comp_2944_cycle_1_5",2
"26143","virus_comp_2946_cycle_1_10",2
"26144","virus_comp_2946_cycle_1_11",2
"26145","virus_comp_2946_cycle_1_12",2
"26146","virus_comp_2946_cycle_1_3",2
"26147","virus_comp_2946_cycle_1_6",2
"26148","virus_comp_2950_cycle_1_5",2
"26149","virus_comp_2952_cycle_1_8",2
"26150","virus_comp_2955_cycle_1_8",2
"26151","virus_comp_2957_cycle_1_4",2
"26152","virus_comp_2957_cycle_1_6",2
"26153","virus_comp_2957_cycle_1_7",2
"26154","virus_comp_2957_cycle_1_8",2
"26155","virus_comp_2962_cycle_1_1",2
"26156","virus_comp_2963_cycle_1_12",2
"26157","virus_comp_2967_cycle_1_1",2
"26158","virus_comp_2967_cycle_1_3",2
"26159","virus_comp_2967_cycle_1_4",2
"26160","virus_comp_2967_cycle_1_6",2
"26161","virus_comp_2967_cycle_1_7",2
"26162","virus_comp_2968_cycle_1_6",2
"26163","virus_comp_2969_cycle_1_1",2
"26164","virus_comp_2969_cycle_1_10",2
"26165","virus_comp_2969_cycle_1_11",2
"26166","virus_comp_2969_cycle_1_14",2
"26167","virus_comp_2969_cycle_1_4",2
"26168","virus_comp_2970_cycle_1_2",2
"26169","virus_comp_2970_cycle_1_3",2
"26170","virus_comp_2972_cycle_1_2",2
"26171","virus_comp_2972_cycle_1_4",2
"26172","virus_comp_2972_cycle_1_6",2
"26173","virus_comp_2973_cycle_1_10",2
"26174","virus_comp_2979_cycle_1_3",2
"26175","virus_comp_2979_cycle_1_4",2
"26176","virus_comp_2980_cycle_1_11",2
"26177","virus_comp_2980_cycle_1_3",2
"26178","virus_comp_2981_cycle_1_5",2
"26179","virus_comp_2981_cycle_1_6",2
"26180","virus_comp_2981_cycle_1_7",2
"26181","virus_comp_2983_cycle_1_1",2
"26182","virus_comp_2983_cycle_1_4",2
"26183","virus_comp_2983_cycle_1_5",2
"26184","virus_comp_2983_cycle_1_6",2
"26185","virus_comp_2983_cycle_1_7",2
"26186","virus_comp_2984_cycle_1_2",2
"26187","virus_comp_2984_cycle_1_4",2
"26188","virus_comp_2984_cycle_1_5",2
"26189","virus_comp_2984_cycle_1_6",2
"26190","virus_comp_2986_cycle_1_10",2
"26191","virus_comp_2986_cycle_1_7",2
"26192","virus_comp_2986_cycle_1_8",2
"26193","virus_comp_2988_cycle_1_1",2
"26194","virus_comp_2988_cycle_1_10",2
"26195","virus_comp_2988_cycle_1_2",2
"26196","virus_comp_2988_cycle_1_7",2
"26197","virus_comp_2988_cycle_1_8",2
"26198","virus_comp_2988_cycle_1_9",2
"26199","virus_comp_2990_cycle_1_3",2
"26200","virus_comp_2990_cycle_1_5",2
"26201","virus_comp_2990_cycle_1_6",2
"26202","virus_comp_2994_cycle_1_1",2
"26203","virus_comp_2994_cycle_1_3",2
"26204","virus_comp_2996_cycle_1_3",2
"26205","virus_comp_2996_cycle_1_5",2
"26206","virus_comp_2996_cycle_1_6",2
"26207","virus_comp_2996_cycle_1_7",2
"26208","virus_comp_2996_cycle_1_9",2
"26209","virus_comp_2997_cycle_1_1",2
"26210","virus_comp_2997_cycle_1_2",2
"26211","virus_comp_3_cycle_1_5",2
"26212","virus_comp_3003_cycle_1_5",2
"26213","virus_comp_3003_cycle_1_7",2
"26214","virus_comp_3007_cycle_1_1",2
"26215","virus_comp_3007_cycle_1_3",2
"26216","virus_comp_3007_cycle_1_4",2
"26217","virus_comp_3015_cycle_1_1",2
"26218","virus_comp_3015_cycle_1_2",2
"26219","virus_comp_3015_cycle_1_3",2
"26220","virus_comp_3015_cycle_1_4",2
"26221","virus_comp_3015_cycle_1_5",2
"26222","virus_comp_3015_cycle_1_7",2
"26223","virus_comp_3015_cycle_1_8",2
"26224","virus_comp_302_cycle_1_1",2
"26225","virus_comp_3022_cycle_1_4",2
"26226","virus_comp_3023_cycle_1_2",2
"26227","virus_comp_3023_cycle_1_8",2
"26228","virus_comp_3025_cycle_1_4",2
"26229","virus_comp_3025_cycle_1_7",2
"26230","virus_comp_3026_cycle_1_1",2
"26231","virus_comp_3029_cycle_1_5",2
"26232","virus_comp_3029_cycle_1_7",2
"26233","virus_comp_3030_cycle_1_4",2
"26234","virus_comp_3030_cycle_1_6",2
"26235","virus_comp_3031_cycle_1_4",2
"26236","virus_comp_3031_cycle_1_6",2
"26237","virus_comp_3031_cycle_1_7",2
"26238","virus_comp_3031_cycle_1_8",2
"26239","virus_comp_3033_cycle_1_4",2
"26240","virus_comp_3035_cycle_1_2",2
"26241","virus_comp_3035_cycle_1_3",2
"26242","virus_comp_3035_cycle_1_4",2
"26243","virus_comp_3035_cycle_1_5",2
"26244","virus_comp_3037_cycle_1_1",2
"26245","virus_comp_3041_cycle_1_2",2
"26246","virus_comp_3041_cycle_1_6",2
"26247","virus_comp_3042_cycle_1_10",2
"26248","virus_comp_3042_cycle_1_4",2
"26249","virus_comp_3042_cycle_1_5",2
"26250","virus_comp_3042_cycle_1_6",2
"26251","virus_comp_3042_cycle_1_7",2
"26252","virus_comp_3044_cycle_1_10",2
"26253","virus_comp_3044_cycle_1_7",2
"26254","virus_comp_3044_cycle_1_9",2
"26255","virus_comp_3046_cycle_1_11",2
"26256","virus_comp_3046_cycle_1_12",2
"26257","virus_comp_3046_cycle_1_7",2
"26258","virus_comp_3046_cycle_1_8",2
"26259","virus_comp_3047_cycle_1_4",2
"26260","virus_comp_3047_cycle_1_5",2
"26261","virus_comp_3047_cycle_1_7",2
"26262","virus_comp_305_cycle_1_1",2
"26263","virus_comp_3051_cycle_1_1",2
"26264","virus_comp_3051_cycle_1_3",2
"26265","virus_comp_3051_cycle_1_4",2
"26266","virus_comp_3051_cycle_1_5",2
"26267","virus_comp_3051_cycle_1_7",2
"26268","virus_comp_3052_cycle_1_2",2
"26269","virus_comp_3052_cycle_1_3",2
"26270","virus_comp_3054_cycle_1_4",2
"26271","virus_comp_3054_cycle_1_5",2
"26272","virus_comp_3054_cycle_1_8",2
"26273","virus_comp_3054_cycle_1_9",2
"26274","virus_comp_3055_cycle_1_2",2
"26275","virus_comp_3055_cycle_1_3",2
"26276","virus_comp_3058_cycle_1_2",2
"26277","virus_comp_3061_cycle_1_3",2
"26278","virus_comp_3061_cycle_1_6",2
"26279","virus_comp_3061_cycle_1_7",2
"26280","virus_comp_3062_cycle_1_1",2
"26281","virus_comp_3062_cycle_1_2",2
"26282","virus_comp_3062_cycle_1_3",2
"26283","virus_comp_3062_cycle_1_4",2
"26284","virus_comp_3065_cycle_1_1",2
"26285","virus_comp_3067_cycle_1_2",2
"26286","virus_comp_3067_cycle_1_5",2
"26287","virus_comp_3067_cycle_1_7",2
"26288","virus_comp_3067_cycle_1_9",2
"26289","virus_comp_3071_cycle_1_2",2
"26290","virus_comp_3071_cycle_1_5",2
"26291","virus_comp_3071_cycle_1_7",2
"26292","virus_comp_3075_cycle_1_2",2
"26293","virus_comp_3075_cycle_1_6",2
"26294","virus_comp_3075_cycle_1_8",2
"26295","virus_comp_3083_cycle_1_2",2
"26296","virus_comp_3083_cycle_1_3",2
"26297","virus_comp_3085_cycle_1_4",2
"26298","virus_comp_3087_cycle_1_1",2
"26299","virus_comp_3087_cycle_1_2",2
"26300","virus_comp_3087_cycle_1_3",2
"26301","virus_comp_3087_cycle_1_4",2
"26302","virus_comp_3087_cycle_1_5",2
"26303","virus_comp_3087_cycle_1_6",2
"26304","virus_comp_3089_cycle_1_6",2
"26305","virus_comp_3093_cycle_1_1",2
"26306","virus_comp_3093_cycle_1_9",2
"26307","virus_comp_3094_cycle_1_1",2
"26308","virus_comp_3094_cycle_1_3",2
"26309","virus_comp_3094_cycle_1_5",2
"26310","virus_comp_3099_cycle_1_14",2
"26311","virus_comp_3099_cycle_1_8",2
"26312","virus_comp_3104_cycle_1_4",2
"26313","virus_comp_3104_cycle_1_7",2
"26314","virus_comp_3109_cycle_1_2",2
"26315","virus_comp_3109_cycle_1_4",2
"26316","virus_comp_3114_cycle_1_1",2
"26317","virus_comp_3114_cycle_1_5",2
"26318","virus_comp_3114_cycle_1_7",2
"26319","virus_comp_3114_cycle_1_9",2
"26320","virus_comp_3117_cycle_1_1",2
"26321","virus_comp_3117_cycle_1_3",2
"26322","virus_comp_3117_cycle_1_4",2
"26323","virus_comp_3117_cycle_1_7",2
"26324","virus_comp_3121_cycle_1_1",2
"26325","virus_comp_3123_cycle_1_2",2
"26326","virus_comp_3123_cycle_1_3",2
"26327","virus_comp_3123_cycle_1_4",2
"26328","virus_comp_3123_cycle_1_6",2
"26329","virus_comp_3123_cycle_1_7",2
"26330","virus_comp_3123_cycle_1_8",2
"26331","virus_comp_3123_cycle_1_9",2
"26332","virus_comp_3127_cycle_1_6",2
"26333","virus_comp_3129_cycle_1_3",2
"26334","virus_comp_3129_cycle_1_6",2
"26335","virus_comp_3131_cycle_1_5",2
"26336","virus_comp_3141_cycle_1_1",2
"26337","virus_comp_3141_cycle_1_2",2
"26338","virus_comp_3141_cycle_1_3",2
"26339","virus_comp_3146_cycle_1_4",2
"26340","virus_comp_3146_cycle_1_5",2
"26341","virus_comp_3146_cycle_1_8",2
"26342","virus_comp_3148_cycle_1_1",2
"26343","virus_comp_3148_cycle_1_2",2
"26344","virus_comp_3149_cycle_1_5",2
"26345","virus_comp_3149_cycle_1_7",2
"26346","virus_comp_3151_cycle_1_2",2
"26347","virus_comp_3151_cycle_1_3",2
"26348","virus_comp_3151_cycle_1_6",2
"26349","virus_comp_3151_cycle_1_7",2
"26350","virus_comp_3151_cycle_1_8",2
"26351","virus_comp_3151_cycle_1_9",2
"26352","virus_comp_3152_cycle_1_12",2
"26353","virus_comp_3152_cycle_1_2",2
"26354","virus_comp_3153_cycle_1_4",2
"26355","virus_comp_3153_cycle_1_5",2
"26356","virus_comp_3154_cycle_1_1",2
"26357","virus_comp_3154_cycle_1_3",2
"26358","virus_comp_3154_cycle_1_4",2
"26359","virus_comp_3154_cycle_1_5",2
"26360","virus_comp_3155_cycle_1_1",2
"26361","virus_comp_3157_cycle_1_1",2
"26362","virus_comp_3157_cycle_1_11",2
"26363","virus_comp_3162_cycle_1_3",2
"26364","virus_comp_3162_cycle_1_5",2
"26365","virus_comp_3162_cycle_1_6",2
"26366","virus_comp_3166_cycle_1_2",2
"26367","virus_comp_3166_cycle_1_3",2
"26368","virus_comp_3166_cycle_1_5",2
"26369","virus_comp_3166_cycle_1_7",2
"26370","virus_comp_3166_cycle_1_9",2
"26371","virus_comp_3170_cycle_1_4",2
"26372","virus_comp_3170_cycle_1_5",2
"26373","virus_comp_3170_cycle_1_9",2
"26374","virus_comp_3172_cycle_1_2",2
"26375","virus_comp_3172_cycle_1_4",2
"26376","virus_comp_3172_cycle_1_5",2
"26377","virus_comp_318_cycle_1_1",2
"26378","virus_comp_318_cycle_1_10",2
"26379","virus_comp_318_cycle_1_105",2
"26380","virus_comp_318_cycle_1_106",2
"26381","virus_comp_318_cycle_1_107",2
"26382","virus_comp_318_cycle_1_112",2
"26383","virus_comp_318_cycle_1_113",2
"26384","virus_comp_318_cycle_1_114",2
"26385","virus_comp_318_cycle_1_117",2
"26386","virus_comp_318_cycle_1_118",2
"26387","virus_comp_318_cycle_1_119",2
"26388","virus_comp_318_cycle_1_12",2
"26389","virus_comp_318_cycle_1_121",2
"26390","virus_comp_318_cycle_1_122",2
"26391","virus_comp_318_cycle_1_123",2
"26392","virus_comp_318_cycle_1_26",2
"26393","virus_comp_318_cycle_1_33",2
"26394","virus_comp_318_cycle_1_34",2
"26395","virus_comp_318_cycle_1_78",2
"26396","virus_comp_318_cycle_1_79",2
"26397","virus_comp_318_cycle_1_80",2
"26398","virus_comp_318_cycle_1_95",2
"26399","virus_comp_318_cycle_1_98",2
"26400","virus_comp_3189_cycle_1_2",2
"26401","virus_comp_3189_cycle_1_3",2
"26402","virus_comp_3189_cycle_1_4",2
"26403","virus_comp_3192_cycle_1_5",2
"26404","virus_comp_3195_cycle_1_4",2
"26405","virus_comp_3197_cycle_1_4",2
"26406","virus_comp_3197_cycle_1_5",2
"26407","virus_comp_3200_cycle_1_1",2
"26408","virus_comp_3201_cycle_1_1",2
"26409","virus_comp_3201_cycle_1_2",2
"26410","virus_comp_3201_cycle_1_3",2
"26411","virus_comp_3201_cycle_1_4",2
"26412","virus_comp_3201_cycle_1_5",2
"26413","virus_comp_3204_cycle_1_3",2
"26414","virus_comp_3204_cycle_1_5",2
"26415","virus_comp_3204_cycle_1_8",2
"26416","virus_comp_3206_cycle_1_5",2
"26417","virus_comp_3208_cycle_1_1",2
"26418","virus_comp_3210_cycle_1_3",2
"26419","virus_comp_3212_cycle_1_5",2
"26420","virus_comp_3212_cycle_1_6",2
"26421","virus_comp_3216_cycle_1_2",2
"26422","virus_comp_3225_cycle_1_11",2
"26423","virus_comp_3225_cycle_1_6",2
"26424","virus_comp_3225_cycle_1_7",2
"26425","virus_comp_3226_cycle_1_10",2
"26426","virus_comp_3226_cycle_1_2",2
"26427","virus_comp_3226_cycle_1_5",2
"26428","virus_comp_3229_cycle_1_1",2
"26429","virus_comp_3229_cycle_1_4",2
"26430","virus_comp_3229_cycle_1_6",2
"26431","virus_comp_3232_cycle_1_1",2
"26432","virus_comp_3232_cycle_1_4",2
"26433","virus_comp_3232_cycle_1_5",2
"26434","virus_comp_3232_cycle_1_6",2
"26435","virus_comp_3232_cycle_1_7",2
"26436","virus_comp_3233_cycle_1_1",2
"26437","virus_comp_3233_cycle_1_7",2
"26438","virus_comp_3235_cycle_1_3",2
"26439","virus_comp_324_cycle_1_3",2
"26440","virus_comp_3240_cycle_1_2",2
"26441","virus_comp_3240_cycle_1_5",2
"26442","virus_comp_325_cycle_1_1",2
"26443","virus_comp_3253_cycle_1_2",2
"26444","virus_comp_3257_cycle_1_2",2
"26445","virus_comp_3257_cycle_1_3",2
"26446","virus_comp_3257_cycle_1_4",2
"26447","virus_comp_3257_cycle_1_5",2
"26448","virus_comp_3259_cycle_1_2",2
"26449","virus_comp_3259_cycle_1_4",2
"26450","virus_comp_3260_cycle_1_1",2
"26451","virus_comp_3260_cycle_1_10",2
"26452","virus_comp_3260_cycle_1_5",2
"26453","virus_comp_3260_cycle_1_8",2
"26454","virus_comp_3262_cycle_1_3",2
"26455","virus_comp_3262_cycle_1_4",2
"26456","virus_comp_3264_cycle_1_3",2
"26457","virus_comp_3274_cycle_1_2",2
"26458","virus_comp_3274_cycle_1_5",2
"26459","virus_comp_3275_cycle_1_1",2
"26460","virus_comp_3275_cycle_1_3",2
"26461","virus_comp_3275_cycle_1_8",2
"26462","virus_comp_3277_cycle_1_10",2
"26463","virus_comp_3277_cycle_1_11",2
"26464","virus_comp_3277_cycle_1_12",2
"26465","virus_comp_3277_cycle_1_2",2
"26466","virus_comp_3277_cycle_1_4",2
"26467","virus_comp_3277_cycle_1_6",2
"26468","virus_comp_3277_cycle_1_7",2
"26469","virus_comp_3277_cycle_1_8",2
"26470","virus_comp_3277_cycle_1_9",2
"26471","virus_comp_3279_cycle_1_3",2
"26472","virus_comp_3279_cycle_1_5",2
"26473","virus_comp_3279_cycle_1_6",2
"26474","virus_comp_3281_cycle_1_1",2
"26475","virus_comp_3281_cycle_1_5",2
"26476","virus_comp_3281_cycle_1_8",2
"26477","virus_comp_3286_cycle_1_3",2
"26478","virus_comp_3286_cycle_1_5",2
"26479","virus_comp_3286_cycle_1_6",2
"26480","virus_comp_3288_cycle_1_10",2
"26481","virus_comp_3295_cycle_1_4",2
"26482","virus_comp_3297_cycle_1_1",2
"26483","virus_comp_3297_cycle_1_4",2
"26484","virus_comp_330_cycle_1_109",2
"26485","virus_comp_330_cycle_1_111",2
"26486","virus_comp_330_cycle_1_33",2
"26487","virus_comp_330_cycle_1_34",2
"26488","virus_comp_330_cycle_1_45",2
"26489","virus_comp_330_cycle_1_47",2
"26490","virus_comp_330_cycle_1_63",2
"26491","virus_comp_330_cycle_1_67",2
"26492","virus_comp_330_cycle_1_69",2
"26493","virus_comp_330_cycle_1_71",2
"26494","virus_comp_3301_cycle_1_3",2
"26495","virus_comp_3301_cycle_1_5",2
"26496","virus_comp_3301_cycle_1_7",2
"26497","virus_comp_3301_cycle_1_9",2
"26498","virus_comp_3307_cycle_1_1",2
"26499","virus_comp_3308_cycle_1_1",2
"26500","virus_comp_3308_cycle_1_2",2
"26501","virus_comp_3308_cycle_1_3",2
"26502","virus_comp_3309_cycle_1_1",2
"26503","virus_comp_3309_cycle_1_2",2
"26504","virus_comp_3311_cycle_1_3",2
"26505","virus_comp_3311_cycle_1_7",2
"26506","virus_comp_3313_cycle_1_10",2
"26507","virus_comp_3313_cycle_1_11",2
"26508","virus_comp_3313_cycle_1_12",2
"26509","virus_comp_3313_cycle_1_2",2
"26510","virus_comp_3313_cycle_1_4",2
"26511","virus_comp_3313_cycle_1_5",2
"26512","virus_comp_3313_cycle_1_6",2
"26513","virus_comp_3315_cycle_1_3",2
"26514","virus_comp_3315_cycle_1_4",2
"26515","virus_comp_3315_cycle_1_5",2
"26516","virus_comp_3315_cycle_1_6",2
"26517","virus_comp_3315_cycle_1_7",2
"26518","virus_comp_3320_cycle_1_2",2
"26519","virus_comp_3320_cycle_1_3",2
"26520","virus_comp_3320_cycle_1_4",2
"26521","virus_comp_3320_cycle_1_6",2
"26522","virus_comp_3320_cycle_1_7",2
"26523","virus_comp_3322_cycle_1_2",2
"26524","virus_comp_3322_cycle_1_6",2
"26525","virus_comp_3338_cycle_1_1",2
"26526","virus_comp_3347_cycle_1_4",2
"26527","virus_comp_3347_cycle_1_5",2
"26528","virus_comp_335_cycle_1_13",2
"26529","virus_comp_335_cycle_1_4",2
"26530","virus_comp_3351_cycle_1_1",2
"26531","virus_comp_3351_cycle_1_3",2
"26532","virus_comp_3351_cycle_1_5",2
"26533","virus_comp_3351_cycle_1_7",2
"26534","virus_comp_3352_cycle_1_5",2
"26535","virus_comp_3353_cycle_1_2",2
"26536","virus_comp_3357_cycle_1_10",2
"26537","virus_comp_3357_cycle_1_2",2
"26538","virus_comp_3357_cycle_1_3",2
"26539","virus_comp_3357_cycle_1_5",2
"26540","virus_comp_3357_cycle_1_7",2
"26541","virus_comp_3357_cycle_1_9",2
"26542","virus_comp_3358_cycle_1_4",2
"26543","virus_comp_3358_cycle_1_6",2
"26544","virus_comp_3359_cycle_1_6",2
"26545","virus_comp_3359_cycle_1_7",2
"26546","virus_comp_3359_cycle_1_9",2
"26547","virus_comp_336_cycle_1_11",2
"26548","virus_comp_336_cycle_1_7",2
"26549","virus_comp_3360_cycle_1_1",2
"26550","virus_comp_3360_cycle_1_2",2
"26551","virus_comp_3360_cycle_1_3",2
"26552","virus_comp_3365_cycle_1_1",2
"26553","virus_comp_3367_cycle_1_2",2
"26554","virus_comp_3371_cycle_1_1",2
"26555","virus_comp_3371_cycle_1_5",2
"26556","virus_comp_3378_cycle_1_10",2
"26557","virus_comp_3378_cycle_1_2",2
"26558","virus_comp_3378_cycle_1_9",2
"26559","virus_comp_3381_cycle_1_5",2
"26560","virus_comp_3381_cycle_1_7",2
"26561","virus_comp_3382_cycle_1_1",2
"26562","virus_comp_3382_cycle_1_2",2
"26563","virus_comp_3382_cycle_1_3",2
"26564","virus_comp_3382_cycle_1_4",2
"26565","virus_comp_3386_cycle_1_5",2
"26566","virus_comp_3386_cycle_1_6",2
"26567","virus_comp_3386_cycle_1_8",2
"26568","virus_comp_3389_cycle_1_2",2
"26569","virus_comp_3390_cycle_1_4",2
"26570","virus_comp_3390_cycle_1_7",2
"26571","virus_comp_3392_cycle_1_1",2
"26572","virus_comp_3392_cycle_1_4",2
"26573","virus_comp_3395_cycle_1_2",2
"26574","virus_comp_3395_cycle_1_3",2
"26575","virus_comp_3395_cycle_1_4",2
"26576","virus_comp_3396_cycle_1_5",2
"26577","virus_comp_3400_cycle_1_4",2
"26578","virus_comp_3404_cycle_1_1",2
"26579","virus_comp_3404_cycle_1_5",2
"26580","virus_comp_3405_cycle_1_2",2
"26581","virus_comp_3409_cycle_1_7",2
"26582","virus_comp_3414_cycle_1_2",2
"26583","virus_comp_3417_cycle_1_1",2
"26584","virus_comp_3417_cycle_1_3",2
"26585","virus_comp_3420_cycle_1_4",2
"26586","virus_comp_3421_cycle_1_1",2
"26587","virus_comp_3434_cycle_1_6",2
"26588","virus_comp_3438_cycle_1_1",2
"26589","virus_comp_3438_cycle_1_2",2
"26590","virus_comp_3438_cycle_1_3",2
"26591","virus_comp_3440_cycle_1_4",2
"26592","virus_comp_3442_cycle_1_1",2
"26593","virus_comp_3442_cycle_1_4",2
"26594","virus_comp_3443_cycle_1_12",2
"26595","virus_comp_3443_cycle_1_4",2
"26596","virus_comp_3443_cycle_1_6",2
"26597","virus_comp_3443_cycle_1_7",2
"26598","virus_comp_3443_cycle_1_9",2
"26599","virus_comp_3447_cycle_1_4",2
"26600","virus_comp_3453_cycle_1_2",2
"26601","virus_comp_3453_cycle_1_3",2
"26602","virus_comp_3453_cycle_1_5",2
"26603","virus_comp_3453_cycle_1_6",2
"26604","virus_comp_3456_cycle_1_3",2
"26605","virus_comp_3456_cycle_1_4",2
"26606","virus_comp_3457_cycle_1_8",2
"26607","virus_comp_3458_cycle_1_3",2
"26608","virus_comp_3459_cycle_1_2",2
"26609","virus_comp_3472_cycle_1_3",2
"26610","virus_comp_3480_cycle_1_1",2
"26611","virus_comp_3480_cycle_1_2",2
"26612","virus_comp_3480_cycle_1_3",2
"26613","virus_comp_3483_cycle_1_3",2
"26614","virus_comp_3485_cycle_1_1",2
"26615","virus_comp_3485_cycle_1_2",2
"26616","virus_comp_349_cycle_1_1",2
"26617","virus_comp_349_cycle_1_2",2
"26618","virus_comp_349_cycle_1_3",2
"26619","virus_comp_3493_cycle_1_4",2
"26620","virus_comp_3493_cycle_1_5",2
"26621","virus_comp_3493_cycle_1_6",2
"26622","virus_comp_3496_cycle_1_1",2
"26623","virus_comp_3496_cycle_1_2",2
"26624","virus_comp_3496_cycle_1_3",2
"26625","virus_comp_3498_cycle_1_1",2
"26626","virus_comp_3500_cycle_1_5",2
"26627","virus_comp_3500_cycle_1_8",2
"26628","virus_comp_3501_cycle_1_1",2
"26629","virus_comp_3501_cycle_1_2",2
"26630","virus_comp_3504_cycle_1_2",2
"26631","virus_comp_3504_cycle_1_4",2
"26632","virus_comp_3504_cycle_1_6",2
"26633","virus_comp_3508_cycle_1_1",2
"26634","virus_comp_3508_cycle_1_4",2
"26635","virus_comp_3508_cycle_1_8",2
"26636","virus_comp_3510_cycle_1_1",2
"26637","virus_comp_3510_cycle_1_2",2
"26638","virus_comp_3510_cycle_1_3",2
"26639","virus_comp_3514_cycle_1_2",2
"26640","virus_comp_3514_cycle_1_3",2
"26641","virus_comp_3515_cycle_1_1",2
"26642","virus_comp_3515_cycle_1_4",2
"26643","virus_comp_3519_cycle_1_1",2
"26644","virus_comp_3519_cycle_1_2",2
"26645","virus_comp_3519_cycle_1_4",2
"26646","virus_comp_3519_cycle_1_8",2
"26647","virus_comp_3522_cycle_1_4",2
"26648","virus_comp_3522_cycle_1_5",2
"26649","virus_comp_3522_cycle_1_6",2
"26650","virus_comp_3526_cycle_1_4",2
"26651","virus_comp_3526_cycle_1_8",2
"26652","virus_comp_3527_cycle_1_4",2
"26653","virus_comp_3528_cycle_1_2",2
"26654","virus_comp_3534_cycle_1_1",2
"26655","virus_comp_3534_cycle_1_3",2
"26656","virus_comp_3534_cycle_1_4",2
"26657","virus_comp_3537_cycle_1_2",2
"26658","virus_comp_3537_cycle_1_3",2
"26659","virus_comp_3537_cycle_1_4",2
"26660","virus_comp_3542_cycle_1_12",2
"26661","virus_comp_3542_cycle_1_5",2
"26662","virus_comp_3543_cycle_1_1",2
"26663","virus_comp_3543_cycle_1_2",2
"26664","virus_comp_3543_cycle_1_4",2
"26665","virus_comp_3543_cycle_1_6",2
"26666","virus_comp_3543_cycle_1_9",2
"26667","virus_comp_3545_cycle_1_2",2
"26668","virus_comp_355_cycle_1_19",2
"26669","virus_comp_3562_cycle_1_1",2
"26670","virus_comp_3562_cycle_1_3",2
"26671","virus_comp_3562_cycle_1_4",2
"26672","virus_comp_3569_cycle_1_3",2
"26673","virus_comp_3569_cycle_1_4",2
"26674","virus_comp_3569_cycle_1_8",2
"26675","virus_comp_357_cycle_1_3",2
"26676","virus_comp_358_cycle_1_4",2
"26677","virus_comp_358_cycle_1_5",2
"26678","virus_comp_3580_cycle_1_11",2
"26679","virus_comp_3580_cycle_1_12",2
"26680","virus_comp_3580_cycle_1_2",2
"26681","virus_comp_3580_cycle_1_3",2
"26682","virus_comp_3580_cycle_1_5",2
"26683","virus_comp_3586_cycle_1_2",2
"26684","virus_comp_3586_cycle_1_3",2
"26685","virus_comp_3586_cycle_1_4",2
"26686","virus_comp_3586_cycle_1_8",2
"26687","virus_comp_3589_cycle_1_1",2
"26688","virus_comp_3589_cycle_1_3",2
"26689","virus_comp_359_cycle_1_2",2
"26690","virus_comp_359_cycle_1_5",2
"26691","virus_comp_359_cycle_1_6",2
"26692","virus_comp_3592_cycle_1_1",2
"26693","virus_comp_3592_cycle_1_4",2
"26694","virus_comp_3593_cycle_1_7",2
"26695","virus_comp_3594_cycle_1_1",2
"26696","virus_comp_3596_cycle_1_5",2
"26697","virus_comp_3596_cycle_1_6",2
"26698","virus_comp_3597_cycle_1_3",2
"26699","virus_comp_3601_cycle_1_1",2
"26700","virus_comp_3601_cycle_1_8",2
"26701","virus_comp_3602_cycle_1_1",2
"26702","virus_comp_3602_cycle_1_2",2
"26703","virus_comp_3602_cycle_1_3",2
"26704","virus_comp_3602_cycle_1_4",2
"26705","virus_comp_3607_cycle_1_6",2
"26706","virus_comp_3607_cycle_1_7",2
"26707","virus_comp_3607_cycle_1_8",2
"26708","virus_comp_361_cycle_1_25",2
"26709","virus_comp_361_cycle_1_93",2
"26710","virus_comp_361_cycle_1_95",2
"26711","virus_comp_3611_cycle_1_4",2
"26712","virus_comp_3611_cycle_1_6",2
"26713","virus_comp_3615_cycle_1_6",2
"26714","virus_comp_3615_cycle_1_7",2
"26715","virus_comp_3619_cycle_1_2",2
"26716","virus_comp_3620_cycle_1_4",2
"26717","virus_comp_3620_cycle_1_6",2
"26718","virus_comp_3623_cycle_1_4",2
"26719","virus_comp_3628_cycle_1_1",2
"26720","virus_comp_3628_cycle_1_4",2
"26721","virus_comp_3629_cycle_1_2",2
"26722","virus_comp_3630_cycle_1_3",2
"26723","virus_comp_3630_cycle_1_5",2
"26724","virus_comp_3630_cycle_1_6",2
"26725","virus_comp_3630_cycle_1_7",2
"26726","virus_comp_3632_cycle_1_1",2
"26727","virus_comp_3632_cycle_1_3",2
"26728","virus_comp_3632_cycle_1_4",2
"26729","virus_comp_364_cycle_1_2",2
"26730","virus_comp_364_cycle_1_3",2
"26731","virus_comp_364_cycle_1_5",2
"26732","virus_comp_364_cycle_1_6",2
"26733","virus_comp_364_cycle_1_9",2
"26734","virus_comp_3641_cycle_1_2",2
"26735","virus_comp_3642_cycle_1_2",2
"26736","virus_comp_3642_cycle_1_3",2
"26737","virus_comp_3642_cycle_1_4",2
"26738","virus_comp_3643_cycle_1_1",2
"26739","virus_comp_3643_cycle_1_3",2
"26740","virus_comp_3643_cycle_1_5",2
"26741","virus_comp_3648_cycle_1_2",2
"26742","virus_comp_3648_cycle_1_8",2
"26743","virus_comp_365_cycle_1_1",2
"26744","virus_comp_365_cycle_1_11",2
"26745","virus_comp_365_cycle_1_12",2
"26746","virus_comp_365_cycle_1_13",2
"26747","virus_comp_365_cycle_1_14",2
"26748","virus_comp_365_cycle_1_15",2
"26749","virus_comp_365_cycle_1_16",2
"26750","virus_comp_365_cycle_1_3",2
"26751","virus_comp_365_cycle_1_7",2
"26752","virus_comp_365_cycle_1_9",2
"26753","virus_comp_3652_cycle_1_3",2
"26754","virus_comp_3652_cycle_1_4",2
"26755","virus_comp_3652_cycle_1_5",2
"26756","virus_comp_3654_cycle_1_1",2
"26757","virus_comp_3654_cycle_1_5",2
"26758","virus_comp_3655_cycle_1_2",2
"26759","virus_comp_3655_cycle_1_3",2
"26760","virus_comp_3657_cycle_1_1",2
"26761","virus_comp_3657_cycle_1_3",2
"26762","virus_comp_3657_cycle_1_4",2
"26763","virus_comp_3657_cycle_1_5",2
"26764","virus_comp_3658_cycle_1_2",2
"26765","virus_comp_3658_cycle_1_5",2
"26766","virus_comp_366_cycle_1_18",2
"26767","virus_comp_366_cycle_1_3",2
"26768","virus_comp_366_cycle_1_4",2
"26769","virus_comp_366_cycle_1_6",2
"26770","virus_comp_366_cycle_1_7",2
"26771","virus_comp_366_cycle_1_9",2
"26772","virus_comp_3663_cycle_1_1",2
"26773","virus_comp_3663_cycle_1_5",2
"26774","virus_comp_3668_cycle_1_1",2
"26775","virus_comp_3669_cycle_1_2",2
"26776","virus_comp_3669_cycle_1_3",2
"26777","virus_comp_3669_cycle_1_4",2
"26778","virus_comp_3669_cycle_1_5",2
"26779","virus_comp_3671_cycle_1_1",2
"26780","virus_comp_3671_cycle_1_2",2
"26781","virus_comp_3672_cycle_1_5",2
"26782","virus_comp_3675_cycle_1_1",2
"26783","virus_comp_3675_cycle_1_4",2
"26784","virus_comp_3677_cycle_1_1",2
"26785","virus_comp_3686_cycle_1_7",2
"26786","virus_comp_3686_cycle_1_8",2
"26787","virus_comp_3686_cycle_1_9",2
"26788","virus_comp_3687_cycle_1_1",2
"26789","virus_comp_3687_cycle_1_2",2
"26790","virus_comp_3688_cycle_1_3",2
"26791","virus_comp_3688_cycle_1_6",2
"26792","virus_comp_3688_cycle_1_7",2
"26793","virus_comp_3688_cycle_1_8",2
"26794","virus_comp_3695_cycle_1_1",2
"26795","virus_comp_3695_cycle_1_2",2
"26796","virus_comp_370_cycle_1_14",2
"26797","virus_comp_370_cycle_1_16",2
"26798","virus_comp_370_cycle_1_20",2
"26799","virus_comp_370_cycle_1_22",2
"26800","virus_comp_370_cycle_1_33",2
"26801","virus_comp_370_cycle_1_44",2
"26802","virus_comp_370_cycle_1_45",2
"26803","virus_comp_370_cycle_1_5",2
"26804","virus_comp_370_cycle_1_50",2
"26805","virus_comp_370_cycle_1_51",2
"26806","virus_comp_370_cycle_1_52",2
"26807","virus_comp_370_cycle_1_58",2
"26808","virus_comp_370_cycle_1_6",2
"26809","virus_comp_370_cycle_1_62",2
"26810","virus_comp_370_cycle_1_73",2
"26811","virus_comp_3703_cycle_1_4",2
"26812","virus_comp_3709_cycle_1_4",2
"26813","virus_comp_3709_cycle_1_8",2
"26814","virus_comp_3709_cycle_1_9",2
"26815","virus_comp_3713_cycle_1_6",2
"26816","virus_comp_3714_cycle_1_5",2
"26817","virus_comp_372_cycle_1_13",2
"26818","virus_comp_372_cycle_1_26",2
"26819","virus_comp_372_cycle_1_27",2
"26820","virus_comp_372_cycle_1_28",2
"26821","virus_comp_372_cycle_1_31",2
"26822","virus_comp_372_cycle_1_32",2
"26823","virus_comp_372_cycle_1_34",2
"26824","virus_comp_372_cycle_1_35",2
"26825","virus_comp_372_cycle_1_36",2
"26826","virus_comp_372_cycle_1_37",2
"26827","virus_comp_372_cycle_1_38",2
"26828","virus_comp_372_cycle_1_39",2
"26829","virus_comp_372_cycle_1_40",2
"26830","virus_comp_372_cycle_1_41",2
"26831","virus_comp_372_cycle_1_42",2
"26832","virus_comp_372_cycle_1_43",2
"26833","virus_comp_372_cycle_1_45",2
"26834","virus_comp_372_cycle_1_48",2
"26835","virus_comp_372_cycle_1_51",2
"26836","virus_comp_372_cycle_1_58",2
"26837","virus_comp_372_cycle_1_61",2
"26838","virus_comp_372_cycle_1_69",2
"26839","virus_comp_372_cycle_1_70",2
"26840","virus_comp_372_cycle_1_71",2
"26841","virus_comp_372_cycle_1_73",2
"26842","virus_comp_372_cycle_1_77",2
"26843","virus_comp_372_cycle_1_8",2
"26844","virus_comp_372_cycle_1_96",2
"26845","virus_comp_3723_cycle_1_4",2
"26846","virus_comp_3726_cycle_1_1",2
"26847","virus_comp_3726_cycle_1_2",2
"26848","virus_comp_3726_cycle_1_3",2
"26849","virus_comp_3726_cycle_1_6",2
"26850","virus_comp_3727_cycle_1_1",2
"26851","virus_comp_3727_cycle_1_2",2
"26852","virus_comp_3727_cycle_1_5",2
"26853","virus_comp_3728_cycle_1_2",2
"26854","virus_comp_3728_cycle_1_5",2
"26855","virus_comp_3728_cycle_1_6",2
"26856","virus_comp_3728_cycle_1_7",2
"26857","virus_comp_3728_cycle_1_8",2
"26858","virus_comp_3728_cycle_1_9",2
"26859","virus_comp_3730_cycle_1_8",2
"26860","virus_comp_3732_cycle_1_10",2
"26861","virus_comp_3737_cycle_1_3",2
"26862","virus_comp_3737_cycle_1_4",2
"26863","virus_comp_3737_cycle_1_6",2
"26864","virus_comp_3737_cycle_1_7",2
"26865","virus_comp_3742_cycle_1_4",2
"26866","virus_comp_3744_cycle_1_6",2
"26867","virus_comp_3751_cycle_1_3",2
"26868","virus_comp_3751_cycle_1_5",2
"26869","virus_comp_3751_cycle_1_6",2
"26870","virus_comp_3751_cycle_1_7",2
"26871","virus_comp_3754_cycle_1_2",2
"26872","virus_comp_3754_cycle_1_3",2
"26873","virus_comp_3754_cycle_1_4",2
"26874","virus_comp_3754_cycle_1_5",2
"26875","virus_comp_3754_cycle_1_6",2
"26876","virus_comp_3755_cycle_1_2",2
"26877","virus_comp_3758_cycle_1_2",2
"26878","virus_comp_3758_cycle_1_3",2
"26879","virus_comp_3758_cycle_1_4",2
"26880","virus_comp_376_cycle_1_2",2
"26881","virus_comp_376_cycle_1_3",2
"26882","virus_comp_376_cycle_1_4",2
"26883","virus_comp_376_cycle_1_6",2
"26884","virus_comp_3761_cycle_1_1",2
"26885","virus_comp_3761_cycle_1_4",2
"26886","virus_comp_3769_cycle_1_3",2
"26887","virus_comp_377_cycle_1_1",2
"26888","virus_comp_377_cycle_1_10",2
"26889","virus_comp_377_cycle_1_11",2
"26890","virus_comp_377_cycle_1_12",2
"26891","virus_comp_377_cycle_1_13",2
"26892","virus_comp_377_cycle_1_15",2
"26893","virus_comp_377_cycle_1_18",2
"26894","virus_comp_377_cycle_1_2",2
"26895","virus_comp_377_cycle_1_21",2
"26896","virus_comp_377_cycle_1_28",2
"26897","virus_comp_377_cycle_1_3",2
"26898","virus_comp_377_cycle_1_4",2
"26899","virus_comp_377_cycle_1_5",2
"26900","virus_comp_377_cycle_1_6",2
"26901","virus_comp_377_cycle_1_7",2
"26902","virus_comp_377_cycle_1_8",2
"26903","virus_comp_377_cycle_1_9",2
"26904","virus_comp_3771_cycle_1_1",2
"26905","virus_comp_3773_cycle_1_1",2
"26906","virus_comp_3775_cycle_1_6",2
"26907","virus_comp_3776_cycle_1_6",2
"26908","virus_comp_3778_cycle_1_2",2
"26909","virus_comp_3778_cycle_1_3",2
"26910","virus_comp_3778_cycle_1_4",2
"26911","virus_comp_3778_cycle_1_5",2
"26912","virus_comp_3780_cycle_1_2",2
"26913","virus_comp_3780_cycle_1_3",2
"26914","virus_comp_3783_cycle_1_2",2
"26915","virus_comp_3783_cycle_1_4",2
"26916","virus_comp_3783_cycle_1_5",2
"26917","virus_comp_3783_cycle_1_6",2
"26918","virus_comp_3783_cycle_1_7",2
"26919","virus_comp_3783_cycle_1_8",2
"26920","virus_comp_3784_cycle_1_5",2
"26921","virus_comp_3792_cycle_1_1",2
"26922","virus_comp_3792_cycle_1_2",2
"26923","virus_comp_3792_cycle_1_3",2
"26924","virus_comp_3792_cycle_1_4",2
"26925","virus_comp_3792_cycle_1_6",2
"26926","virus_comp_3794_cycle_1_1",2
"26927","virus_comp_3794_cycle_1_5",2
"26928","virus_comp_3797_cycle_1_3",2
"26929","virus_comp_3797_cycle_1_5",2
"26930","virus_comp_3806_cycle_1_1",2
"26931","virus_comp_3806_cycle_1_4",2
"26932","virus_comp_3806_cycle_1_5",2
"26933","virus_comp_3807_cycle_1_5",2
"26934","virus_comp_3808_cycle_1_5",2
"26935","virus_comp_381_cycle_1_10",2
"26936","virus_comp_381_cycle_1_17",2
"26937","virus_comp_381_cycle_1_18",2
"26938","virus_comp_381_cycle_1_19",2
"26939","virus_comp_381_cycle_1_21",2
"26940","virus_comp_381_cycle_1_35",2
"26941","virus_comp_381_cycle_1_40",2
"26942","virus_comp_381_cycle_1_47",2
"26943","virus_comp_381_cycle_1_6",2
"26944","virus_comp_381_cycle_1_67",2
"26945","virus_comp_381_cycle_1_69",2
"26946","virus_comp_381_cycle_1_7",2
"26947","virus_comp_381_cycle_1_74",2
"26948","virus_comp_381_cycle_1_76",2
"26949","virus_comp_381_cycle_1_79",2
"26950","virus_comp_381_cycle_1_83",2
"26951","virus_comp_381_cycle_1_85",2
"26952","virus_comp_381_cycle_1_87",2
"26953","virus_comp_381_cycle_1_88",2
"26954","virus_comp_381_cycle_1_90",2
"26955","virus_comp_381_cycle_1_93",2
"26956","virus_comp_3811_cycle_1_7",2
"26957","virus_comp_3811_cycle_1_9",2
"26958","virus_comp_3813_cycle_1_2",2
"26959","virus_comp_3813_cycle_1_3",2
"26960","virus_comp_3814_cycle_1_5",2
"26961","virus_comp_3814_cycle_1_6",2
"26962","virus_comp_3814_cycle_1_7",2
"26963","virus_comp_3815_cycle_1_2",2
"26964","virus_comp_3815_cycle_1_3",2
"26965","virus_comp_3815_cycle_1_5",2
"26966","virus_comp_3816_cycle_1_5",2
"26967","virus_comp_3817_cycle_1_3",2
"26968","virus_comp_3817_cycle_1_5",2
"26969","virus_comp_3817_cycle_1_6",2
"26970","virus_comp_3817_cycle_1_7",2
"26971","virus_comp_3820_cycle_1_1",2
"26972","virus_comp_3822_cycle_1_1",2
"26973","virus_comp_3823_cycle_1_6",2
"26974","virus_comp_3824_cycle_1_1",2
"26975","virus_comp_3824_cycle_1_3",2
"26976","virus_comp_3824_cycle_1_4",2
"26977","virus_comp_3825_cycle_1_2",2
"26978","virus_comp_3825_cycle_1_3",2
"26979","virus_comp_3825_cycle_1_6",2
"26980","virus_comp_3825_cycle_1_7",2
"26981","virus_comp_3826_cycle_1_2",2
"26982","virus_comp_3828_cycle_1_3",2
"26983","virus_comp_3828_cycle_1_4",2
"26984","virus_comp_3828_cycle_1_5",2
"26985","virus_comp_3829_cycle_1_3",2
"26986","virus_comp_383_cycle_1_4",2
"26987","virus_comp_3832_cycle_1_2",2
"26988","virus_comp_3832_cycle_1_3",2
"26989","virus_comp_3832_cycle_1_4",2
"26990","virus_comp_3832_cycle_1_5",2
"26991","virus_comp_3832_cycle_1_6",2
"26992","virus_comp_3832_cycle_1_7",2
"26993","virus_comp_3833_cycle_1_3",2
"26994","virus_comp_3835_cycle_1_12",2
"26995","virus_comp_3835_cycle_1_2",2
"26996","virus_comp_3835_cycle_1_3",2
"26997","virus_comp_3835_cycle_1_6",2
"26998","virus_comp_3835_cycle_1_9",2
"26999","virus_comp_3842_cycle_1_2",2
"27000","virus_comp_3842_cycle_1_3",2
"27001","virus_comp_3842_cycle_1_4",2
"27002","virus_comp_3842_cycle_1_5",2
"27003","virus_comp_3845_cycle_1_4",2
"27004","virus_comp_3845_cycle_1_5",2
"27005","virus_comp_3848_cycle_1_1",2
"27006","virus_comp_3848_cycle_1_2",2
"27007","virus_comp_3848_cycle_1_3",2
"27008","virus_comp_3862_cycle_1_4",2
"27009","virus_comp_3866_cycle_1_1",2
"27010","virus_comp_3866_cycle_1_3",2
"27011","virus_comp_3866_cycle_1_5",2
"27012","virus_comp_3866_cycle_1_6",2
"27013","virus_comp_3869_cycle_1_2",2
"27014","virus_comp_3870_cycle_1_1",2
"27015","virus_comp_3870_cycle_1_2",2
"27016","virus_comp_3870_cycle_1_4",2
"27017","virus_comp_3876_cycle_1_4",2
"27018","virus_comp_3877_cycle_1_5",2
"27019","virus_comp_3880_cycle_1_1",2
"27020","virus_comp_3880_cycle_1_2",2
"27021","virus_comp_3880_cycle_1_3",2
"27022","virus_comp_3882_cycle_1_2",2
"27023","virus_comp_3882_cycle_1_3",2
"27024","virus_comp_3882_cycle_1_4",2
"27025","virus_comp_3889_cycle_1_1",2
"27026","virus_comp_389_cycle_1_3",2
"27027","virus_comp_389_cycle_1_4",2
"27028","virus_comp_3890_cycle_1_2",2
"27029","virus_comp_3890_cycle_1_3",2
"27030","virus_comp_3890_cycle_1_4",2
"27031","virus_comp_3899_cycle_1_1",2
"27032","virus_comp_3899_cycle_1_2",2
"27033","virus_comp_390_cycle_1_3",2
"27034","virus_comp_390_cycle_1_6",2
"27035","virus_comp_390_cycle_1_7",2
"27036","virus_comp_3900_cycle_1_1",2
"27037","virus_comp_3900_cycle_1_3",2
"27038","virus_comp_3902_cycle_1_1",2
"27039","virus_comp_3902_cycle_1_2",2
"27040","virus_comp_391_cycle_1_16",2
"27041","virus_comp_391_cycle_1_17",2
"27042","virus_comp_391_cycle_1_31",2
"27043","virus_comp_391_cycle_1_39",2
"27044","virus_comp_391_cycle_1_40",2
"27045","virus_comp_391_cycle_1_43",2
"27046","virus_comp_391_cycle_1_56",2
"27047","virus_comp_391_cycle_1_58",2
"27048","virus_comp_391_cycle_1_64",2
"27049","virus_comp_391_cycle_1_73",2
"27050","virus_comp_3916_cycle_1_1",2
"27051","virus_comp_3918_cycle_1_1",2
"27052","virus_comp_3927_cycle_1_5",2
"27053","virus_comp_3927_cycle_1_6",2
"27054","virus_comp_393_cycle_1_4",2
"27055","virus_comp_3930_cycle_1_3",2
"27056","virus_comp_3930_cycle_1_7",2
"27057","virus_comp_3933_cycle_1_1",2
"27058","virus_comp_3933_cycle_1_3",2
"27059","virus_comp_3934_cycle_1_4",2
"27060","virus_comp_3935_cycle_1_2",2
"27061","virus_comp_3939_cycle_1_4",2
"27062","virus_comp_3939_cycle_1_7",2
"27063","virus_comp_3940_cycle_1_2",2
"27064","virus_comp_3940_cycle_1_7",2
"27065","virus_comp_3942_cycle_1_1",2
"27066","virus_comp_3942_cycle_1_2",2
"27067","virus_comp_3946_cycle_1_4",2
"27068","virus_comp_3948_cycle_1_2",2
"27069","virus_comp_3948_cycle_1_7",2
"27070","virus_comp_3954_cycle_1_1",2
"27071","virus_comp_3954_cycle_1_2",2
"27072","virus_comp_3954_cycle_1_4",2
"27073","virus_comp_3956_cycle_1_1",2
"27074","virus_comp_3956_cycle_1_3",2
"27075","virus_comp_3957_cycle_1_1",2
"27076","virus_comp_3957_cycle_1_4",2
"27077","virus_comp_3961_cycle_1_2",2
"27078","virus_comp_3961_cycle_1_5",2
"27079","virus_comp_3961_cycle_1_8",2
"27080","virus_comp_3965_cycle_1_2",2
"27081","virus_comp_398_cycle_1_6",2
"27082","virus_comp_3983_cycle_1_2",2
"27083","virus_comp_3984_cycle_1_7",2
"27084","virus_comp_3984_cycle_1_8",2
"27085","virus_comp_3986_cycle_1_1",2
"27086","virus_comp_3986_cycle_1_7",2
"27087","virus_comp_3989_cycle_1_2",2
"27088","virus_comp_3989_cycle_1_3",2
"27089","virus_comp_3989_cycle_1_4",2
"27090","virus_comp_3989_cycle_1_5",2
"27091","virus_comp_399_cycle_1_1",2
"27092","virus_comp_399_cycle_1_2",2
"27093","virus_comp_399_cycle_1_4",2
"27094","virus_comp_3996_cycle_1_3",2
"27095","virus_comp_4_cycle_1_6",2
"27096","virus_comp_400_cycle_3_29",2
"27097","virus_comp_400_cycle_3_38",2
"27098","virus_comp_400_cycle_3_39",2
"27099","virus_comp_400_cycle_3_40",2
"27100","virus_comp_400_cycle_3_42",2
"27101","virus_comp_400_cycle_3_44",2
"27102","virus_comp_400_cycle_3_50",2
"27103","virus_comp_400_cycle_3_51",2
"27104","virus_comp_400_cycle_3_52",2
"27105","virus_comp_400_cycle_3_54",2
"27106","virus_comp_4000_cycle_1_1",2
"27107","virus_comp_4002_cycle_1_5",2
"27108","virus_comp_4004_cycle_1_10",2
"27109","virus_comp_4004_cycle_1_2",2
"27110","virus_comp_4004_cycle_1_9",2
"27111","virus_comp_4007_cycle_1_3",2
"27112","virus_comp_4013_cycle_1_2",2
"27113","virus_comp_4013_cycle_1_3",2
"27114","virus_comp_4019_cycle_1_10",2
"27115","virus_comp_4019_cycle_1_8",2
"27116","virus_comp_402_cycle_1_6",2
"27117","virus_comp_4025_cycle_1_2",2
"27118","virus_comp_4033_cycle_1_1",2
"27119","virus_comp_4033_cycle_1_4",2
"27120","virus_comp_4036_cycle_1_1",2
"27121","virus_comp_4038_cycle_1_3",2
"27122","virus_comp_4038_cycle_1_6",2
"27123","virus_comp_4041_cycle_1_4",2
"27124","virus_comp_4041_cycle_1_6",2
"27125","virus_comp_4041_cycle_1_7",2
"27126","virus_comp_4043_cycle_1_5",2
"27127","virus_comp_4045_cycle_1_1",2
"27128","virus_comp_4045_cycle_1_2",2
"27129","virus_comp_4045_cycle_1_7",2
"27130","virus_comp_4046_cycle_1_1",2
"27131","virus_comp_4046_cycle_1_4",2
"27132","virus_comp_4046_cycle_1_5",2
"27133","virus_comp_4048_cycle_1_1",2
"27134","virus_comp_4048_cycle_1_2",2
"27135","virus_comp_4048_cycle_1_3",2
"27136","virus_comp_4048_cycle_1_4",2
"27137","virus_comp_4049_cycle_1_1",2
"27138","virus_comp_4049_cycle_1_3",2
"27139","virus_comp_405_cycle_1_3",2
"27140","virus_comp_405_cycle_1_5",2
"27141","virus_comp_405_cycle_1_7",2
"27142","virus_comp_4056_cycle_1_2",2
"27143","virus_comp_4056_cycle_1_4",2
"27144","virus_comp_4056_cycle_1_6",2
"27145","virus_comp_4057_cycle_1_1",2
"27146","virus_comp_4058_cycle_1_1",2
"27147","virus_comp_4058_cycle_1_2",2
"27148","virus_comp_4058_cycle_1_3",2
"27149","virus_comp_4058_cycle_1_4",2
"27150","virus_comp_4058_cycle_1_6",2
"27151","virus_comp_4067_cycle_1_1",2
"27152","virus_comp_4067_cycle_1_10",2
"27153","virus_comp_4067_cycle_1_2",2
"27154","virus_comp_4067_cycle_1_3",2
"27155","virus_comp_4067_cycle_1_7",2
"27156","virus_comp_4067_cycle_1_8",2
"27157","virus_comp_4068_cycle_1_1",2
"27158","virus_comp_4068_cycle_1_4",2
"27159","virus_comp_407_cycle_1_17",2
"27160","virus_comp_407_cycle_1_27",2
"27161","virus_comp_407_cycle_1_30",2
"27162","virus_comp_407_cycle_1_31",2
"27163","virus_comp_407_cycle_1_36",2
"27164","virus_comp_407_cycle_1_4",2
"27165","virus_comp_407_cycle_1_5",2
"27166","virus_comp_4070_cycle_1_2",2
"27167","virus_comp_4070_cycle_1_3",2
"27168","virus_comp_4070_cycle_1_4",2
"27169","virus_comp_4082_cycle_1_2",2
"27170","virus_comp_4092_cycle_1_10",2
"27171","virus_comp_4092_cycle_1_11",2
"27172","virus_comp_4092_cycle_1_2",2
"27173","virus_comp_4092_cycle_1_7",2
"27174","virus_comp_4092_cycle_1_9",2
"27175","virus_comp_4093_cycle_1_1",2
"27176","virus_comp_4096_cycle_1_2",2
"27177","virus_comp_4096_cycle_1_7",2
"27178","virus_comp_4098_cycle_1_5",2
"27179","virus_comp_4098_cycle_1_6",2
"27180","virus_comp_410_cycle_1_15",2
"27181","virus_comp_410_cycle_1_23",2
"27182","virus_comp_4105_cycle_1_2",2
"27183","virus_comp_4106_cycle_1_3",2
"27184","virus_comp_4110_cycle_1_1",2
"27185","virus_comp_4110_cycle_1_2",2
"27186","virus_comp_4110_cycle_1_3",2
"27187","virus_comp_4110_cycle_1_4",2
"27188","virus_comp_4110_cycle_1_6",2
"27189","virus_comp_4110_cycle_1_7",2
"27190","virus_comp_4111_cycle_1_1",2
"27191","virus_comp_4111_cycle_1_3",2
"27192","virus_comp_4117_cycle_1_6",2
"27193","virus_comp_4118_cycle_1_1",2
"27194","virus_comp_4119_cycle_1_1",2
"27195","virus_comp_4119_cycle_1_6",2
"27196","virus_comp_4121_cycle_1_3",2
"27197","virus_comp_4121_cycle_1_7",2
"27198","virus_comp_4128_cycle_1_1",2
"27199","virus_comp_4128_cycle_1_2",2
"27200","virus_comp_4128_cycle_1_3",2
"27201","virus_comp_4128_cycle_1_4",2
"27202","virus_comp_4128_cycle_1_5",2
"27203","virus_comp_4128_cycle_1_6",2
"27204","virus_comp_4128_cycle_1_7",2
"27205","virus_comp_4132_cycle_1_1",2
"27206","virus_comp_4132_cycle_1_3",2
"27207","virus_comp_4132_cycle_1_4",2
"27208","virus_comp_415_cycle_1_1",2
"27209","virus_comp_415_cycle_1_10",2
"27210","virus_comp_415_cycle_1_100",2
"27211","virus_comp_415_cycle_1_101",2
"27212","virus_comp_415_cycle_1_102",2
"27213","virus_comp_415_cycle_1_103",2
"27214","virus_comp_415_cycle_1_104",2
"27215","virus_comp_415_cycle_1_105",2
"27216","virus_comp_415_cycle_1_106",2
"27217","virus_comp_415_cycle_1_107",2
"27218","virus_comp_415_cycle_1_108",2
"27219","virus_comp_415_cycle_1_109",2
"27220","virus_comp_415_cycle_1_110",2
"27221","virus_comp_415_cycle_1_111",2
"27222","virus_comp_415_cycle_1_113",2
"27223","virus_comp_415_cycle_1_18",2
"27224","virus_comp_415_cycle_1_19",2
"27225","virus_comp_415_cycle_1_2",2
"27226","virus_comp_415_cycle_1_20",2
"27227","virus_comp_415_cycle_1_21",2
"27228","virus_comp_415_cycle_1_22",2
"27229","virus_comp_415_cycle_1_23",2
"27230","virus_comp_415_cycle_1_24",2
"27231","virus_comp_415_cycle_1_25",2
"27232","virus_comp_415_cycle_1_26",2
"27233","virus_comp_415_cycle_1_27",2
"27234","virus_comp_415_cycle_1_28",2
"27235","virus_comp_415_cycle_1_29",2
"27236","virus_comp_415_cycle_1_3",2
"27237","virus_comp_415_cycle_1_30",2
"27238","virus_comp_415_cycle_1_31",2
"27239","virus_comp_415_cycle_1_33",2
"27240","virus_comp_415_cycle_1_34",2
"27241","virus_comp_415_cycle_1_38",2
"27242","virus_comp_415_cycle_1_39",2
"27243","virus_comp_415_cycle_1_4",2
"27244","virus_comp_415_cycle_1_40",2
"27245","virus_comp_415_cycle_1_41",2
"27246","virus_comp_415_cycle_1_42",2
"27247","virus_comp_415_cycle_1_43",2
"27248","virus_comp_415_cycle_1_44",2
"27249","virus_comp_415_cycle_1_45",2
"27250","virus_comp_415_cycle_1_46",2
"27251","virus_comp_415_cycle_1_47",2
"27252","virus_comp_415_cycle_1_48",2
"27253","virus_comp_415_cycle_1_49",2
"27254","virus_comp_415_cycle_1_5",2
"27255","virus_comp_415_cycle_1_51",2
"27256","virus_comp_415_cycle_1_52",2
"27257","virus_comp_415_cycle_1_53",2
"27258","virus_comp_415_cycle_1_54",2
"27259","virus_comp_415_cycle_1_55",2
"27260","virus_comp_415_cycle_1_56",2
"27261","virus_comp_415_cycle_1_57",2
"27262","virus_comp_415_cycle_1_58",2
"27263","virus_comp_415_cycle_1_59",2
"27264","virus_comp_415_cycle_1_6",2
"27265","virus_comp_415_cycle_1_61",2
"27266","virus_comp_415_cycle_1_62",2
"27267","virus_comp_415_cycle_1_63",2
"27268","virus_comp_415_cycle_1_64",2
"27269","virus_comp_415_cycle_1_65",2
"27270","virus_comp_415_cycle_1_66",2
"27271","virus_comp_415_cycle_1_67",2
"27272","virus_comp_415_cycle_1_68",2
"27273","virus_comp_415_cycle_1_69",2
"27274","virus_comp_415_cycle_1_7",2
"27275","virus_comp_415_cycle_1_70",2
"27276","virus_comp_415_cycle_1_73",2
"27277","virus_comp_415_cycle_1_74",2
"27278","virus_comp_415_cycle_1_78",2
"27279","virus_comp_415_cycle_1_79",2
"27280","virus_comp_415_cycle_1_8",2
"27281","virus_comp_415_cycle_1_80",2
"27282","virus_comp_415_cycle_1_81",2
"27283","virus_comp_415_cycle_1_83",2
"27284","virus_comp_415_cycle_1_85",2
"27285","virus_comp_415_cycle_1_86",2
"27286","virus_comp_415_cycle_1_87",2
"27287","virus_comp_415_cycle_1_88",2
"27288","virus_comp_415_cycle_1_89",2
"27289","virus_comp_415_cycle_1_9",2
"27290","virus_comp_415_cycle_1_90",2
"27291","virus_comp_415_cycle_1_91",2
"27292","virus_comp_415_cycle_1_92",2
"27293","virus_comp_415_cycle_1_93",2
"27294","virus_comp_415_cycle_1_97",2
"27295","virus_comp_415_cycle_1_98",2
"27296","virus_comp_415_cycle_1_99",2
"27297","virus_comp_416_cycle_1_1",2
"27298","virus_comp_416_cycle_1_3",2
"27299","virus_comp_416_cycle_1_4",2
"27300","virus_comp_416_cycle_1_5",2
"27301","virus_comp_4166_cycle_1_4",2
"27302","virus_comp_417_cycle_1_1",2
"27303","virus_comp_417_cycle_1_10",2
"27304","virus_comp_417_cycle_1_11",2
"27305","virus_comp_417_cycle_1_12",2
"27306","virus_comp_417_cycle_1_13",2
"27307","virus_comp_417_cycle_1_14",2
"27308","virus_comp_417_cycle_1_15",2
"27309","virus_comp_417_cycle_1_17",2
"27310","virus_comp_417_cycle_1_18",2
"27311","virus_comp_417_cycle_1_19",2
"27312","virus_comp_417_cycle_1_2",2
"27313","virus_comp_417_cycle_1_20",2
"27314","virus_comp_417_cycle_1_22",2
"27315","virus_comp_417_cycle_1_23",2
"27316","virus_comp_417_cycle_1_24",2
"27317","virus_comp_417_cycle_1_25",2
"27318","virus_comp_417_cycle_1_26",2
"27319","virus_comp_417_cycle_1_27",2
"27320","virus_comp_417_cycle_1_28",2
"27321","virus_comp_417_cycle_1_29",2
"27322","virus_comp_417_cycle_1_3",2
"27323","virus_comp_417_cycle_1_30",2
"27324","virus_comp_417_cycle_1_32",2
"27325","virus_comp_417_cycle_1_33",2
"27326","virus_comp_417_cycle_1_34",2
"27327","virus_comp_417_cycle_1_35",2
"27328","virus_comp_417_cycle_1_36",2
"27329","virus_comp_417_cycle_1_37",2
"27330","virus_comp_417_cycle_1_38",2
"27331","virus_comp_417_cycle_1_39",2
"27332","virus_comp_417_cycle_1_4",2
"27333","virus_comp_417_cycle_1_40",2
"27334","virus_comp_417_cycle_1_41",2
"27335","virus_comp_417_cycle_1_5",2
"27336","virus_comp_417_cycle_1_9",2
"27337","virus_comp_4171_cycle_1_3",2
"27338","virus_comp_4179_cycle_1_1",2
"27339","virus_comp_4179_cycle_1_4",2
"27340","virus_comp_418_cycle_1_1",2
"27341","virus_comp_418_cycle_1_10",2
"27342","virus_comp_418_cycle_1_11",2
"27343","virus_comp_418_cycle_1_12",2
"27344","virus_comp_418_cycle_1_13",2
"27345","virus_comp_418_cycle_1_14",2
"27346","virus_comp_418_cycle_1_16",2
"27347","virus_comp_418_cycle_1_18",2
"27348","virus_comp_418_cycle_1_20",2
"27349","virus_comp_418_cycle_1_21",2
"27350","virus_comp_418_cycle_1_22",2
"27351","virus_comp_418_cycle_1_23",2
"27352","virus_comp_418_cycle_1_24",2
"27353","virus_comp_418_cycle_1_25",2
"27354","virus_comp_418_cycle_1_26",2
"27355","virus_comp_418_cycle_1_27",2
"27356","virus_comp_418_cycle_1_3",2
"27357","virus_comp_418_cycle_1_30",2
"27358","virus_comp_418_cycle_1_31",2
"27359","virus_comp_418_cycle_1_33",2
"27360","virus_comp_418_cycle_1_34",2
"27361","virus_comp_418_cycle_1_36",2
"27362","virus_comp_418_cycle_1_37",2
"27363","virus_comp_418_cycle_1_39",2
"27364","virus_comp_418_cycle_1_40",2
"27365","virus_comp_418_cycle_1_41",2
"27366","virus_comp_418_cycle_1_5",2
"27367","virus_comp_418_cycle_1_6",2
"27368","virus_comp_418_cycle_1_7",2
"27369","virus_comp_418_cycle_1_9",2
"27370","virus_comp_4180_cycle_1_1",2
"27371","virus_comp_4181_cycle_1_5",2
"27372","virus_comp_4184_cycle_1_2",2
"27373","virus_comp_4184_cycle_1_4",2
"27374","virus_comp_4189_cycle_1_3",2
"27375","virus_comp_4189_cycle_1_5",2
"27376","virus_comp_4189_cycle_1_7",2
"27377","virus_comp_4191_cycle_1_3",2
"27378","virus_comp_4195_cycle_1_2",2
"27379","virus_comp_4199_cycle_1_1",2
"27380","virus_comp_4199_cycle_1_3",2
"27381","virus_comp_420_cycle_1_6",2
"27382","virus_comp_420_cycle_1_8",2
"27383","virus_comp_4200_cycle_1_2",2
"27384","virus_comp_4200_cycle_1_3",2
"27385","virus_comp_4204_cycle_1_2",2
"27386","virus_comp_4204_cycle_1_3",2
"27387","virus_comp_4204_cycle_1_4",2
"27388","virus_comp_4215_cycle_1_2",2
"27389","virus_comp_4223_cycle_1_2",2
"27390","virus_comp_4223_cycle_1_4",2
"27391","virus_comp_4226_cycle_1_8",2
"27392","virus_comp_4226_cycle_1_9",2
"27393","virus_comp_423_cycle_1_1",2
"27394","virus_comp_423_cycle_1_3",2
"27395","virus_comp_4231_cycle_1_1",2
"27396","virus_comp_4231_cycle_1_2",2
"27397","virus_comp_4231_cycle_1_3",2
"27398","virus_comp_4233_cycle_1_1",2
"27399","virus_comp_4233_cycle_1_2",2
"27400","virus_comp_4236_cycle_1_1",2
"27401","virus_comp_4238_cycle_1_1",2
"27402","virus_comp_4238_cycle_1_4",2
"27403","virus_comp_425_cycle_1_1",2
"27404","virus_comp_4253_cycle_1_4",2
"27405","virus_comp_4255_cycle_1_1",2
"27406","virus_comp_4255_cycle_1_2",2
"27407","virus_comp_4268_cycle_1_3",2
"27408","virus_comp_4271_cycle_1_5",2
"27409","virus_comp_4273_cycle_1_4",2
"27410","virus_comp_4276_cycle_1_2",2
"27411","virus_comp_4276_cycle_1_7",2
"27412","virus_comp_4276_cycle_1_8",2
"27413","virus_comp_4279_cycle_1_1",2
"27414","virus_comp_4279_cycle_1_2",2
"27415","virus_comp_4279_cycle_1_3",2
"27416","virus_comp_4279_cycle_1_4",2
"27417","virus_comp_4279_cycle_1_5",2
"27418","virus_comp_428_cycle_1_1",2
"27419","virus_comp_428_cycle_1_10",2
"27420","virus_comp_428_cycle_1_11",2
"27421","virus_comp_428_cycle_1_12",2
"27422","virus_comp_428_cycle_1_14",2
"27423","virus_comp_428_cycle_1_15",2
"27424","virus_comp_428_cycle_1_16",2
"27425","virus_comp_428_cycle_1_17",2
"27426","virus_comp_428_cycle_1_18",2
"27427","virus_comp_428_cycle_1_19",2
"27428","virus_comp_428_cycle_1_2",2
"27429","virus_comp_428_cycle_1_20",2
"27430","virus_comp_428_cycle_1_3",2
"27431","virus_comp_428_cycle_1_4",2
"27432","virus_comp_428_cycle_1_5",2
"27433","virus_comp_428_cycle_1_6",2
"27434","virus_comp_428_cycle_1_7",2
"27435","virus_comp_428_cycle_1_8",2
"27436","virus_comp_428_cycle_1_9",2
"27437","virus_comp_4289_cycle_1_2",2
"27438","virus_comp_4289_cycle_1_3",2
"27439","virus_comp_4289_cycle_1_5",2
"27440","virus_comp_429_cycle_1_31",2
"27441","virus_comp_429_cycle_1_34",2
"27442","virus_comp_429_cycle_1_35",2
"27443","virus_comp_429_cycle_1_36",2
"27444","virus_comp_429_cycle_1_38",2
"27445","virus_comp_429_cycle_1_39",2
"27446","virus_comp_429_cycle_1_40",2
"27447","virus_comp_429_cycle_1_41",2
"27448","virus_comp_429_cycle_1_46",2
"27449","virus_comp_429_cycle_1_47",2
"27450","virus_comp_429_cycle_1_50",2
"27451","virus_comp_429_cycle_1_51",2
"27452","virus_comp_429_cycle_1_53",2
"27453","virus_comp_429_cycle_1_54",2
"27454","virus_comp_429_cycle_1_59",2
"27455","virus_comp_429_cycle_1_60",2
"27456","virus_comp_429_cycle_1_62",2
"27457","virus_comp_429_cycle_1_63",2
"27458","virus_comp_429_cycle_1_64",2
"27459","virus_comp_429_cycle_1_65",2
"27460","virus_comp_429_cycle_1_66",2
"27461","virus_comp_429_cycle_1_67",2
"27462","virus_comp_429_cycle_1_68",2
"27463","virus_comp_429_cycle_1_69",2
"27464","virus_comp_429_cycle_1_70",2
"27465","virus_comp_429_cycle_1_71",2
"27466","virus_comp_429_cycle_1_72",2
"27467","virus_comp_429_cycle_1_73",2
"27468","virus_comp_429_cycle_1_76",2
"27469","virus_comp_429_cycle_1_77",2
"27470","virus_comp_429_cycle_1_78",2
"27471","virus_comp_429_cycle_1_79",2
"27472","virus_comp_429_cycle_1_80",2
"27473","virus_comp_429_cycle_1_81",2
"27474","virus_comp_429_cycle_1_84",2
"27475","virus_comp_429_cycle_1_85",2
"27476","virus_comp_4293_cycle_1_1",2
"27477","virus_comp_4293_cycle_1_4",2
"27478","virus_comp_4293_cycle_1_5",2
"27479","virus_comp_4293_cycle_1_7",2
"27480","virus_comp_4293_cycle_1_8",2
"27481","virus_comp_4298_cycle_1_5",2
"27482","virus_comp_4299_cycle_1_6",2
"27483","virus_comp_430_cycle_1_1",2
"27484","virus_comp_430_cycle_1_10",2
"27485","virus_comp_430_cycle_1_11",2
"27486","virus_comp_430_cycle_1_14",2
"27487","virus_comp_430_cycle_1_15",2
"27488","virus_comp_430_cycle_1_16",2
"27489","virus_comp_430_cycle_1_17",2
"27490","virus_comp_430_cycle_1_18",2
"27491","virus_comp_430_cycle_1_2",2
"27492","virus_comp_430_cycle_1_20",2
"27493","virus_comp_430_cycle_1_21",2
"27494","virus_comp_430_cycle_1_22",2
"27495","virus_comp_430_cycle_1_23",2
"27496","virus_comp_430_cycle_1_24",2
"27497","virus_comp_430_cycle_1_25",2
"27498","virus_comp_430_cycle_1_27",2
"27499","virus_comp_430_cycle_1_28",2
"27500","virus_comp_430_cycle_1_29",2
"27501","virus_comp_430_cycle_1_3",2
"27502","virus_comp_430_cycle_1_30",2
"27503","virus_comp_430_cycle_1_6",2
"27504","virus_comp_430_cycle_1_7",2
"27505","virus_comp_430_cycle_1_8",2
"27506","virus_comp_430_cycle_1_9",2
"27507","virus_comp_4304_cycle_1_1",2
"27508","virus_comp_4304_cycle_1_2",2
"27509","virus_comp_4304_cycle_1_3",2
"27510","virus_comp_4304_cycle_1_4",2
"27511","virus_comp_4305_cycle_1_4",2
"27512","virus_comp_4307_cycle_1_2",2
"27513","virus_comp_4308_cycle_1_2",2
"27514","virus_comp_4308_cycle_1_3",2
"27515","virus_comp_4308_cycle_1_4",2
"27516","virus_comp_4308_cycle_1_5",2
"27517","virus_comp_4309_cycle_1_2",2
"27518","virus_comp_4309_cycle_1_3",2
"27519","virus_comp_4309_cycle_1_6",2
"27520","virus_comp_431_cycle_1_11",2
"27521","virus_comp_431_cycle_1_12",2
"27522","virus_comp_431_cycle_1_13",2
"27523","virus_comp_431_cycle_1_14",2
"27524","virus_comp_431_cycle_1_15",2
"27525","virus_comp_431_cycle_1_4",2
"27526","virus_comp_431_cycle_1_8",2
"27527","virus_comp_4312_cycle_1_5",2
"27528","virus_comp_4315_cycle_1_3",2
"27529","virus_comp_4318_cycle_1_2",2
"27530","virus_comp_4318_cycle_1_4",2
"27531","virus_comp_432_cycle_1_2",2
"27532","virus_comp_432_cycle_1_4",2
"27533","virus_comp_432_cycle_1_7",2
"27534","virus_comp_4320_cycle_1_4",2
"27535","virus_comp_4322_cycle_1_2",2
"27536","virus_comp_4322_cycle_1_4",2
"27537","virus_comp_4325_cycle_1_4",2
"27538","virus_comp_433_cycle_1_14",2
"27539","virus_comp_433_cycle_1_23",2
"27540","virus_comp_433_cycle_1_26",2
"27541","virus_comp_433_cycle_1_27",2
"27542","virus_comp_433_cycle_1_28",2
"27543","virus_comp_433_cycle_1_30",2
"27544","virus_comp_433_cycle_1_31",2
"27545","virus_comp_433_cycle_1_40",2
"27546","virus_comp_433_cycle_1_42",2
"27547","virus_comp_433_cycle_1_43",2
"27548","virus_comp_433_cycle_1_77",2
"27549","virus_comp_433_cycle_1_78",2
"27550","virus_comp_433_cycle_1_79",2
"27551","virus_comp_4332_cycle_1_2",2
"27552","virus_comp_4339_cycle_1_5",2
"27553","virus_comp_4339_cycle_1_7",2
"27554","virus_comp_434_cycle_1_10",2
"27555","virus_comp_434_cycle_1_6",2
"27556","virus_comp_434_cycle_1_7",2
"27557","virus_comp_434_cycle_1_8",2
"27558","virus_comp_4341_cycle_1_5",2
"27559","virus_comp_4341_cycle_1_7",2
"27560","virus_comp_4343_cycle_1_1",2
"27561","virus_comp_4343_cycle_1_3",2
"27562","virus_comp_4343_cycle_1_4",2
"27563","virus_comp_4343_cycle_1_5",2
"27564","virus_comp_4344_cycle_1_2",2
"27565","virus_comp_4345_cycle_1_3",2
"27566","virus_comp_4345_cycle_1_4",2
"27567","virus_comp_4347_cycle_1_4",2
"27568","virus_comp_4347_cycle_1_6",2
"27569","virus_comp_4349_cycle_1_3",2
"27570","virus_comp_4350_cycle_1_1",2
"27571","virus_comp_4350_cycle_1_2",2
"27572","virus_comp_4350_cycle_1_3",2
"27573","virus_comp_4350_cycle_1_4",2
"27574","virus_comp_4355_cycle_1_3",2
"27575","virus_comp_4358_cycle_1_2",2
"27576","virus_comp_4361_cycle_1_1",2
"27577","virus_comp_4361_cycle_1_2",2
"27578","virus_comp_4361_cycle_1_3",2
"27579","virus_comp_4361_cycle_1_5",2
"27580","virus_comp_4361_cycle_1_6",2
"27581","virus_comp_4361_cycle_1_7",2
"27582","virus_comp_4361_cycle_1_8",2
"27583","virus_comp_4362_cycle_1_1",2
"27584","virus_comp_4362_cycle_1_2",2
"27585","virus_comp_4362_cycle_1_3",2
"27586","virus_comp_4362_cycle_1_4",2
"27587","virus_comp_4362_cycle_1_5",2
"27588","virus_comp_4362_cycle_1_6",2
"27589","virus_comp_4369_cycle_1_2",2
"27590","virus_comp_4374_cycle_1_1",2
"27591","virus_comp_4378_cycle_1_2",2
"27592","virus_comp_4378_cycle_1_5",2
"27593","virus_comp_4378_cycle_1_6",2
"27594","virus_comp_438_cycle_1_3",2
"27595","virus_comp_4381_cycle_1_6",2
"27596","virus_comp_4383_cycle_1_3",2
"27597","virus_comp_4383_cycle_1_4",2
"27598","virus_comp_4389_cycle_1_2",2
"27599","virus_comp_4389_cycle_1_4",2
"27600","virus_comp_4389_cycle_1_7",2
"27601","virus_comp_4393_cycle_1_4",2
"27602","virus_comp_4394_cycle_1_7",2
"27603","virus_comp_440_cycle_1_3",2
"27604","virus_comp_440_cycle_1_5",2
"27605","virus_comp_440_cycle_1_7",2
"27606","virus_comp_4401_cycle_1_1",2
"27607","virus_comp_4401_cycle_1_3",2
"27608","virus_comp_4410_cycle_1_3",2
"27609","virus_comp_4412_cycle_1_1",2
"27610","virus_comp_4412_cycle_1_4",2
"27611","virus_comp_4416_cycle_1_4",2
"27612","virus_comp_4416_cycle_1_5",2
"27613","virus_comp_4416_cycle_1_7",2
"27614","virus_comp_4418_cycle_1_1",2
"27615","virus_comp_4418_cycle_1_2",2
"27616","virus_comp_4418_cycle_1_3",2
"27617","virus_comp_4419_cycle_1_1",2
"27618","virus_comp_442_cycle_1_4",2
"27619","virus_comp_442_cycle_1_6",2
"27620","virus_comp_443_cycle_1_1",2
"27621","virus_comp_443_cycle_1_10",2
"27622","virus_comp_443_cycle_1_2",2
"27623","virus_comp_443_cycle_1_4",2
"27624","virus_comp_443_cycle_1_5",2
"27625","virus_comp_443_cycle_1_7",2
"27626","virus_comp_443_cycle_1_9",2
"27627","virus_comp_4430_cycle_1_4",2
"27628","virus_comp_4430_cycle_1_6",2
"27629","virus_comp_4432_cycle_1_3",2
"27630","virus_comp_4432_cycle_1_4",2
"27631","virus_comp_4437_cycle_1_2",2
"27632","virus_comp_4437_cycle_1_4",2
"27633","virus_comp_4446_cycle_1_3",2
"27634","virus_comp_4446_cycle_1_5",2
"27635","virus_comp_4446_cycle_1_6",2
"27636","virus_comp_445_cycle_1_1",2
"27637","virus_comp_445_cycle_1_2",2
"27638","virus_comp_445_cycle_1_3",2
"27639","virus_comp_445_cycle_1_4",2
"27640","virus_comp_4451_cycle_1_2",2
"27641","virus_comp_4451_cycle_1_8",2
"27642","virus_comp_4453_cycle_1_7",2
"27643","virus_comp_446_cycle_1_13",2
"27644","virus_comp_446_cycle_1_6",2
"27645","virus_comp_4463_cycle_1_3",2
"27646","virus_comp_4463_cycle_1_5",2
"27647","virus_comp_4464_cycle_1_2",2
"27648","virus_comp_4464_cycle_1_4",2
"27649","virus_comp_4466_cycle_1_6",2
"27650","virus_comp_4468_cycle_1_3",2
"27651","virus_comp_447_cycle_1_10",2
"27652","virus_comp_447_cycle_1_13",2
"27653","virus_comp_4472_cycle_1_4",2
"27654","virus_comp_4472_cycle_1_6",2
"27655","virus_comp_4477_cycle_1_1",2
"27656","virus_comp_448_cycle_1_14",2
"27657","virus_comp_448_cycle_1_15",2
"27658","virus_comp_448_cycle_1_17",2
"27659","virus_comp_448_cycle_1_18",2
"27660","virus_comp_448_cycle_1_22",2
"27661","virus_comp_448_cycle_1_26",2
"27662","virus_comp_448_cycle_1_30",2
"27663","virus_comp_448_cycle_1_33",2
"27664","virus_comp_448_cycle_1_35",2
"27665","virus_comp_448_cycle_1_36",2
"27666","virus_comp_448_cycle_1_38",2
"27667","virus_comp_448_cycle_1_39",2
"27668","virus_comp_448_cycle_1_45",2
"27669","virus_comp_448_cycle_1_53",2
"27670","virus_comp_448_cycle_1_55",2
"27671","virus_comp_448_cycle_1_62",2
"27672","virus_comp_448_cycle_1_68",2
"27673","virus_comp_448_cycle_1_69",2
"27674","virus_comp_448_cycle_1_70",2
"27675","virus_comp_448_cycle_1_76",2
"27676","virus_comp_448_cycle_1_83",2
"27677","virus_comp_4481_cycle_1_2",2
"27678","virus_comp_4481_cycle_1_3",2
"27679","virus_comp_4487_cycle_1_2",2
"27680","virus_comp_4487_cycle_1_5",2
"27681","virus_comp_4491_cycle_1_1",2
"27682","virus_comp_4491_cycle_1_2",2
"27683","virus_comp_4491_cycle_1_3",2
"27684","virus_comp_4491_cycle_1_4",2
"27685","virus_comp_4491_cycle_1_5",2
"27686","virus_comp_4495_cycle_1_5",2
"27687","virus_comp_4496_cycle_1_1",2
"27688","virus_comp_4500_cycle_1_1",2
"27689","virus_comp_4500_cycle_1_2",2
"27690","virus_comp_4500_cycle_1_3",2
"27691","virus_comp_4500_cycle_1_5",2
"27692","virus_comp_4501_cycle_1_3",2
"27693","virus_comp_4502_cycle_1_4",2
"27694","virus_comp_451_cycle_1_1",2
"27695","virus_comp_451_cycle_1_10",2
"27696","virus_comp_451_cycle_1_2",2
"27697","virus_comp_451_cycle_1_8",2
"27698","virus_comp_4510_cycle_1_3",2
"27699","virus_comp_4518_cycle_1_3",2
"27700","virus_comp_4521_cycle_1_2",2
"27701","virus_comp_4521_cycle_1_3",2
"27702","virus_comp_4525_cycle_1_1",2
"27703","virus_comp_4526_cycle_1_7",2
"27704","virus_comp_4531_cycle_1_3",2
"27705","virus_comp_4532_cycle_1_1",2
"27706","virus_comp_4532_cycle_1_2",2
"27707","virus_comp_4532_cycle_1_4",2
"27708","virus_comp_4532_cycle_1_5",2
"27709","virus_comp_4532_cycle_1_6",2
"27710","virus_comp_4537_cycle_1_1",2
"27711","virus_comp_4537_cycle_1_2",2
"27712","virus_comp_4537_cycle_1_4",2
"27713","virus_comp_4538_cycle_1_2",2
"27714","virus_comp_4538_cycle_1_3",2
"27715","virus_comp_454_cycle_1_4",2
"27716","virus_comp_454_cycle_1_8",2
"27717","virus_comp_4544_cycle_1_8",2
"27718","virus_comp_4548_cycle_1_5",2
"27719","virus_comp_455_cycle_1_1",2
"27720","virus_comp_4562_cycle_1_3",2
"27721","virus_comp_4562_cycle_1_4",2
"27722","virus_comp_4562_cycle_1_5",2
"27723","virus_comp_4562_cycle_1_6",2
"27724","virus_comp_4565_cycle_1_1",2
"27725","virus_comp_457_cycle_1_10",2
"27726","virus_comp_457_cycle_1_9",2
"27727","virus_comp_4572_cycle_1_2",2
"27728","virus_comp_4572_cycle_1_3",2
"27729","virus_comp_4572_cycle_1_6",2
"27730","virus_comp_4572_cycle_1_7",2
"27731","virus_comp_4573_cycle_1_4",2
"27732","virus_comp_4573_cycle_1_6",2
"27733","virus_comp_4582_cycle_1_2",2
"27734","virus_comp_4585_cycle_1_2",2
"27735","virus_comp_4585_cycle_1_3",2
"27736","virus_comp_4585_cycle_1_4",2
"27737","virus_comp_4588_cycle_1_5",2
"27738","virus_comp_4588_cycle_1_6",2
"27739","virus_comp_4591_cycle_1_2",2
"27740","virus_comp_4591_cycle_1_3",2
"27741","virus_comp_4591_cycle_1_4",2
"27742","virus_comp_4591_cycle_1_6",2
"27743","virus_comp_4595_cycle_1_2",2
"27744","virus_comp_4595_cycle_1_3",2
"27745","virus_comp_4595_cycle_1_5",2
"27746","virus_comp_4596_cycle_1_3",2
"27747","virus_comp_4597_cycle_1_2",2
"27748","virus_comp_4597_cycle_1_3",2
"27749","virus_comp_4597_cycle_1_5",2
"27750","virus_comp_4597_cycle_1_8",2
"27751","virus_comp_460_cycle_1_10",2
"27752","virus_comp_460_cycle_1_11",2
"27753","virus_comp_460_cycle_1_13",2
"27754","virus_comp_460_cycle_1_17",2
"27755","virus_comp_460_cycle_1_18",2
"27756","virus_comp_460_cycle_1_23",2
"27757","virus_comp_4602_cycle_1_4",2
"27758","virus_comp_4602_cycle_1_5",2
"27759","virus_comp_4603_cycle_1_1",2
"27760","virus_comp_4605_cycle_1_3",2
"27761","virus_comp_4617_cycle_1_2",2
"27762","virus_comp_462_cycle_1_11",2
"27763","virus_comp_462_cycle_1_12",2
"27764","virus_comp_462_cycle_1_16",2
"27765","virus_comp_462_cycle_1_21",2
"27766","virus_comp_462_cycle_1_27",2
"27767","virus_comp_462_cycle_1_5",2
"27768","virus_comp_4621_cycle_1_3",2
"27769","virus_comp_4621_cycle_1_4",2
"27770","virus_comp_4621_cycle_1_5",2
"27771","virus_comp_4622_cycle_1_5",2
"27772","virus_comp_4626_cycle_1_2",2
"27773","virus_comp_463_cycle_1_2",2
"27774","virus_comp_4637_cycle_1_3",2
"27775","virus_comp_4637_cycle_1_4",2
"27776","virus_comp_4637_cycle_1_6",2
"27777","virus_comp_4637_cycle_1_7",2
"27778","virus_comp_464_cycle_1_25",2
"27779","virus_comp_464_cycle_1_32",2
"27780","virus_comp_464_cycle_1_37",2
"27781","virus_comp_464_cycle_1_39",2
"27782","virus_comp_464_cycle_1_40",2
"27783","virus_comp_464_cycle_1_41",2
"27784","virus_comp_464_cycle_1_43",2
"27785","virus_comp_464_cycle_1_50",2
"27786","virus_comp_464_cycle_1_65",2
"27787","virus_comp_464_cycle_1_74",2
"27788","virus_comp_464_cycle_1_79",2
"27789","virus_comp_464_cycle_1_85",2
"27790","virus_comp_465_cycle_1_16",2
"27791","virus_comp_465_cycle_1_17",2
"27792","virus_comp_465_cycle_1_4",2
"27793","virus_comp_465_cycle_1_5",2
"27794","virus_comp_465_cycle_1_7",2
"27795","virus_comp_465_cycle_1_8",2
"27796","virus_comp_4650_cycle_1_3",2
"27797","virus_comp_4650_cycle_1_4",2
"27798","virus_comp_4652_cycle_1_4",2
"27799","virus_comp_4655_cycle_1_4",2
"27800","virus_comp_4655_cycle_1_7",2
"27801","virus_comp_4658_cycle_1_4",2
"27802","virus_comp_4659_cycle_1_3",2
"27803","virus_comp_466_cycle_1_3",2
"27804","virus_comp_4670_cycle_1_1",2
"27805","virus_comp_4684_cycle_1_2",2
"27806","virus_comp_4684_cycle_1_3",2
"27807","virus_comp_4684_cycle_1_4",2
"27808","virus_comp_4690_cycle_1_5",2
"27809","virus_comp_4690_cycle_1_6",2
"27810","virus_comp_4690_cycle_1_7",2
"27811","virus_comp_4695_cycle_1_4",2
"27812","virus_comp_4698_cycle_1_1",2
"27813","virus_comp_4698_cycle_1_4",2
"27814","virus_comp_4698_cycle_1_6",2
"27815","virus_comp_4698_cycle_1_8",2
"27816","virus_comp_4706_cycle_1_3",2
"27817","virus_comp_4706_cycle_1_7",2
"27818","virus_comp_472_cycle_1_1",2
"27819","virus_comp_472_cycle_1_14",2
"27820","virus_comp_472_cycle_1_15",2
"27821","virus_comp_472_cycle_1_16",2
"27822","virus_comp_472_cycle_1_17",2
"27823","virus_comp_472_cycle_1_19",2
"27824","virus_comp_472_cycle_1_6",2
"27825","virus_comp_472_cycle_1_8",2
"27826","virus_comp_472_cycle_1_9",2
"27827","virus_comp_4723_cycle_1_1",2
"27828","virus_comp_4727_cycle_1_1",2
"27829","virus_comp_473_cycle_1_15",2
"27830","virus_comp_473_cycle_1_17",2
"27831","virus_comp_4735_cycle_1_7",2
"27832","virus_comp_4735_cycle_1_9",2
"27833","virus_comp_4737_cycle_1_1",2
"27834","virus_comp_4738_cycle_1_3",2
"27835","virus_comp_4749_cycle_1_5",2
"27836","virus_comp_475_cycle_1_13",2
"27837","virus_comp_475_cycle_1_14",2
"27838","virus_comp_475_cycle_1_15",2
"27839","virus_comp_475_cycle_1_18",2
"27840","virus_comp_475_cycle_1_2",2
"27841","virus_comp_475_cycle_1_26",2
"27842","virus_comp_475_cycle_1_3",2
"27843","virus_comp_475_cycle_1_32",2
"27844","virus_comp_475_cycle_1_35",2
"27845","virus_comp_475_cycle_1_46",2
"27846","virus_comp_475_cycle_1_47",2
"27847","virus_comp_475_cycle_1_48",2
"27848","virus_comp_475_cycle_1_49",2
"27849","virus_comp_475_cycle_1_5",2
"27850","virus_comp_475_cycle_1_50",2
"27851","virus_comp_475_cycle_1_52",2
"27852","virus_comp_475_cycle_1_53",2
"27853","virus_comp_475_cycle_1_54",2
"27854","virus_comp_475_cycle_1_55",2
"27855","virus_comp_475_cycle_1_59",2
"27856","virus_comp_475_cycle_1_66",2
"27857","virus_comp_475_cycle_1_67",2
"27858","virus_comp_475_cycle_1_68",2
"27859","virus_comp_475_cycle_1_69",2
"27860","virus_comp_475_cycle_1_70",2
"27861","virus_comp_475_cycle_1_71",2
"27862","virus_comp_475_cycle_1_72",2
"27863","virus_comp_475_cycle_1_73",2
"27864","virus_comp_475_cycle_1_74",2
"27865","virus_comp_475_cycle_1_75",2
"27866","virus_comp_475_cycle_1_76",2
"27867","virus_comp_475_cycle_1_77",2
"27868","virus_comp_475_cycle_1_80",2
"27869","virus_comp_475_cycle_1_81",2
"27870","virus_comp_475_cycle_1_82",2
"27871","virus_comp_475_cycle_1_83",2
"27872","virus_comp_475_cycle_1_84",2
"27873","virus_comp_475_cycle_1_85",2
"27874","virus_comp_475_cycle_1_86",2
"27875","virus_comp_4750_cycle_1_1",2
"27876","virus_comp_4750_cycle_1_2",2
"27877","virus_comp_4751_cycle_1_2",2
"27878","virus_comp_4751_cycle_1_4",2
"27879","virus_comp_4751_cycle_1_6",2
"27880","virus_comp_4753_cycle_1_3",2
"27881","virus_comp_4754_cycle_1_1",2
"27882","virus_comp_4754_cycle_1_6",2
"27883","virus_comp_476_cycle_1_1",2
"27884","virus_comp_476_cycle_1_4",2
"27885","virus_comp_4760_cycle_1_2",2
"27886","virus_comp_4760_cycle_1_3",2
"27887","virus_comp_4760_cycle_1_4",2
"27888","virus_comp_4760_cycle_1_6",2
"27889","virus_comp_4763_cycle_1_4",2
"27890","virus_comp_4767_cycle_1_1",2
"27891","virus_comp_4767_cycle_1_3",2
"27892","virus_comp_4767_cycle_1_4",2
"27893","virus_comp_4767_cycle_1_7",2
"27894","virus_comp_4768_cycle_1_3",2
"27895","virus_comp_4768_cycle_1_4",2
"27896","virus_comp_4768_cycle_1_5",2
"27897","virus_comp_477_cycle_1_1",2
"27898","virus_comp_477_cycle_1_2",2
"27899","virus_comp_477_cycle_1_4",2
"27900","virus_comp_477_cycle_1_7",2
"27901","virus_comp_477_cycle_1_8",2
"27902","virus_comp_477_cycle_1_9",2
"27903","virus_comp_4771_cycle_1_3",2
"27904","virus_comp_4771_cycle_1_4",2
"27905","virus_comp_4771_cycle_1_5",2
"27906","virus_comp_4772_cycle_1_1",2
"27907","virus_comp_4772_cycle_1_3",2
"27908","virus_comp_4772_cycle_1_5",2
"27909","virus_comp_4774_cycle_1_1",2
"27910","virus_comp_4776_cycle_1_1",2
"27911","virus_comp_4776_cycle_1_4",2
"27912","virus_comp_4778_cycle_1_2",2
"27913","virus_comp_4778_cycle_1_8",2
"27914","virus_comp_4779_cycle_1_1",2
"27915","virus_comp_4779_cycle_1_2",2
"27916","virus_comp_4779_cycle_1_3",2
"27917","virus_comp_478_cycle_1_10",2
"27918","virus_comp_478_cycle_1_12",2
"27919","virus_comp_478_cycle_1_14",2
"27920","virus_comp_478_cycle_1_15",2
"27921","virus_comp_478_cycle_1_2",2
"27922","virus_comp_478_cycle_1_23",2
"27923","virus_comp_478_cycle_1_25",2
"27924","virus_comp_478_cycle_1_26",2
"27925","virus_comp_478_cycle_1_27",2
"27926","virus_comp_478_cycle_1_28",2
"27927","virus_comp_478_cycle_1_29",2
"27928","virus_comp_478_cycle_1_30",2
"27929","virus_comp_478_cycle_1_31",2
"27930","virus_comp_478_cycle_1_33",2
"27931","virus_comp_478_cycle_1_5",2
"27932","virus_comp_478_cycle_1_7",2
"27933","virus_comp_4784_cycle_1_1",2
"27934","virus_comp_4784_cycle_1_2",2
"27935","virus_comp_479_cycle_1_12",2
"27936","virus_comp_479_cycle_1_18",2
"27937","virus_comp_479_cycle_1_19",2
"27938","virus_comp_479_cycle_1_26",2
"27939","virus_comp_479_cycle_1_27",2
"27940","virus_comp_479_cycle_1_28",2
"27941","virus_comp_479_cycle_1_31",2
"27942","virus_comp_479_cycle_1_5",2
"27943","virus_comp_479_cycle_1_6",2
"27944","virus_comp_479_cycle_1_7",2
"27945","virus_comp_4795_cycle_1_1",2
"27946","virus_comp_4797_cycle_1_2",2
"27947","virus_comp_4797_cycle_1_3",2
"27948","virus_comp_480_cycle_1_1",2
"27949","virus_comp_480_cycle_1_10",2
"27950","virus_comp_480_cycle_1_2",2
"27951","virus_comp_480_cycle_1_5",2
"27952","virus_comp_480_cycle_1_6",2
"27953","virus_comp_480_cycle_1_7",2
"27954","virus_comp_480_cycle_1_8",2
"27955","virus_comp_480_cycle_1_9",2
"27956","virus_comp_481_cycle_1_5",2
"27957","virus_comp_481_cycle_1_7",2
"27958","virus_comp_4812_cycle_1_1",2
"27959","virus_comp_4812_cycle_1_2",2
"27960","virus_comp_4814_cycle_1_1",2
"27961","virus_comp_4814_cycle_1_4",2
"27962","virus_comp_4814_cycle_1_6",2
"27963","virus_comp_4815_cycle_1_3",2
"27964","virus_comp_4822_cycle_1_1",2
"27965","virus_comp_4822_cycle_1_2",2
"27966","virus_comp_4822_cycle_1_3",2
"27967","virus_comp_4827_cycle_1_2",2
"27968","virus_comp_4830_cycle_1_2",2
"27969","virus_comp_4830_cycle_1_4",2
"27970","virus_comp_4831_cycle_1_3",2
"27971","virus_comp_4831_cycle_1_4",2
"27972","virus_comp_4831_cycle_1_6",2
"27973","virus_comp_4831_cycle_1_7",2
"27974","virus_comp_4835_cycle_1_5",2
"27975","virus_comp_484_cycle_1_1",2
"27976","virus_comp_484_cycle_1_2",2
"27977","virus_comp_4841_cycle_1_1",2
"27978","virus_comp_4849_cycle_1_1",2
"27979","virus_comp_4849_cycle_1_5",2
"27980","virus_comp_4851_cycle_1_1",2
"27981","virus_comp_4856_cycle_1_6",2
"27982","virus_comp_486_cycle_1_18",2
"27983","virus_comp_4862_cycle_1_3",2
"27984","virus_comp_4862_cycle_1_4",2
"27985","virus_comp_4865_cycle_1_1",2
"27986","virus_comp_4865_cycle_1_4",2
"27987","virus_comp_4869_cycle_1_3",2
"27988","virus_comp_4871_cycle_1_2",2
"27989","virus_comp_4871_cycle_1_3",2
"27990","virus_comp_4874_cycle_1_2",2
"27991","virus_comp_4874_cycle_1_3",2
"27992","virus_comp_4874_cycle_1_4",2
"27993","virus_comp_4877_cycle_1_3",2
"27994","virus_comp_4877_cycle_1_4",2
"27995","virus_comp_4877_cycle_1_5",2
"27996","virus_comp_4888_cycle_1_3",2
"27997","virus_comp_4900_cycle_1_2",2
"27998","virus_comp_4900_cycle_1_3",2
"27999","virus_comp_4905_cycle_1_1",2
"28000","virus_comp_4906_cycle_1_6",2
"28001","virus_comp_4909_cycle_1_1",2
"28002","virus_comp_4913_cycle_1_5",2
"28003","virus_comp_492_cycle_1_3",2
"28004","virus_comp_4924_cycle_1_1",2
"28005","virus_comp_4924_cycle_1_2",2
"28006","virus_comp_4924_cycle_1_6",2
"28007","virus_comp_493_cycle_1_1",2
"28008","virus_comp_493_cycle_1_15",2
"28009","virus_comp_493_cycle_1_16",2
"28010","virus_comp_493_cycle_1_18",2
"28011","virus_comp_493_cycle_1_2",2
"28012","virus_comp_493_cycle_1_20",2
"28013","virus_comp_493_cycle_1_23",2
"28014","virus_comp_493_cycle_1_24",2
"28015","virus_comp_493_cycle_1_26",2
"28016","virus_comp_493_cycle_1_3",2
"28017","virus_comp_493_cycle_1_35",2
"28018","virus_comp_493_cycle_1_39",2
"28019","virus_comp_493_cycle_1_40",2
"28020","virus_comp_493_cycle_1_41",2
"28021","virus_comp_493_cycle_1_42",2
"28022","virus_comp_493_cycle_1_43",2
"28023","virus_comp_493_cycle_1_44",2
"28024","virus_comp_493_cycle_1_45",2
"28025","virus_comp_493_cycle_1_46",2
"28026","virus_comp_493_cycle_1_47",2
"28027","virus_comp_493_cycle_1_48",2
"28028","virus_comp_493_cycle_1_57",2
"28029","virus_comp_493_cycle_1_59",2
"28030","virus_comp_493_cycle_1_70",2
"28031","virus_comp_493_cycle_1_79",2
"28032","virus_comp_493_cycle_1_81",2
"28033","virus_comp_4931_cycle_1_3",2
"28034","virus_comp_4931_cycle_1_5",2
"28035","virus_comp_4935_cycle_1_2",2
"28036","virus_comp_494_cycle_1_10",2
"28037","virus_comp_494_cycle_1_11",2
"28038","virus_comp_494_cycle_1_14",2
"28039","virus_comp_494_cycle_1_15",2
"28040","virus_comp_494_cycle_1_2",2
"28041","virus_comp_494_cycle_1_5",2
"28042","virus_comp_494_cycle_1_7",2
"28043","virus_comp_494_cycle_1_8",2
"28044","virus_comp_494_cycle_1_9",2
"28045","virus_comp_4946_cycle_1_1",2
"28046","virus_comp_4946_cycle_1_4",2
"28047","virus_comp_495_cycle_1_10",2
"28048","virus_comp_495_cycle_1_11",2
"28049","virus_comp_495_cycle_1_12",2
"28050","virus_comp_495_cycle_1_9",2
"28051","virus_comp_496_cycle_1_50",2
"28052","virus_comp_496_cycle_1_58",2
"28053","virus_comp_4962_cycle_1_2",2
"28054","virus_comp_4963_cycle_1_3",2
"28055","virus_comp_4967_cycle_1_7",2
"28056","virus_comp_497_cycle_1_1",2
"28057","virus_comp_497_cycle_1_2",2
"28058","virus_comp_497_cycle_1_4",2
"28059","virus_comp_4971_cycle_1_1",2
"28060","virus_comp_4971_cycle_1_2",2
"28061","virus_comp_498_cycle_1_1",2
"28062","virus_comp_498_cycle_1_11",2
"28063","virus_comp_498_cycle_1_12",2
"28064","virus_comp_498_cycle_1_13",2
"28065","virus_comp_498_cycle_1_17",2
"28066","virus_comp_498_cycle_1_18",2
"28067","virus_comp_498_cycle_1_19",2
"28068","virus_comp_498_cycle_1_20",2
"28069","virus_comp_498_cycle_1_21",2
"28070","virus_comp_498_cycle_1_22",2
"28071","virus_comp_498_cycle_1_23",2
"28072","virus_comp_498_cycle_1_3",2
"28073","virus_comp_498_cycle_1_33",2
"28074","virus_comp_498_cycle_1_34",2
"28075","virus_comp_498_cycle_1_37",2
"28076","virus_comp_498_cycle_1_4",2
"28077","virus_comp_498_cycle_1_42",2
"28078","virus_comp_498_cycle_1_43",2
"28079","virus_comp_498_cycle_1_44",2
"28080","virus_comp_498_cycle_1_47",2
"28081","virus_comp_498_cycle_1_48",2
"28082","virus_comp_498_cycle_1_49",2
"28083","virus_comp_498_cycle_1_50",2
"28084","virus_comp_498_cycle_1_51",2
"28085","virus_comp_498_cycle_1_53",2
"28086","virus_comp_498_cycle_1_55",2
"28087","virus_comp_498_cycle_1_60",2
"28088","virus_comp_498_cycle_1_61",2
"28089","virus_comp_498_cycle_1_63",2
"28090","virus_comp_498_cycle_1_64",2
"28091","virus_comp_498_cycle_1_65",2
"28092","virus_comp_498_cycle_1_67",2
"28093","virus_comp_498_cycle_1_68",2
"28094","virus_comp_498_cycle_1_8",2
"28095","virus_comp_498_cycle_1_82",2
"28096","virus_comp_498_cycle_1_87",2
"28097","virus_comp_498_cycle_1_88",2
"28098","virus_comp_498_cycle_1_90",2
"28099","virus_comp_498_cycle_1_93",2
"28100","virus_comp_498_cycle_1_94",2
"28101","virus_comp_4983_cycle_1_2",2
"28102","virus_comp_4989_cycle_1_1",2
"28103","virus_comp_4989_cycle_1_3",2
"28104","virus_comp_4989_cycle_1_4",2
"28105","virus_comp_499_cycle_1_3",2
"28106","virus_comp_499_cycle_1_6",2
"28107","virus_comp_499_cycle_1_8",2
"28108","virus_comp_4991_cycle_1_1",2
"28109","virus_comp_4997_cycle_1_1",2
"28110","virus_comp_4997_cycle_1_2",2
"28111","virus_comp_500_cycle_1_2",2
"28112","virus_comp_500_cycle_1_3",2
"28113","virus_comp_500_cycle_1_4",2
"28114","virus_comp_501_cycle_1_12",2
"28115","virus_comp_501_cycle_1_13",2
"28116","virus_comp_501_cycle_1_14",2
"28117","virus_comp_5014_cycle_1_2",2
"28118","virus_comp_5014_cycle_1_3",2
"28119","virus_comp_5014_cycle_1_4",2
"28120","virus_comp_5029_cycle_1_3",2
"28121","virus_comp_5029_cycle_1_4",2
"28122","virus_comp_503_cycle_1_1",2
"28123","virus_comp_503_cycle_1_10",2
"28124","virus_comp_503_cycle_1_11",2
"28125","virus_comp_503_cycle_1_12",2
"28126","virus_comp_503_cycle_1_13",2
"28127","virus_comp_503_cycle_1_15",2
"28128","virus_comp_503_cycle_1_16",2
"28129","virus_comp_503_cycle_1_17",2
"28130","virus_comp_503_cycle_1_4",2
"28131","virus_comp_503_cycle_1_5",2
"28132","virus_comp_503_cycle_1_6",2
"28133","virus_comp_503_cycle_1_7",2
"28134","virus_comp_503_cycle_1_8",2
"28135","virus_comp_503_cycle_1_9",2
"28136","virus_comp_5031_cycle_1_5",2
"28137","virus_comp_5034_cycle_1_1",2
"28138","virus_comp_5040_cycle_1_3",2
"28139","virus_comp_5043_cycle_1_10",2
"28140","virus_comp_5043_cycle_1_3",2
"28141","virus_comp_505_cycle_1_24",2
"28142","virus_comp_5051_cycle_1_3",2
"28143","virus_comp_5051_cycle_1_5",2
"28144","virus_comp_5053_cycle_1_2",2
"28145","virus_comp_5053_cycle_1_3",2
"28146","virus_comp_506_cycle_1_3",2
"28147","virus_comp_5062_cycle_1_2",2
"28148","virus_comp_5063_cycle_1_2",2
"28149","virus_comp_5063_cycle_1_5",2
"28150","virus_comp_5067_cycle_1_1",2
"28151","virus_comp_5067_cycle_1_4",2
"28152","virus_comp_5067_cycle_1_5",2
"28153","virus_comp_5076_cycle_1_1",2
"28154","virus_comp_5076_cycle_1_2",2
"28155","virus_comp_5076_cycle_1_4",2
"28156","virus_comp_5079_cycle_1_7",2
"28157","virus_comp_5083_cycle_1_5",2
"28158","virus_comp_5084_cycle_1_1",2
"28159","virus_comp_5084_cycle_1_8",2
"28160","virus_comp_5087_cycle_1_2",2
"28161","virus_comp_509_cycle_1_11",2
"28162","virus_comp_509_cycle_1_15",2
"28163","virus_comp_509_cycle_1_2",2
"28164","virus_comp_509_cycle_1_3",2
"28165","virus_comp_509_cycle_1_6",2
"28166","virus_comp_510_cycle_1_11",2
"28167","virus_comp_510_cycle_1_13",2
"28168","virus_comp_510_cycle_1_14",2
"28169","virus_comp_5104_cycle_1_1",2
"28170","virus_comp_5104_cycle_1_2",2
"28171","virus_comp_5104_cycle_1_4",2
"28172","virus_comp_5111_cycle_1_1",2
"28173","virus_comp_5111_cycle_1_3",2
"28174","virus_comp_512_cycle_1_2",2
"28175","virus_comp_5124_cycle_1_4",2
"28176","virus_comp_5129_cycle_1_2",2
"28177","virus_comp_513_cycle_1_1",2
"28178","virus_comp_513_cycle_1_10",2
"28179","virus_comp_513_cycle_1_11",2
"28180","virus_comp_513_cycle_1_12",2
"28181","virus_comp_513_cycle_1_13",2
"28182","virus_comp_513_cycle_1_14",2
"28183","virus_comp_513_cycle_1_15",2
"28184","virus_comp_513_cycle_1_16",2
"28185","virus_comp_513_cycle_1_2",2
"28186","virus_comp_513_cycle_1_6",2
"28187","virus_comp_5131_cycle_1_8",2
"28188","virus_comp_5132_cycle_1_3",2
"28189","virus_comp_5139_cycle_1_2",2
"28190","virus_comp_5139_cycle_1_3",2
"28191","virus_comp_5139_cycle_1_5",2
"28192","virus_comp_5145_cycle_1_2",2
"28193","virus_comp_5146_cycle_1_3",2
"28194","virus_comp_5148_cycle_1_1",2
"28195","virus_comp_5148_cycle_1_2",2
"28196","virus_comp_5148_cycle_1_3",2
"28197","virus_comp_5153_cycle_1_6",2
"28198","virus_comp_5155_cycle_1_2",2
"28199","virus_comp_516_cycle_1_11",2
"28200","virus_comp_516_cycle_1_15",2
"28201","virus_comp_516_cycle_1_22",2
"28202","virus_comp_516_cycle_1_23",2
"28203","virus_comp_516_cycle_1_24",2
"28204","virus_comp_516_cycle_1_25",2
"28205","virus_comp_516_cycle_1_26",2
"28206","virus_comp_516_cycle_1_28",2
"28207","virus_comp_516_cycle_1_30",2
"28208","virus_comp_516_cycle_1_31",2
"28209","virus_comp_516_cycle_1_32",2
"28210","virus_comp_516_cycle_1_33",2
"28211","virus_comp_516_cycle_1_35",2
"28212","virus_comp_516_cycle_1_36",2
"28213","virus_comp_516_cycle_1_38",2
"28214","virus_comp_516_cycle_1_39",2
"28215","virus_comp_516_cycle_1_40",2
"28216","virus_comp_516_cycle_1_42",2
"28217","virus_comp_516_cycle_1_49",2
"28218","virus_comp_516_cycle_1_5",2
"28219","virus_comp_516_cycle_1_51",2
"28220","virus_comp_516_cycle_1_56",2
"28221","virus_comp_516_cycle_1_59",2
"28222","virus_comp_516_cycle_1_69",2
"28223","virus_comp_516_cycle_1_83",2
"28224","virus_comp_516_cycle_1_85",2
"28225","virus_comp_5164_cycle_1_3",2
"28226","virus_comp_5169_cycle_1_3",2
"28227","virus_comp_5169_cycle_1_5",2
"28228","virus_comp_517_cycle_1_1",2
"28229","virus_comp_5176_cycle_1_1",2
"28230","virus_comp_5176_cycle_1_5",2
"28231","virus_comp_5176_cycle_1_7",2
"28232","virus_comp_518_cycle_1_1",2
"28233","virus_comp_518_cycle_1_2",2
"28234","virus_comp_5182_cycle_1_1",2
"28235","virus_comp_5182_cycle_1_8",2
"28236","virus_comp_5183_cycle_1_2",2
"28237","virus_comp_5183_cycle_1_3",2
"28238","virus_comp_5187_cycle_1_1",2
"28239","virus_comp_5198_cycle_1_2",2
"28240","virus_comp_5198_cycle_1_3",2
"28241","virus_comp_5200_cycle_1_2",2
"28242","virus_comp_5208_cycle_1_2",2
"28243","virus_comp_5208_cycle_1_3",2
"28244","virus_comp_521_cycle_1_11",2
"28245","virus_comp_521_cycle_1_14",2
"28246","virus_comp_5212_cycle_1_1",2
"28247","virus_comp_5212_cycle_1_2",2
"28248","virus_comp_522_cycle_1_3",2
"28249","virus_comp_5220_cycle_1_3",2
"28250","virus_comp_523_cycle_1_4",2
"28251","virus_comp_524_cycle_1_1",2
"28252","virus_comp_5242_cycle_1_3",2
"28253","virus_comp_5246_cycle_1_4",2
"28254","virus_comp_5257_cycle_1_2",2
"28255","virus_comp_5257_cycle_1_3",2
"28256","virus_comp_5257_cycle_1_6",2
"28257","virus_comp_5292_cycle_1_1",2
"28258","virus_comp_5292_cycle_1_2",2
"28259","virus_comp_5292_cycle_1_3",2
"28260","virus_comp_5292_cycle_1_4",2
"28261","virus_comp_5292_cycle_1_5",2
"28262","virus_comp_5295_cycle_1_1",2
"28263","virus_comp_5295_cycle_1_3",2
"28264","virus_comp_5295_cycle_1_4",2
"28265","virus_comp_5295_cycle_1_5",2
"28266","virus_comp_5295_cycle_1_6",2
"28267","virus_comp_5298_cycle_1_3",2
"28268","virus_comp_5298_cycle_1_4",2
"28269","virus_comp_5321_cycle_1_4",2
"28270","virus_comp_5326_cycle_1_2",2
"28271","virus_comp_5326_cycle_1_3",2
"28272","virus_comp_5357_cycle_1_1",2
"28273","virus_comp_5357_cycle_1_4",2
"28274","virus_comp_5366_cycle_1_3",2
"28275","virus_comp_5366_cycle_1_7",2
"28276","virus_comp_5366_cycle_1_8",2
"28277","virus_comp_5367_cycle_1_2",2
"28278","virus_comp_5368_cycle_1_3",2
"28279","virus_comp_5368_cycle_1_4",2
"28280","virus_comp_5368_cycle_1_5",2
"28281","virus_comp_5368_cycle_1_8",2
"28282","virus_comp_537_cycle_1_84",2
"28283","virus_comp_5371_cycle_1_5",2
"28284","virus_comp_5375_cycle_1_1",2
"28285","virus_comp_5375_cycle_1_3",2
"28286","virus_comp_538_cycle_1_34",2
"28287","virus_comp_538_cycle_1_38",2
"28288","virus_comp_5387_cycle_1_2",2
"28289","virus_comp_539_cycle_1_11",2
"28290","virus_comp_539_cycle_1_12",2
"28291","virus_comp_539_cycle_1_13",2
"28292","virus_comp_539_cycle_1_16",2
"28293","virus_comp_539_cycle_1_17",2
"28294","virus_comp_539_cycle_1_19",2
"28295","virus_comp_539_cycle_1_21",2
"28296","virus_comp_539_cycle_1_34",2
"28297","virus_comp_539_cycle_1_35",2
"28298","virus_comp_539_cycle_1_44",2
"28299","virus_comp_539_cycle_1_5",2
"28300","virus_comp_539_cycle_1_53",2
"28301","virus_comp_539_cycle_1_56",2
"28302","virus_comp_539_cycle_1_57",2
"28303","virus_comp_539_cycle_1_61",2
"28304","virus_comp_539_cycle_1_62",2
"28305","virus_comp_539_cycle_1_7",2
"28306","virus_comp_539_cycle_1_8",2
"28307","virus_comp_540_cycle_1_19",2
"28308","virus_comp_540_cycle_1_23",2
"28309","virus_comp_540_cycle_1_26",2
"28310","virus_comp_540_cycle_1_34",2
"28311","virus_comp_540_cycle_1_38",2
"28312","virus_comp_540_cycle_1_39",2
"28313","virus_comp_540_cycle_1_40",2
"28314","virus_comp_540_cycle_1_42",2
"28315","virus_comp_540_cycle_1_45",2
"28316","virus_comp_540_cycle_1_46",2
"28317","virus_comp_540_cycle_1_47",2
"28318","virus_comp_540_cycle_1_57",2
"28319","virus_comp_540_cycle_1_60",2
"28320","virus_comp_540_cycle_1_61",2
"28321","virus_comp_540_cycle_1_69",2
"28322","virus_comp_540_cycle_1_73",2
"28323","virus_comp_540_cycle_1_75",2
"28324","virus_comp_540_cycle_1_76",2
"28325","virus_comp_540_cycle_1_78",2
"28326","virus_comp_540_cycle_1_81",2
"28327","virus_comp_540_cycle_1_82",2
"28328","virus_comp_540_cycle_1_84",2
"28329","virus_comp_540_cycle_1_86",2
"28330","virus_comp_5406_cycle_1_6",2
"28331","virus_comp_5415_cycle_1_2",2
"28332","virus_comp_5415_cycle_1_4",2
"28333","virus_comp_5417_cycle_1_2",2
"28334","virus_comp_5417_cycle_1_3",2
"28335","virus_comp_542_cycle_2_2",2
"28336","virus_comp_542_cycle_2_33",2
"28337","virus_comp_542_cycle_2_35",2
"28338","virus_comp_542_cycle_2_36",2
"28339","virus_comp_542_cycle_2_39",2
"28340","virus_comp_542_cycle_2_40",2
"28341","virus_comp_542_cycle_2_45",2
"28342","virus_comp_542_cycle_2_51",2
"28343","virus_comp_542_cycle_2_59",2
"28344","virus_comp_542_cycle_2_63",2
"28345","virus_comp_542_cycle_2_72",2
"28346","virus_comp_542_cycle_2_79",2
"28347","virus_comp_542_cycle_2_82",2
"28348","virus_comp_542_cycle_2_83",2
"28349","virus_comp_542_cycle_2_84",2
"28350","virus_comp_542_cycle_2_89",2
"28351","virus_comp_5420_cycle_1_3",2
"28352","virus_comp_5441_cycle_1_3",2
"28353","virus_comp_5446_cycle_1_2",2
"28354","virus_comp_5446_cycle_1_4",2
"28355","virus_comp_5451_cycle_1_1",2
"28356","virus_comp_546_cycle_1_2",2
"28357","virus_comp_546_cycle_1_3",2
"28358","virus_comp_546_cycle_1_4",2
"28359","virus_comp_547_cycle_1_10",2
"28360","virus_comp_547_cycle_1_4",2
"28361","virus_comp_547_cycle_1_6",2
"28362","virus_comp_5470_cycle_1_1",2
"28363","virus_comp_5470_cycle_1_2",2
"28364","virus_comp_5477_cycle_1_3",2
"28365","virus_comp_548_cycle_1_5",2
"28366","virus_comp_548_cycle_1_6",2
"28367","virus_comp_5488_cycle_1_5",2
"28368","virus_comp_5496_cycle_1_1",2
"28369","virus_comp_5507_cycle_1_1",2
"28370","virus_comp_551_cycle_1_10",2
"28371","virus_comp_551_cycle_1_11",2
"28372","virus_comp_551_cycle_1_15",2
"28373","virus_comp_551_cycle_1_33",2
"28374","virus_comp_551_cycle_1_45",2
"28375","virus_comp_551_cycle_1_46",2
"28376","virus_comp_551_cycle_1_47",2
"28377","virus_comp_551_cycle_1_49",2
"28378","virus_comp_551_cycle_1_51",2
"28379","virus_comp_551_cycle_1_53",2
"28380","virus_comp_551_cycle_1_54",2
"28381","virus_comp_551_cycle_1_55",2
"28382","virus_comp_551_cycle_1_58",2
"28383","virus_comp_551_cycle_1_59",2
"28384","virus_comp_551_cycle_1_64",2
"28385","virus_comp_551_cycle_1_67",2
"28386","virus_comp_551_cycle_1_7",2
"28387","virus_comp_5513_cycle_1_1",2
"28388","virus_comp_5513_cycle_1_3",2
"28389","virus_comp_5521_cycle_1_1",2
"28390","virus_comp_5521_cycle_1_2",2
"28391","virus_comp_5535_cycle_1_2",2
"28392","virus_comp_5535_cycle_1_3",2
"28393","virus_comp_5540_cycle_1_1",2
"28394","virus_comp_5566_cycle_1_1",2
"28395","virus_comp_5566_cycle_1_3",2
"28396","virus_comp_5566_cycle_1_5",2
"28397","virus_comp_5578_cycle_1_3",2
"28398","virus_comp_5579_cycle_1_1",2
"28399","virus_comp_558_cycle_1_1",2
"28400","virus_comp_558_cycle_1_4",2
"28401","virus_comp_5582_cycle_1_3",2
"28402","virus_comp_5587_cycle_1_4",2
"28403","virus_comp_5588_cycle_1_2",2
"28404","virus_comp_5599_cycle_1_2",2
"28405","virus_comp_5599_cycle_1_5",2
"28406","virus_comp_5608_cycle_1_2",2
"28407","virus_comp_5608_cycle_1_3",2
"28408","virus_comp_5608_cycle_1_4",2
"28409","virus_comp_5610_cycle_1_1",2
"28410","virus_comp_5610_cycle_1_4",2
"28411","virus_comp_5610_cycle_1_5",2
"28412","virus_comp_5617_cycle_1_2",2
"28413","virus_comp_5617_cycle_1_3",2
"28414","virus_comp_5617_cycle_1_4",2
"28415","virus_comp_5617_cycle_1_5",2
"28416","virus_comp_5617_cycle_1_7",2
"28417","virus_comp_562_cycle_1_15",2
"28418","virus_comp_562_cycle_1_3",2
"28419","virus_comp_562_cycle_1_4",2
"28420","virus_comp_562_cycle_1_7",2
"28421","virus_comp_5631_cycle_1_2",2
"28422","virus_comp_565_cycle_1_1",2
"28423","virus_comp_565_cycle_1_8",2
"28424","virus_comp_565_cycle_1_9",2
"28425","virus_comp_5658_cycle_1_4",2
"28426","virus_comp_5658_cycle_1_5",2
"28427","virus_comp_566_cycle_1_12",2
"28428","virus_comp_5663_cycle_1_4",2
"28429","virus_comp_5664_cycle_1_1",2
"28430","virus_comp_5664_cycle_1_2",2
"28431","virus_comp_567_cycle_1_23",2
"28432","virus_comp_567_cycle_1_33",2
"28433","virus_comp_567_cycle_1_50",2
"28434","virus_comp_567_cycle_1_54",2
"28435","virus_comp_567_cycle_1_9",2
"28436","virus_comp_5670_cycle_1_1",2
"28437","virus_comp_5670_cycle_1_2",2
"28438","virus_comp_5670_cycle_1_3",2
"28439","virus_comp_5677_cycle_1_4",2
"28440","virus_comp_568_cycle_1_11",2
"28441","virus_comp_568_cycle_1_16",2
"28442","virus_comp_568_cycle_1_25",2
"28443","virus_comp_568_cycle_1_26",2
"28444","virus_comp_568_cycle_1_29",2
"28445","virus_comp_568_cycle_1_3",2
"28446","virus_comp_568_cycle_1_36",2
"28447","virus_comp_568_cycle_1_7",2
"28448","virus_comp_568_cycle_1_8",2
"28449","virus_comp_568_cycle_1_9",2
"28450","virus_comp_5690_cycle_1_1",2
"28451","virus_comp_5690_cycle_1_4",2
"28452","virus_comp_5694_cycle_1_1",2
"28453","virus_comp_5707_cycle_1_2",2
"28454","virus_comp_5707_cycle_1_7",2
"28455","virus_comp_5721_cycle_1_4",2
"28456","virus_comp_573_cycle_1_1",2
"28457","virus_comp_5730_cycle_1_4",2
"28458","virus_comp_574_cycle_1_6",2
"28459","virus_comp_574_cycle_1_7",2
"28460","virus_comp_5776_cycle_1_2",2
"28461","virus_comp_5777_cycle_1_2",2
"28462","virus_comp_5777_cycle_1_3",2
"28463","virus_comp_5778_cycle_1_2",2
"28464","virus_comp_5778_cycle_1_3",2
"28465","virus_comp_5778_cycle_1_4",2
"28466","virus_comp_578_cycle_1_3",2
"28467","virus_comp_578_cycle_1_5",2
"28468","virus_comp_5785_cycle_1_1",2
"28469","virus_comp_5788_cycle_1_1",2
"28470","virus_comp_5789_cycle_1_1",2
"28471","virus_comp_5789_cycle_1_3",2
"28472","virus_comp_579_cycle_1_3",2
"28473","virus_comp_579_cycle_1_5",2
"28474","virus_comp_579_cycle_1_6",2
"28475","virus_comp_579_cycle_1_7",2
"28476","virus_comp_581_cycle_1_3",2
"28477","virus_comp_581_cycle_1_4",2
"28478","virus_comp_5810_cycle_1_2",2
"28479","virus_comp_582_cycle_1_1",2
"28480","virus_comp_582_cycle_1_2",2
"28481","virus_comp_5824_cycle_1_2",2
"28482","virus_comp_5829_cycle_1_2",2
"28483","virus_comp_5829_cycle_1_4",2
"28484","virus_comp_5831_cycle_1_2",2
"28485","virus_comp_5831_cycle_1_6",2
"28486","virus_comp_584_cycle_1_4",2
"28487","virus_comp_5848_cycle_1_2",2
"28488","virus_comp_5856_cycle_1_2",2
"28489","virus_comp_5856_cycle_1_3",2
"28490","virus_comp_5857_cycle_1_2",2
"28491","virus_comp_5863_cycle_1_5",2
"28492","virus_comp_587_cycle_1_10",2
"28493","virus_comp_587_cycle_1_12",2
"28494","virus_comp_587_cycle_1_14",2
"28495","virus_comp_587_cycle_1_15",2
"28496","virus_comp_587_cycle_1_2",2
"28497","virus_comp_587_cycle_1_21",2
"28498","virus_comp_587_cycle_1_23",2
"28499","virus_comp_587_cycle_1_3",2
"28500","virus_comp_587_cycle_1_33",2
"28501","virus_comp_587_cycle_1_35",2
"28502","virus_comp_587_cycle_1_41",2
"28503","virus_comp_587_cycle_1_45",2
"28504","virus_comp_587_cycle_1_48",2
"28505","virus_comp_587_cycle_1_55",2
"28506","virus_comp_587_cycle_1_57",2
"28507","virus_comp_587_cycle_1_58",2
"28508","virus_comp_587_cycle_1_59",2
"28509","virus_comp_587_cycle_1_6",2
"28510","virus_comp_587_cycle_1_60",2
"28511","virus_comp_587_cycle_1_61",2
"28512","virus_comp_587_cycle_1_62",2
"28513","virus_comp_587_cycle_1_66",2
"28514","virus_comp_587_cycle_1_75",2
"28515","virus_comp_587_cycle_1_76",2
"28516","virus_comp_587_cycle_1_8",2
"28517","virus_comp_587_cycle_1_85",2
"28518","virus_comp_587_cycle_1_89",2
"28519","virus_comp_5871_cycle_1_1",2
"28520","virus_comp_588_cycle_1_16",2
"28521","virus_comp_588_cycle_1_25",2
"28522","virus_comp_588_cycle_1_26",2
"28523","virus_comp_588_cycle_1_27",2
"28524","virus_comp_588_cycle_1_28",2
"28525","virus_comp_588_cycle_1_30",2
"28526","virus_comp_588_cycle_1_32",2
"28527","virus_comp_588_cycle_1_35",2
"28528","virus_comp_588_cycle_1_37",2
"28529","virus_comp_588_cycle_1_38",2
"28530","virus_comp_588_cycle_1_41",2
"28531","virus_comp_588_cycle_1_51",2
"28532","virus_comp_588_cycle_1_52",2
"28533","virus_comp_588_cycle_1_54",2
"28534","virus_comp_588_cycle_1_57",2
"28535","virus_comp_588_cycle_1_6",2
"28536","virus_comp_588_cycle_1_60",2
"28537","virus_comp_588_cycle_1_66",2
"28538","virus_comp_588_cycle_1_68",2
"28539","virus_comp_588_cycle_1_69",2
"28540","virus_comp_588_cycle_1_7",2
"28541","virus_comp_588_cycle_1_70",2
"28542","virus_comp_588_cycle_1_71",2
"28543","virus_comp_588_cycle_1_76",2
"28544","virus_comp_5881_cycle_1_1",2
"28545","virus_comp_5881_cycle_1_2",2
"28546","virus_comp_5883_cycle_1_3",2
"28547","virus_comp_589_cycle_1_21",2
"28548","virus_comp_589_cycle_1_22",2
"28549","virus_comp_589_cycle_1_25",2
"28550","virus_comp_589_cycle_1_27",2
"28551","virus_comp_589_cycle_1_31",2
"28552","virus_comp_589_cycle_1_37",2
"28553","virus_comp_589_cycle_1_38",2
"28554","virus_comp_589_cycle_1_4",2
"28555","virus_comp_589_cycle_1_44",2
"28556","virus_comp_589_cycle_1_58",2
"28557","virus_comp_589_cycle_1_64",2
"28558","virus_comp_5893_cycle_1_2",2
"28559","virus_comp_590_cycle_2_22",2
"28560","virus_comp_590_cycle_2_3",2
"28561","virus_comp_590_cycle_2_5",2
"28562","virus_comp_590_cycle_2_50",2
"28563","virus_comp_5911_cycle_1_6",2
"28564","virus_comp_5925_cycle_1_2",2
"28565","virus_comp_5925_cycle_1_3",2
"28566","virus_comp_593_cycle_1_123",2
"28567","virus_comp_593_cycle_1_16",2
"28568","virus_comp_593_cycle_1_17",2
"28569","virus_comp_593_cycle_1_22",2
"28570","virus_comp_593_cycle_1_24",2
"28571","virus_comp_593_cycle_1_33",2
"28572","virus_comp_593_cycle_1_34",2
"28573","virus_comp_593_cycle_1_41",2
"28574","virus_comp_593_cycle_1_42",2
"28575","virus_comp_593_cycle_1_44",2
"28576","virus_comp_593_cycle_1_58",2
"28577","virus_comp_593_cycle_1_72",2
"28578","virus_comp_593_cycle_1_75",2
"28579","virus_comp_593_cycle_1_78",2
"28580","virus_comp_593_cycle_1_93",2
"28581","virus_comp_5931_cycle_1_3",2
"28582","virus_comp_5934_cycle_1_1",2
"28583","virus_comp_5934_cycle_1_2",2
"28584","virus_comp_596_cycle_1_6",2
"28585","virus_comp_5961_cycle_1_2",2
"28586","virus_comp_5974_cycle_1_2",2
"28587","virus_comp_5979_cycle_1_1",2
"28588","virus_comp_598_cycle_1_1",2
"28589","virus_comp_598_cycle_1_11",2
"28590","virus_comp_598_cycle_1_14",2
"28591","virus_comp_598_cycle_1_3",2
"28592","virus_comp_5985_cycle_1_1",2
"28593","virus_comp_5985_cycle_1_2",2
"28594","virus_comp_5987_cycle_1_3",2
"28595","virus_comp_5996_cycle_1_2",2
"28596","virus_comp_5996_cycle_1_3",2
"28597","virus_comp_601_cycle_1_1",2
"28598","virus_comp_601_cycle_1_2",2
"28599","virus_comp_601_cycle_1_3",2
"28600","virus_comp_602_cycle_1_10",2
"28601","virus_comp_602_cycle_1_11",2
"28602","virus_comp_602_cycle_1_6",2
"28603","virus_comp_604_cycle_1_5",2
"28604","virus_comp_6041_cycle_1_2",2
"28605","virus_comp_605_cycle_1_10",2
"28606","virus_comp_605_cycle_1_13",2
"28607","virus_comp_605_cycle_1_2",2
"28608","virus_comp_605_cycle_1_3",2
"28609","virus_comp_605_cycle_1_6",2
"28610","virus_comp_605_cycle_1_7",2
"28611","virus_comp_6089_cycle_1_2",2
"28612","virus_comp_609_cycle_1_12",2
"28613","virus_comp_609_cycle_1_15",2
"28614","virus_comp_609_cycle_1_18",2
"28615","virus_comp_609_cycle_1_19",2
"28616","virus_comp_609_cycle_1_20",2
"28617","virus_comp_609_cycle_1_22",2
"28618","virus_comp_609_cycle_1_27",2
"28619","virus_comp_609_cycle_1_29",2
"28620","virus_comp_609_cycle_1_30",2
"28621","virus_comp_609_cycle_1_32",2
"28622","virus_comp_609_cycle_1_33",2
"28623","virus_comp_609_cycle_1_34",2
"28624","virus_comp_609_cycle_1_35",2
"28625","virus_comp_609_cycle_1_38",2
"28626","virus_comp_609_cycle_1_40",2
"28627","virus_comp_609_cycle_1_43",2
"28628","virus_comp_609_cycle_1_46",2
"28629","virus_comp_609_cycle_1_47",2
"28630","virus_comp_609_cycle_1_49",2
"28631","virus_comp_609_cycle_1_55",2
"28632","virus_comp_609_cycle_1_6",2
"28633","virus_comp_609_cycle_1_62",2
"28634","virus_comp_609_cycle_1_63",2
"28635","virus_comp_609_cycle_1_7",2
"28636","virus_comp_609_cycle_1_70",2
"28637","virus_comp_609_cycle_1_8",2
"28638","virus_comp_6095_cycle_1_1",2
"28639","virus_comp_6095_cycle_1_5",2
"28640","virus_comp_6095_cycle_1_6",2
"28641","virus_comp_610_cycle_1_50",2
"28642","virus_comp_610_cycle_1_58",2
"28643","virus_comp_610_cycle_1_59",2
"28644","virus_comp_6104_cycle_1_1",2
"28645","virus_comp_611_cycle_1_1",2
"28646","virus_comp_611_cycle_1_10",2
"28647","virus_comp_611_cycle_1_12",2
"28648","virus_comp_611_cycle_1_13",2
"28649","virus_comp_611_cycle_1_14",2
"28650","virus_comp_611_cycle_1_19",2
"28651","virus_comp_611_cycle_1_20",2
"28652","virus_comp_611_cycle_1_22",2
"28653","virus_comp_611_cycle_1_23",2
"28654","virus_comp_611_cycle_1_24",2
"28655","virus_comp_611_cycle_1_30",2
"28656","virus_comp_611_cycle_1_31",2
"28657","virus_comp_611_cycle_1_32",2
"28658","virus_comp_611_cycle_1_35",2
"28659","virus_comp_611_cycle_1_43",2
"28660","virus_comp_611_cycle_1_45",2
"28661","virus_comp_611_cycle_1_51",2
"28662","virus_comp_611_cycle_1_54",2
"28663","virus_comp_611_cycle_1_59",2
"28664","virus_comp_611_cycle_1_60",2
"28665","virus_comp_611_cycle_1_61",2
"28666","virus_comp_611_cycle_1_64",2
"28667","virus_comp_611_cycle_1_67",2
"28668","virus_comp_611_cycle_1_68",2
"28669","virus_comp_611_cycle_1_69",2
"28670","virus_comp_611_cycle_1_70",2
"28671","virus_comp_611_cycle_1_71",2
"28672","virus_comp_611_cycle_1_72",2
"28673","virus_comp_611_cycle_1_74",2
"28674","virus_comp_611_cycle_1_75",2
"28675","virus_comp_611_cycle_1_79",2
"28676","virus_comp_611_cycle_1_80",2
"28677","virus_comp_611_cycle_1_9",2
"28678","virus_comp_6129_cycle_1_2",2
"28679","virus_comp_613_cycle_1_33",2
"28680","virus_comp_613_cycle_1_35",2
"28681","virus_comp_613_cycle_1_46",2
"28682","virus_comp_613_cycle_1_48",2
"28683","virus_comp_613_cycle_1_52",2
"28684","virus_comp_613_cycle_1_54",2
"28685","virus_comp_613_cycle_1_58",2
"28686","virus_comp_6132_cycle_1_3",2
"28687","virus_comp_6152_cycle_1_4",2
"28688","virus_comp_6165_cycle_1_1",2
"28689","virus_comp_617_cycle_1_2",2
"28690","virus_comp_6182_cycle_1_4",2
"28691","virus_comp_619_cycle_1_15",2
"28692","virus_comp_620_cycle_1_4",2
"28693","virus_comp_620_cycle_1_5",2
"28694","virus_comp_622_cycle_1_16",2
"28695","virus_comp_622_cycle_1_20",2
"28696","virus_comp_622_cycle_1_21",2
"28697","virus_comp_622_cycle_1_4",2
"28698","virus_comp_623_cycle_1_3",2
"28699","virus_comp_623_cycle_1_5",2
"28700","virus_comp_623_cycle_1_6",2
"28701","virus_comp_623_cycle_1_8",2
"28702","virus_comp_6234_cycle_1_1",2
"28703","virus_comp_6234_cycle_1_2",2
"28704","virus_comp_6234_cycle_1_4",2
"28705","virus_comp_6239_cycle_1_2",2
"28706","virus_comp_6239_cycle_1_5",2
"28707","virus_comp_624_cycle_1_1",2
"28708","virus_comp_625_cycle_1_2",2
"28709","virus_comp_625_cycle_1_4",2
"28710","virus_comp_625_cycle_1_5",2
"28711","virus_comp_6255_cycle_1_3",2
"28712","virus_comp_626_cycle_1_1",2
"28713","virus_comp_626_cycle_1_2",2
"28714","virus_comp_626_cycle_1_5",2
"28715","virus_comp_627_cycle_1_5",2
"28716","virus_comp_6278_cycle_1_1",2
"28717","virus_comp_6286_cycle_1_1",2
"28718","virus_comp_6286_cycle_1_2",2
"28719","virus_comp_6296_cycle_1_1",2
"28720","virus_comp_6296_cycle_1_2",2
"28721","virus_comp_6296_cycle_1_4",2
"28722","virus_comp_630_cycle_1_3",2
"28723","virus_comp_630_cycle_1_5",2
"28724","virus_comp_631_cycle_1_1",2
"28725","virus_comp_6313_cycle_1_2",2
"28726","virus_comp_6315_cycle_1_1",2
"28727","virus_comp_6315_cycle_1_2",2
"28728","virus_comp_6315_cycle_1_3",2
"28729","virus_comp_6315_cycle_1_4",2
"28730","virus_comp_6315_cycle_1_8",2
"28731","virus_comp_6337_cycle_1_2",2
"28732","virus_comp_6337_cycle_1_4",2
"28733","virus_comp_634_cycle_1_11",2
"28734","virus_comp_634_cycle_1_19",2
"28735","virus_comp_634_cycle_1_3",2
"28736","virus_comp_634_cycle_1_39",2
"28737","virus_comp_634_cycle_1_48",2
"28738","virus_comp_634_cycle_1_49",2
"28739","virus_comp_634_cycle_1_53",2
"28740","virus_comp_634_cycle_1_54",2
"28741","virus_comp_634_cycle_1_56",2
"28742","virus_comp_634_cycle_1_57",2
"28743","virus_comp_634_cycle_1_59",2
"28744","virus_comp_634_cycle_1_60",2
"28745","virus_comp_634_cycle_1_64",2
"28746","virus_comp_634_cycle_1_69",2
"28747","virus_comp_634_cycle_1_75",2
"28748","virus_comp_634_cycle_1_79",2
"28749","virus_comp_634_cycle_1_81",2
"28750","virus_comp_634_cycle_1_83",2
"28751","virus_comp_6342_cycle_1_1",2
"28752","virus_comp_6343_cycle_1_3",2
"28753","virus_comp_6343_cycle_1_5",2
"28754","virus_comp_6349_cycle_1_1",2
"28755","virus_comp_6349_cycle_1_2",2
"28756","virus_comp_6355_cycle_1_1",2
"28757","virus_comp_6359_cycle_1_2",2
"28758","virus_comp_6359_cycle_1_4",2
"28759","virus_comp_636_cycle_1_10",2
"28760","virus_comp_636_cycle_1_12",2
"28761","virus_comp_636_cycle_1_2",2
"28762","virus_comp_636_cycle_1_31",2
"28763","virus_comp_636_cycle_1_36",2
"28764","virus_comp_636_cycle_1_37",2
"28765","virus_comp_636_cycle_1_38",2
"28766","virus_comp_636_cycle_1_39",2
"28767","virus_comp_636_cycle_1_41",2
"28768","virus_comp_636_cycle_1_45",2
"28769","virus_comp_636_cycle_1_47",2
"28770","virus_comp_636_cycle_1_5",2
"28771","virus_comp_636_cycle_1_51",2
"28772","virus_comp_636_cycle_1_57",2
"28773","virus_comp_636_cycle_1_59",2
"28774","virus_comp_636_cycle_1_61",2
"28775","virus_comp_636_cycle_1_63",2
"28776","virus_comp_636_cycle_1_64",2
"28777","virus_comp_636_cycle_1_65",2
"28778","virus_comp_636_cycle_1_68",2
"28779","virus_comp_636_cycle_1_8",2
"28780","virus_comp_6361_cycle_1_4",2
"28781","virus_comp_6363_cycle_1_2",2
"28782","virus_comp_6363_cycle_1_3",2
"28783","virus_comp_6367_cycle_1_2",2
"28784","virus_comp_6373_cycle_1_1",2
"28785","virus_comp_6373_cycle_1_3",2
"28786","virus_comp_6373_cycle_1_4",2
"28787","virus_comp_6373_cycle_1_5",2
"28788","virus_comp_6373_cycle_1_6",2
"28789","virus_comp_6375_cycle_1_4",2
"28790","virus_comp_638_cycle_1_1",2
"28791","virus_comp_638_cycle_1_5",2
"28792","virus_comp_638_cycle_1_6",2
"28793","virus_comp_6380_cycle_1_2",2
"28794","virus_comp_6387_cycle_1_1",2
"28795","virus_comp_6389_cycle_1_1",2
"28796","virus_comp_6390_cycle_1_3",2
"28797","virus_comp_6395_cycle_1_4",2
"28798","virus_comp_6395_cycle_1_5",2
"28799","virus_comp_6397_cycle_1_2",2
"28800","virus_comp_6403_cycle_1_6",2
"28801","virus_comp_6416_cycle_1_1",2
"28802","virus_comp_6416_cycle_1_3",2
"28803","virus_comp_6419_cycle_1_1",2
"28804","virus_comp_6419_cycle_1_3",2
"28805","virus_comp_6423_cycle_1_2",2
"28806","virus_comp_6433_cycle_1_1",2
"28807","virus_comp_6434_cycle_1_1",2
"28808","virus_comp_6434_cycle_1_2",2
"28809","virus_comp_6434_cycle_1_4",2
"28810","virus_comp_6434_cycle_1_6",2
"28811","virus_comp_6445_cycle_1_1",2
"28812","virus_comp_645_cycle_1_1",2
"28813","virus_comp_645_cycle_1_13",2
"28814","virus_comp_645_cycle_1_15",2
"28815","virus_comp_645_cycle_1_16",2
"28816","virus_comp_645_cycle_1_17",2
"28817","virus_comp_645_cycle_1_18",2
"28818","virus_comp_645_cycle_1_19",2
"28819","virus_comp_645_cycle_1_2",2
"28820","virus_comp_645_cycle_1_21",2
"28821","virus_comp_645_cycle_1_24",2
"28822","virus_comp_645_cycle_1_25",2
"28823","virus_comp_645_cycle_1_3",2
"28824","virus_comp_645_cycle_1_4",2
"28825","virus_comp_645_cycle_1_9",2
"28826","virus_comp_6465_cycle_1_1",2
"28827","virus_comp_6468_cycle_1_2",2
"28828","virus_comp_647_cycle_1_2",2
"28829","virus_comp_647_cycle_1_3",2
"28830","virus_comp_647_cycle_1_4",2
"28831","virus_comp_647_cycle_1_5",2
"28832","virus_comp_647_cycle_1_7",2
"28833","virus_comp_647_cycle_1_8",2
"28834","virus_comp_648_cycle_1_2",2
"28835","virus_comp_648_cycle_1_4",2
"28836","virus_comp_651_cycle_1_1",2
"28837","virus_comp_651_cycle_1_10",2
"28838","virus_comp_651_cycle_1_12",2
"28839","virus_comp_651_cycle_1_15",2
"28840","virus_comp_651_cycle_1_18",2
"28841","virus_comp_651_cycle_1_19",2
"28842","virus_comp_651_cycle_1_2",2
"28843","virus_comp_651_cycle_1_20",2
"28844","virus_comp_651_cycle_1_21",2
"28845","virus_comp_651_cycle_1_25",2
"28846","virus_comp_651_cycle_1_27",2
"28847","virus_comp_651_cycle_1_28",2
"28848","virus_comp_651_cycle_1_29",2
"28849","virus_comp_651_cycle_1_35",2
"28850","virus_comp_651_cycle_1_40",2
"28851","virus_comp_651_cycle_1_48",2
"28852","virus_comp_651_cycle_1_54",2
"28853","virus_comp_651_cycle_1_6",2
"28854","virus_comp_651_cycle_1_63",2
"28855","virus_comp_651_cycle_1_7",2
"28856","virus_comp_651_cycle_1_9",2
"28857","virus_comp_6510_cycle_1_1",2
"28858","virus_comp_6514_cycle_1_4",2
"28859","virus_comp_652_cycle_1_2",2
"28860","virus_comp_652_cycle_1_3",2
"28861","virus_comp_653_cycle_1_1",2
"28862","virus_comp_653_cycle_1_2",2
"28863","virus_comp_6539_cycle_1_2",2
"28864","virus_comp_654_cycle_1_1",2
"28865","virus_comp_6540_cycle_1_1",2
"28866","virus_comp_6540_cycle_1_2",2
"28867","virus_comp_6541_cycle_1_2",2
"28868","virus_comp_6552_cycle_1_2",2
"28869","virus_comp_656_cycle_1_1",2
"28870","virus_comp_656_cycle_1_2",2
"28871","virus_comp_656_cycle_1_5",2
"28872","virus_comp_656_cycle_1_8",2
"28873","virus_comp_656_cycle_1_9",2
"28874","virus_comp_6565_cycle_1_2",2
"28875","virus_comp_6568_cycle_1_1",2
"28876","virus_comp_657_cycle_1_11",2
"28877","virus_comp_657_cycle_1_16",2
"28878","virus_comp_657_cycle_1_17",2
"28879","virus_comp_657_cycle_1_18",2
"28880","virus_comp_657_cycle_1_20",2
"28881","virus_comp_657_cycle_1_22",2
"28882","virus_comp_657_cycle_1_23",2
"28883","virus_comp_657_cycle_1_24",2
"28884","virus_comp_657_cycle_1_25",2
"28885","virus_comp_657_cycle_1_27",2
"28886","virus_comp_657_cycle_1_29",2
"28887","virus_comp_657_cycle_1_3",2
"28888","virus_comp_657_cycle_1_30",2
"28889","virus_comp_657_cycle_1_31",2
"28890","virus_comp_657_cycle_1_33",2
"28891","virus_comp_657_cycle_1_38",2
"28892","virus_comp_657_cycle_1_42",2
"28893","virus_comp_657_cycle_1_43",2
"28894","virus_comp_657_cycle_1_44",2
"28895","virus_comp_657_cycle_1_48",2
"28896","virus_comp_657_cycle_1_49",2
"28897","virus_comp_657_cycle_1_50",2
"28898","virus_comp_657_cycle_1_52",2
"28899","virus_comp_657_cycle_1_53",2
"28900","virus_comp_657_cycle_1_54",2
"28901","virus_comp_657_cycle_1_60",2
"28902","virus_comp_657_cycle_1_65",2
"28903","virus_comp_657_cycle_1_67",2
"28904","virus_comp_657_cycle_1_68",2
"28905","virus_comp_657_cycle_1_7",2
"28906","virus_comp_657_cycle_1_71",2
"28907","virus_comp_657_cycle_1_72",2
"28908","virus_comp_657_cycle_1_73",2
"28909","virus_comp_657_cycle_1_8",2
"28910","virus_comp_6574_cycle_1_3",2
"28911","virus_comp_6587_cycle_1_2",2
"28912","virus_comp_659_cycle_1_1",2
"28913","virus_comp_6593_cycle_1_1",2
"28914","virus_comp_661_cycle_1_5",2
"28915","virus_comp_662_cycle_1_10",2
"28916","virus_comp_662_cycle_1_7",2
"28917","virus_comp_662_cycle_1_8",2
"28918","virus_comp_662_cycle_1_9",2
"28919","virus_comp_6620_cycle_1_2",2
"28920","virus_comp_6620_cycle_1_3",2
"28921","virus_comp_6623_cycle_1_3",2
"28922","virus_comp_6623_cycle_1_4",2
"28923","virus_comp_6623_cycle_1_5",2
"28924","virus_comp_6630_cycle_1_2",2
"28925","virus_comp_6635_cycle_1_2",2
"28926","virus_comp_6635_cycle_1_4",2
"28927","virus_comp_664_cycle_1_16",2
"28928","virus_comp_664_cycle_1_6",2
"28929","virus_comp_664_cycle_1_8",2
"28930","virus_comp_6643_cycle_1_1",2
"28931","virus_comp_6645_cycle_1_5",2
"28932","virus_comp_6647_cycle_1_4",2
"28933","virus_comp_665_cycle_1_1",2
"28934","virus_comp_665_cycle_1_7",2
"28935","virus_comp_6656_cycle_1_1",2
"28936","virus_comp_6656_cycle_1_2",2
"28937","virus_comp_6656_cycle_1_3",2
"28938","virus_comp_666_cycle_1_6",2
"28939","virus_comp_6679_cycle_1_2",2
"28940","virus_comp_6691_cycle_1_2",2
"28941","virus_comp_6691_cycle_1_3",2
"28942","virus_comp_6695_cycle_1_1",2
"28943","virus_comp_6695_cycle_1_2",2
"28944","virus_comp_6695_cycle_1_3",2
"28945","virus_comp_6695_cycle_1_6",2
"28946","virus_comp_67_cycle_1_28",2
"28947","virus_comp_67_cycle_1_29",2
"28948","virus_comp_67_cycle_1_33",2
"28949","virus_comp_67_cycle_1_36",2
"28950","virus_comp_67_cycle_1_39",2
"28951","virus_comp_67_cycle_1_40",2
"28952","virus_comp_6701_cycle_1_1",2
"28953","virus_comp_671_cycle_1_1",2
"28954","virus_comp_6718_cycle_1_1",2
"28955","virus_comp_6718_cycle_1_2",2
"28956","virus_comp_6719_cycle_1_1",2
"28957","virus_comp_6719_cycle_1_2",2
"28958","virus_comp_672_cycle_1_1",2
"28959","virus_comp_6721_cycle_1_1",2
"28960","virus_comp_6721_cycle_1_3",2
"28961","virus_comp_6724_cycle_1_2",2
"28962","virus_comp_6726_cycle_1_2",2
"28963","virus_comp_6726_cycle_1_3",2
"28964","virus_comp_673_cycle_1_2",2
"28965","virus_comp_6735_cycle_1_1",2
"28966","virus_comp_674_cycle_1_13",2
"28967","virus_comp_674_cycle_1_17",2
"28968","virus_comp_674_cycle_1_18",2
"28969","virus_comp_674_cycle_1_2",2
"28970","virus_comp_674_cycle_1_4",2
"28971","virus_comp_674_cycle_1_7",2
"28972","virus_comp_674_cycle_1_8",2
"28973","virus_comp_674_cycle_1_9",2
"28974","virus_comp_675_cycle_1_2",2
"28975","virus_comp_6759_cycle_1_1",2
"28976","virus_comp_676_cycle_1_9",2
"28977","virus_comp_6761_cycle_1_2",2
"28978","virus_comp_6761_cycle_1_3",2
"28979","virus_comp_677_cycle_1_2",2
"28980","virus_comp_6784_cycle_1_4",2
"28981","virus_comp_6784_cycle_1_5",2
"28982","virus_comp_680_cycle_1_1",2
"28983","virus_comp_680_cycle_1_10",2
"28984","virus_comp_680_cycle_1_4",2
"28985","virus_comp_680_cycle_1_5",2
"28986","virus_comp_680_cycle_1_6",2
"28987","virus_comp_680_cycle_1_7",2
"28988","virus_comp_680_cycle_1_9",2
"28989","virus_comp_681_cycle_1_1",2
"28990","virus_comp_681_cycle_1_11",2
"28991","virus_comp_681_cycle_1_12",2
"28992","virus_comp_681_cycle_1_14",2
"28993","virus_comp_681_cycle_1_15",2
"28994","virus_comp_681_cycle_1_16",2
"28995","virus_comp_681_cycle_1_17",2
"28996","virus_comp_681_cycle_1_18",2
"28997","virus_comp_681_cycle_1_19",2
"28998","virus_comp_681_cycle_1_2",2
"28999","virus_comp_681_cycle_1_20",2
"29000","virus_comp_681_cycle_1_27",2
"29001","virus_comp_681_cycle_1_42",2
"29002","virus_comp_6810_cycle_1_3",2
"29003","virus_comp_683_cycle_1_3",2
"29004","virus_comp_6843_cycle_1_1",2
"29005","virus_comp_6847_cycle_1_4",2
"29006","virus_comp_685_cycle_1_1",2
"29007","virus_comp_685_cycle_1_3",2
"29008","virus_comp_6850_cycle_1_1",2
"29009","virus_comp_6850_cycle_1_3",2
"29010","virus_comp_6851_cycle_1_1",2
"29011","virus_comp_6851_cycle_1_2",2
"29012","virus_comp_686_cycle_1_2",2
"29013","virus_comp_686_cycle_1_3",2
"29014","virus_comp_6874_cycle_1_2",2
"29015","virus_comp_6886_cycle_1_2",2
"29016","virus_comp_6886_cycle_1_3",2
"29017","virus_comp_6889_cycle_1_2",2
"29018","virus_comp_689_cycle_1_4",2
"29019","virus_comp_689_cycle_1_5",2
"29020","virus_comp_689_cycle_1_6",2
"29021","virus_comp_6896_cycle_1_6",2
"29022","virus_comp_69_cycle_1_12",2
"29023","virus_comp_69_cycle_1_14",2
"29024","virus_comp_69_cycle_1_19",2
"29025","virus_comp_69_cycle_1_2",2
"29026","virus_comp_69_cycle_1_26",2
"29027","virus_comp_69_cycle_1_27",2
"29028","virus_comp_69_cycle_1_28",2
"29029","virus_comp_69_cycle_1_33",2
"29030","virus_comp_69_cycle_1_38",2
"29031","virus_comp_69_cycle_1_44",2
"29032","virus_comp_69_cycle_1_6",2
"29033","virus_comp_69_cycle_1_8",2
"29034","virus_comp_690_cycle_1_3",2
"29035","virus_comp_6911_cycle_1_4",2
"29036","virus_comp_692_cycle_1_12",2
"29037","virus_comp_6920_cycle_1_2",2
"29038","virus_comp_693_cycle_1_2",2
"29039","virus_comp_694_cycle_1_1",2
"29040","virus_comp_695_cycle_1_2",2
"29041","virus_comp_695_cycle_1_3",2
"29042","virus_comp_6953_cycle_1_2",2
"29043","virus_comp_6954_cycle_1_1",2
"29044","virus_comp_6954_cycle_1_2",2
"29045","virus_comp_6954_cycle_1_3",2
"29046","virus_comp_6962_cycle_1_1",2
"29047","virus_comp_697_cycle_1_3",2
"29048","virus_comp_6971_cycle_1_1",2
"29049","virus_comp_6971_cycle_1_2",2
"29050","virus_comp_6976_cycle_1_2",2
"29051","virus_comp_6977_cycle_1_2",2
"29052","virus_comp_6984_cycle_1_1",2
"29053","virus_comp_699_cycle_1_10",2
"29054","virus_comp_699_cycle_1_11",2
"29055","virus_comp_699_cycle_1_15",2
"29056","virus_comp_699_cycle_1_16",2
"29057","virus_comp_699_cycle_1_42",2
"29058","virus_comp_699_cycle_1_47",2
"29059","virus_comp_699_cycle_1_53",2
"29060","virus_comp_699_cycle_1_73",2
"29061","virus_comp_699_cycle_1_9",2
"29062","virus_comp_6993_cycle_1_4",2
"29063","virus_comp_700_cycle_1_3",2
"29064","virus_comp_700_cycle_1_5",2
"29065","virus_comp_700_cycle_1_9",2
"29066","virus_comp_7010_cycle_1_1",2
"29067","virus_comp_7016_cycle_1_1",2
"29068","virus_comp_7016_cycle_1_4",2
"29069","virus_comp_702_cycle_1_3",2
"29070","virus_comp_7021_cycle_1_3",2
"29071","virus_comp_703_cycle_1_4",2
"29072","virus_comp_703_cycle_1_5",2
"29073","virus_comp_703_cycle_1_6",2
"29074","virus_comp_703_cycle_1_7",2
"29075","virus_comp_7038_cycle_1_1",2
"29076","virus_comp_7038_cycle_1_2",2
"29077","virus_comp_7038_cycle_1_4",2
"29078","virus_comp_7046_cycle_1_2",2
"29079","virus_comp_7049_cycle_1_4",2
"29080","virus_comp_7049_cycle_1_5",2
"29081","virus_comp_707_cycle_1_1",2
"29082","virus_comp_707_cycle_1_18",2
"29083","virus_comp_707_cycle_1_2",2
"29084","virus_comp_707_cycle_1_23",2
"29085","virus_comp_707_cycle_1_34",2
"29086","virus_comp_707_cycle_1_4",2
"29087","virus_comp_707_cycle_1_44",2
"29088","virus_comp_707_cycle_1_47",2
"29089","virus_comp_707_cycle_1_48",2
"29090","virus_comp_707_cycle_1_52",2
"29091","virus_comp_707_cycle_1_56",2
"29092","virus_comp_707_cycle_1_59",2
"29093","virus_comp_707_cycle_1_6",2
"29094","virus_comp_707_cycle_1_60",2
"29095","virus_comp_707_cycle_1_61",2
"29096","virus_comp_707_cycle_1_7",2
"29097","virus_comp_707_cycle_1_8",2
"29098","virus_comp_708_cycle_1_8",2
"29099","virus_comp_7111_cycle_1_2",2
"29100","virus_comp_7113_cycle_1_2",2
"29101","virus_comp_7113_cycle_1_3",2
"29102","virus_comp_7116_cycle_1_1",2
"29103","virus_comp_7117_cycle_1_2",2
"29104","virus_comp_7117_cycle_1_4",2
"29105","virus_comp_7117_cycle_1_5",2
"29106","virus_comp_7122_cycle_1_3",2
"29107","virus_comp_7137_cycle_1_1",2
"29108","virus_comp_714_cycle_1_1",2
"29109","virus_comp_714_cycle_1_6",2
"29110","virus_comp_7140_cycle_1_1",2
"29111","virus_comp_716_cycle_1_1",2
"29112","virus_comp_716_cycle_1_6",2
"29113","virus_comp_7165_cycle_1_2",2
"29114","virus_comp_717_cycle_1_1",2
"29115","virus_comp_719_cycle_1_2",2
"29116","virus_comp_719_cycle_1_3",2
"29117","virus_comp_719_cycle_1_5",2
"29118","virus_comp_720_cycle_1_16",2
"29119","virus_comp_720_cycle_1_27",2
"29120","virus_comp_720_cycle_1_7",2
"29121","virus_comp_721_cycle_1_1",2
"29122","virus_comp_721_cycle_1_11",2
"29123","virus_comp_721_cycle_1_2",2
"29124","virus_comp_7216_cycle_1_1",2
"29125","virus_comp_722_cycle_1_12",2
"29126","virus_comp_722_cycle_1_23",2
"29127","virus_comp_7234_cycle_1_4",2
"29128","virus_comp_7241_cycle_1_2",2
"29129","virus_comp_7248_cycle_1_4",2
"29130","virus_comp_725_cycle_1_11",2
"29131","virus_comp_725_cycle_1_13",2
"29132","virus_comp_725_cycle_1_24",2
"29133","virus_comp_725_cycle_1_25",2
"29134","virus_comp_725_cycle_1_32",2
"29135","virus_comp_725_cycle_1_34",2
"29136","virus_comp_725_cycle_1_36",2
"29137","virus_comp_725_cycle_1_37",2
"29138","virus_comp_725_cycle_1_60",2
"29139","virus_comp_725_cycle_1_9",2
"29140","virus_comp_727_cycle_1_13",2
"29141","virus_comp_727_cycle_1_14",2
"29142","virus_comp_727_cycle_1_22",2
"29143","virus_comp_727_cycle_1_29",2
"29144","virus_comp_727_cycle_1_30",2
"29145","virus_comp_727_cycle_1_32",2
"29146","virus_comp_727_cycle_1_36",2
"29147","virus_comp_727_cycle_1_48",2
"29148","virus_comp_727_cycle_1_8",2
"29149","virus_comp_727_cycle_1_9",2
"29150","virus_comp_7284_cycle_1_2",2
"29151","virus_comp_7286_cycle_1_3",2
"29152","virus_comp_7286_cycle_1_4",2
"29153","virus_comp_729_cycle_1_28",2
"29154","virus_comp_729_cycle_1_3",2
"29155","virus_comp_729_cycle_1_36",2
"29156","virus_comp_729_cycle_1_40",2
"29157","virus_comp_7290_cycle_1_1",2
"29158","virus_comp_7290_cycle_1_2",2
"29159","virus_comp_731_cycle_1_1",2
"29160","virus_comp_7317_cycle_1_1",2
"29161","virus_comp_7324_cycle_1_3",2
"29162","virus_comp_7330_cycle_1_1",2
"29163","virus_comp_7368_cycle_1_3",2
"29164","virus_comp_7380_cycle_1_3",2
"29165","virus_comp_7405_cycle_1_4",2
"29166","virus_comp_7406_cycle_1_1",2
"29167","virus_comp_7412_cycle_1_4",2
"29168","virus_comp_7424_cycle_1_2",2
"29169","virus_comp_7424_cycle_1_3",2
"29170","virus_comp_7424_cycle_1_4",2
"29171","virus_comp_744_cycle_1_13",2
"29172","virus_comp_744_cycle_1_4",2
"29173","virus_comp_745_cycle_1_12",2
"29174","virus_comp_745_cycle_1_21",2
"29175","virus_comp_745_cycle_1_25",2
"29176","virus_comp_745_cycle_1_26",2
"29177","virus_comp_745_cycle_1_46",2
"29178","virus_comp_745_cycle_1_48",2
"29179","virus_comp_745_cycle_1_49",2
"29180","virus_comp_746_cycle_1_10",2
"29181","virus_comp_746_cycle_1_11",2
"29182","virus_comp_746_cycle_1_12",2
"29183","virus_comp_746_cycle_1_13",2
"29184","virus_comp_746_cycle_1_14",2
"29185","virus_comp_746_cycle_1_15",2
"29186","virus_comp_746_cycle_1_16",2
"29187","virus_comp_746_cycle_1_17",2
"29188","virus_comp_746_cycle_1_18",2
"29189","virus_comp_746_cycle_1_21",2
"29190","virus_comp_746_cycle_1_22",2
"29191","virus_comp_746_cycle_1_23",2
"29192","virus_comp_746_cycle_1_26",2
"29193","virus_comp_746_cycle_1_27",2
"29194","virus_comp_746_cycle_1_28",2
"29195","virus_comp_746_cycle_1_31",2
"29196","virus_comp_746_cycle_1_32",2
"29197","virus_comp_746_cycle_1_33",2
"29198","virus_comp_746_cycle_1_34",2
"29199","virus_comp_746_cycle_1_35",2
"29200","virus_comp_746_cycle_1_36",2
"29201","virus_comp_746_cycle_1_37",2
"29202","virus_comp_746_cycle_1_5",2
"29203","virus_comp_746_cycle_1_6",2
"29204","virus_comp_746_cycle_1_7",2
"29205","virus_comp_746_cycle_1_8",2
"29206","virus_comp_746_cycle_1_9",2
"29207","virus_comp_747_cycle_1_4",2
"29208","virus_comp_748_cycle_1_10",2
"29209","virus_comp_748_cycle_1_15",2
"29210","virus_comp_748_cycle_1_18",2
"29211","virus_comp_748_cycle_1_19",2
"29212","virus_comp_748_cycle_1_2",2
"29213","virus_comp_748_cycle_1_22",2
"29214","virus_comp_748_cycle_1_24",2
"29215","virus_comp_748_cycle_1_30",2
"29216","virus_comp_748_cycle_1_31",2
"29217","virus_comp_748_cycle_1_35",2
"29218","virus_comp_748_cycle_1_36",2
"29219","virus_comp_748_cycle_1_37",2
"29220","virus_comp_748_cycle_1_39",2
"29221","virus_comp_748_cycle_1_40",2
"29222","virus_comp_748_cycle_1_43",2
"29223","virus_comp_748_cycle_1_45",2
"29224","virus_comp_748_cycle_1_46",2
"29225","virus_comp_748_cycle_1_47",2
"29226","virus_comp_748_cycle_1_50",2
"29227","virus_comp_748_cycle_1_51",2
"29228","virus_comp_748_cycle_1_52",2
"29229","virus_comp_748_cycle_1_53",2
"29230","virus_comp_748_cycle_1_54",2
"29231","virus_comp_748_cycle_1_57",2
"29232","virus_comp_748_cycle_1_7",2
"29233","virus_comp_748_cycle_1_8",2
"29234","virus_comp_748_cycle_1_9",2
"29235","virus_comp_7484_cycle_1_1",2
"29236","virus_comp_7484_cycle_1_2",2
"29237","virus_comp_7507_cycle_1_2",2
"29238","virus_comp_7507_cycle_1_3",2
"29239","virus_comp_7514_cycle_1_1",2
"29240","virus_comp_7514_cycle_1_4",2
"29241","virus_comp_752_cycle_1_4",2
"29242","virus_comp_752_cycle_1_5",2
"29243","virus_comp_752_cycle_1_6",2
"29244","virus_comp_752_cycle_1_7",2
"29245","virus_comp_755_cycle_1_1",2
"29246","virus_comp_755_cycle_1_4",2
"29247","virus_comp_757_cycle_1_11",2
"29248","virus_comp_757_cycle_1_21",2
"29249","virus_comp_757_cycle_1_26",2
"29250","virus_comp_757_cycle_1_31",2
"29251","virus_comp_757_cycle_1_36",2
"29252","virus_comp_757_cycle_1_43",2
"29253","virus_comp_757_cycle_1_44",2
"29254","virus_comp_757_cycle_1_45",2
"29255","virus_comp_757_cycle_1_51",2
"29256","virus_comp_757_cycle_1_53",2
"29257","virus_comp_757_cycle_1_56",2
"29258","virus_comp_757_cycle_1_64",2
"29259","virus_comp_757_cycle_1_66",2
"29260","virus_comp_757_cycle_1_71",2
"29261","virus_comp_757_cycle_1_72",2
"29262","virus_comp_757_cycle_1_73",2
"29263","virus_comp_757_cycle_1_75",2
"29264","virus_comp_757_cycle_1_77",2
"29265","virus_comp_757_cycle_1_78",2
"29266","virus_comp_757_cycle_1_79",2
"29267","virus_comp_758_cycle_1_3",2
"29268","virus_comp_7586_cycle_1_3",2
"29269","virus_comp_759_cycle_1_1",2
"29270","virus_comp_7591_cycle_1_2",2
"29271","virus_comp_7593_cycle_1_2",2
"29272","virus_comp_7598_cycle_1_2",2
"29273","virus_comp_7598_cycle_1_6",2
"29274","virus_comp_760_cycle_1_2",2
"29275","virus_comp_760_cycle_1_5",2
"29276","virus_comp_7608_cycle_1_2",2
"29277","virus_comp_7609_cycle_1_1",2
"29278","virus_comp_7609_cycle_1_5",2
"29279","virus_comp_761_cycle_1_10",2
"29280","virus_comp_761_cycle_1_11",2
"29281","virus_comp_761_cycle_1_12",2
"29282","virus_comp_761_cycle_1_13",2
"29283","virus_comp_761_cycle_1_14",2
"29284","virus_comp_761_cycle_1_15",2
"29285","virus_comp_761_cycle_1_16",2
"29286","virus_comp_761_cycle_1_19",2
"29287","virus_comp_761_cycle_1_2",2
"29288","virus_comp_761_cycle_1_20",2
"29289","virus_comp_761_cycle_1_21",2
"29290","virus_comp_761_cycle_1_22",2
"29291","virus_comp_761_cycle_1_23",2
"29292","virus_comp_761_cycle_1_24",2
"29293","virus_comp_761_cycle_1_25",2
"29294","virus_comp_761_cycle_1_27",2
"29295","virus_comp_761_cycle_1_28",2
"29296","virus_comp_761_cycle_1_3",2
"29297","virus_comp_761_cycle_1_30",2
"29298","virus_comp_761_cycle_1_31",2
"29299","virus_comp_761_cycle_1_32",2
"29300","virus_comp_761_cycle_1_33",2
"29301","virus_comp_761_cycle_1_34",2
"29302","virus_comp_761_cycle_1_35",2
"29303","virus_comp_761_cycle_1_37",2
"29304","virus_comp_761_cycle_1_38",2
"29305","virus_comp_761_cycle_1_39",2
"29306","virus_comp_761_cycle_1_4",2
"29307","virus_comp_761_cycle_1_40",2
"29308","virus_comp_761_cycle_1_41",2
"29309","virus_comp_761_cycle_1_42",2
"29310","virus_comp_761_cycle_1_43",2
"29311","virus_comp_761_cycle_1_45",2
"29312","virus_comp_761_cycle_1_47",2
"29313","virus_comp_761_cycle_1_49",2
"29314","virus_comp_761_cycle_1_5",2
"29315","virus_comp_761_cycle_1_50",2
"29316","virus_comp_761_cycle_1_51",2
"29317","virus_comp_761_cycle_1_52",2
"29318","virus_comp_761_cycle_1_53",2
"29319","virus_comp_761_cycle_1_54",2
"29320","virus_comp_761_cycle_1_55",2
"29321","virus_comp_761_cycle_1_57",2
"29322","virus_comp_761_cycle_1_58",2
"29323","virus_comp_761_cycle_1_6",2
"29324","virus_comp_761_cycle_1_7",2
"29325","virus_comp_761_cycle_1_8",2
"29326","virus_comp_761_cycle_1_9",2
"29327","virus_comp_762_cycle_1_1",2
"29328","virus_comp_762_cycle_1_2",2
"29329","virus_comp_763_cycle_1_22",2
"29330","virus_comp_763_cycle_1_31",2
"29331","virus_comp_7636_cycle_1_1",2
"29332","virus_comp_7646_cycle_1_1",2
"29333","virus_comp_7646_cycle_1_4",2
"29334","virus_comp_765_cycle_1_1",2
"29335","virus_comp_765_cycle_1_2",2
"29336","virus_comp_765_cycle_1_3",2
"29337","virus_comp_765_cycle_1_4",2
"29338","virus_comp_765_cycle_1_5",2
"29339","virus_comp_765_cycle_1_6",2
"29340","virus_comp_765_cycle_1_7",2
"29341","virus_comp_7651_cycle_1_2",2
"29342","virus_comp_7651_cycle_1_3",2
"29343","virus_comp_7651_cycle_1_6",2
"29344","virus_comp_766_cycle_1_15",2
"29345","virus_comp_766_cycle_1_16",2
"29346","virus_comp_766_cycle_1_17",2
"29347","virus_comp_766_cycle_1_7",2
"29348","virus_comp_766_cycle_1_8",2
"29349","virus_comp_766_cycle_1_9",2
"29350","virus_comp_7660_cycle_1_3",2
"29351","virus_comp_767_cycle_1_1",2
"29352","virus_comp_767_cycle_1_11",2
"29353","virus_comp_767_cycle_1_5",2
"29354","virus_comp_7679_cycle_1_2",2
"29355","virus_comp_768_cycle_1_10",2
"29356","virus_comp_768_cycle_1_14",2
"29357","virus_comp_768_cycle_1_17",2
"29358","virus_comp_768_cycle_1_20",2
"29359","virus_comp_768_cycle_1_22",2
"29360","virus_comp_768_cycle_1_4",2
"29361","virus_comp_768_cycle_1_6",2
"29362","virus_comp_7681_cycle_1_2",2
"29363","virus_comp_7681_cycle_1_3",2
"29364","virus_comp_7695_cycle_1_3",2
"29365","virus_comp_7695_cycle_1_4",2
"29366","virus_comp_7705_cycle_1_3",2
"29367","virus_comp_7720_cycle_1_1",2
"29368","virus_comp_7720_cycle_1_3",2
"29369","virus_comp_7732_cycle_1_1",2
"29370","virus_comp_7751_cycle_1_2",2
"29371","virus_comp_7751_cycle_1_3",2
"29372","virus_comp_7756_cycle_1_2",2
"29373","virus_comp_7757_cycle_1_2",2
"29374","virus_comp_7758_cycle_1_1",2
"29375","virus_comp_7758_cycle_1_2",2
"29376","virus_comp_7763_cycle_1_1",2
"29377","virus_comp_7763_cycle_1_2",2
"29378","virus_comp_7763_cycle_1_3",2
"29379","virus_comp_7763_cycle_1_4",2
"29380","virus_comp_7780_cycle_1_1",2
"29381","virus_comp_7780_cycle_1_5",2
"29382","virus_comp_7794_cycle_1_1",2
"29383","virus_comp_7794_cycle_1_3",2
"29384","virus_comp_7794_cycle_1_4",2
"29385","virus_comp_7794_cycle_1_5",2
"29386","virus_comp_7794_cycle_1_6",2
"29387","virus_comp_7815_cycle_1_2",2
"29388","virus_comp_7817_cycle_1_1",2
"29389","virus_comp_7821_cycle_1_5",2
"29390","virus_comp_7863_cycle_1_2",2
"29391","virus_comp_7870_cycle_1_2",2
"29392","virus_comp_789_cycle_1_10",2
"29393","virus_comp_789_cycle_1_7",2
"29394","virus_comp_7890_cycle_1_1",2
"29395","virus_comp_790_cycle_1_17",2
"29396","virus_comp_790_cycle_1_3",2
"29397","virus_comp_790_cycle_1_39",2
"29398","virus_comp_790_cycle_1_42",2
"29399","virus_comp_790_cycle_1_5",2
"29400","virus_comp_790_cycle_1_8",2
"29401","virus_comp_790_cycle_1_9",2
"29402","virus_comp_7900_cycle_1_2",2
"29403","virus_comp_7909_cycle_1_2",2
"29404","virus_comp_791_cycle_1_10",2
"29405","virus_comp_791_cycle_1_5",2
"29406","virus_comp_791_cycle_1_7",2
"29407","virus_comp_791_cycle_1_8",2
"29408","virus_comp_791_cycle_1_9",2
"29409","virus_comp_792_cycle_1_13",2
"29410","virus_comp_792_cycle_1_14",2
"29411","virus_comp_792_cycle_1_17",2
"29412","virus_comp_792_cycle_1_2",2
"29413","virus_comp_7922_cycle_1_1",2
"29414","virus_comp_7922_cycle_1_4",2
"29415","virus_comp_7922_cycle_1_5",2
"29416","virus_comp_7927_cycle_1_3",2
"29417","virus_comp_794_cycle_1_1",2
"29418","virus_comp_794_cycle_1_5",2
"29419","virus_comp_7945_cycle_1_2",2
"29420","virus_comp_7945_cycle_1_3",2
"29421","virus_comp_795_cycle_1_1",2
"29422","virus_comp_798_cycle_1_21",2
"29423","virus_comp_798_cycle_1_22",2
"29424","virus_comp_798_cycle_1_23",2
"29425","virus_comp_798_cycle_1_24",2
"29426","virus_comp_798_cycle_1_25",2
"29427","virus_comp_798_cycle_1_26",2
"29428","virus_comp_798_cycle_1_27",2
"29429","virus_comp_798_cycle_1_28",2
"29430","virus_comp_798_cycle_1_29",2
"29431","virus_comp_798_cycle_1_30",2
"29432","virus_comp_798_cycle_1_31",2
"29433","virus_comp_798_cycle_1_32",2
"29434","virus_comp_798_cycle_1_33",2
"29435","virus_comp_798_cycle_1_34",2
"29436","virus_comp_798_cycle_1_36",2
"29437","virus_comp_798_cycle_1_37",2
"29438","virus_comp_798_cycle_1_38",2
"29439","virus_comp_798_cycle_1_39",2
"29440","virus_comp_798_cycle_1_40",2
"29441","virus_comp_798_cycle_1_42",2
"29442","virus_comp_798_cycle_1_43",2
"29443","virus_comp_798_cycle_1_44",2
"29444","virus_comp_798_cycle_1_46",2
"29445","virus_comp_798_cycle_1_47",2
"29446","virus_comp_798_cycle_1_48",2
"29447","virus_comp_798_cycle_1_52",2
"29448","virus_comp_799_cycle_1_1",2
"29449","virus_comp_799_cycle_1_2",2
"29450","virus_comp_799_cycle_1_3",2
"29451","virus_comp_799_cycle_1_4",2
"29452","virus_comp_799_cycle_1_5",2
"29453","virus_comp_799_cycle_1_6",2
"29454","virus_comp_8_cycle_1_2",2
"29455","virus_comp_8009_cycle_1_3",2
"29456","virus_comp_801_cycle_1_4",2
"29457","virus_comp_8017_cycle_1_1",2
"29458","virus_comp_8026_cycle_1_1",2
"29459","virus_comp_8037_cycle_1_5",2
"29460","virus_comp_804_cycle_1_1",2
"29461","virus_comp_804_cycle_1_10",2
"29462","virus_comp_804_cycle_1_11",2
"29463","virus_comp_804_cycle_1_12",2
"29464","virus_comp_804_cycle_1_13",2
"29465","virus_comp_804_cycle_1_14",2
"29466","virus_comp_804_cycle_1_15",2
"29467","virus_comp_804_cycle_1_16",2
"29468","virus_comp_804_cycle_1_17",2
"29469","virus_comp_804_cycle_1_18",2
"29470","virus_comp_804_cycle_1_19",2
"29471","virus_comp_804_cycle_1_2",2
"29472","virus_comp_804_cycle_1_20",2
"29473","virus_comp_804_cycle_1_21",2
"29474","virus_comp_804_cycle_1_22",2
"29475","virus_comp_804_cycle_1_23",2
"29476","virus_comp_804_cycle_1_24",2
"29477","virus_comp_804_cycle_1_25",2
"29478","virus_comp_804_cycle_1_26",2
"29479","virus_comp_804_cycle_1_27",2
"29480","virus_comp_804_cycle_1_28",2
"29481","virus_comp_804_cycle_1_29",2
"29482","virus_comp_804_cycle_1_3",2
"29483","virus_comp_804_cycle_1_30",2
"29484","virus_comp_804_cycle_1_31",2
"29485","virus_comp_804_cycle_1_32",2
"29486","virus_comp_804_cycle_1_33",2
"29487","virus_comp_804_cycle_1_34",2
"29488","virus_comp_804_cycle_1_35",2
"29489","virus_comp_804_cycle_1_36",2
"29490","virus_comp_804_cycle_1_37",2
"29491","virus_comp_804_cycle_1_38",2
"29492","virus_comp_804_cycle_1_39",2
"29493","virus_comp_804_cycle_1_4",2
"29494","virus_comp_804_cycle_1_40",2
"29495","virus_comp_804_cycle_1_41",2
"29496","virus_comp_804_cycle_1_42",2
"29497","virus_comp_804_cycle_1_43",2
"29498","virus_comp_804_cycle_1_44",2
"29499","virus_comp_804_cycle_1_45",2
"29500","virus_comp_804_cycle_1_46",2
"29501","virus_comp_804_cycle_1_47",2
"29502","virus_comp_804_cycle_1_48",2
"29503","virus_comp_804_cycle_1_49",2
"29504","virus_comp_804_cycle_1_5",2
"29505","virus_comp_804_cycle_1_50",2
"29506","virus_comp_804_cycle_1_51",2
"29507","virus_comp_804_cycle_1_52",2
"29508","virus_comp_804_cycle_1_53",2
"29509","virus_comp_804_cycle_1_54",2
"29510","virus_comp_804_cycle_1_55",2
"29511","virus_comp_804_cycle_1_56",2
"29512","virus_comp_804_cycle_1_57",2
"29513","virus_comp_804_cycle_1_58",2
"29514","virus_comp_804_cycle_1_59",2
"29515","virus_comp_804_cycle_1_6",2
"29516","virus_comp_804_cycle_1_60",2
"29517","virus_comp_804_cycle_1_61",2
"29518","virus_comp_804_cycle_1_62",2
"29519","virus_comp_804_cycle_1_63",2
"29520","virus_comp_804_cycle_1_64",2
"29521","virus_comp_804_cycle_1_7",2
"29522","virus_comp_804_cycle_1_8",2
"29523","virus_comp_804_cycle_1_9",2
"29524","virus_comp_8067_cycle_1_2",2
"29525","virus_comp_8070_cycle_1_1",2
"29526","virus_comp_8070_cycle_1_2",2
"29527","virus_comp_8070_cycle_1_3",2
"29528","virus_comp_8074_cycle_1_2",2
"29529","virus_comp_8074_cycle_1_3",2
"29530","virus_comp_8074_cycle_1_6",2
"29531","virus_comp_8089_cycle_1_4",2
"29532","virus_comp_8095_cycle_1_1",2
"29533","virus_comp_8095_cycle_1_2",2
"29534","virus_comp_81_cycle_1_5",2
"29535","virus_comp_81_cycle_1_6",2
"29536","virus_comp_8109_cycle_1_2",2
"29537","virus_comp_8119_cycle_1_3",2
"29538","virus_comp_8145_cycle_1_1",2
"29539","virus_comp_8165_cycle_1_2",2
"29540","virus_comp_8187_cycle_1_3",2
"29541","virus_comp_8193_cycle_1_3",2
"29542","virus_comp_8201_cycle_1_4",2
"29543","virus_comp_8201_cycle_1_5",2
"29544","virus_comp_821_cycle_5_34",2
"29545","virus_comp_821_cycle_5_35",2
"29546","virus_comp_821_cycle_5_36",2
"29547","virus_comp_821_cycle_5_37",2
"29548","virus_comp_821_cycle_5_38",2
"29549","virus_comp_821_cycle_5_39",2
"29550","virus_comp_821_cycle_5_40",2
"29551","virus_comp_821_cycle_5_41",2
"29552","virus_comp_821_cycle_5_42",2
"29553","virus_comp_821_cycle_5_43",2
"29554","virus_comp_821_cycle_5_45",2
"29555","virus_comp_821_cycle_5_53",2
"29556","virus_comp_821_cycle_5_54",2
"29557","virus_comp_8233_cycle_1_1",2
"29558","virus_comp_8236_cycle_1_2",2
"29559","virus_comp_8245_cycle_1_1",2
"29560","virus_comp_8246_cycle_1_2",2
"29561","virus_comp_8246_cycle_1_3",2
"29562","virus_comp_8255_cycle_1_1",2
"29563","virus_comp_8255_cycle_1_3",2
"29564","virus_comp_8258_cycle_1_1",2
"29565","virus_comp_826_cycle_1_10",2
"29566","virus_comp_826_cycle_1_8",2
"29567","virus_comp_826_cycle_1_9",2
"29568","virus_comp_827_cycle_1_1",2
"29569","virus_comp_827_cycle_1_2",2
"29570","virus_comp_827_cycle_1_3",2
"29571","virus_comp_827_cycle_1_5",2
"29572","virus_comp_827_cycle_1_6",2
"29573","virus_comp_827_cycle_1_7",2
"29574","virus_comp_827_cycle_1_8",2
"29575","virus_comp_8274_cycle_1_2",2
"29576","virus_comp_8274_cycle_1_3",2
"29577","virus_comp_830_cycle_1_13",2
"29578","virus_comp_830_cycle_1_19",2
"29579","virus_comp_830_cycle_1_5",2
"29580","virus_comp_830_cycle_1_50",2
"29581","virus_comp_830_cycle_1_52",2
"29582","virus_comp_830_cycle_1_6",2
"29583","virus_comp_8304_cycle_1_2",2
"29584","virus_comp_8308_cycle_1_2",2
"29585","virus_comp_8343_cycle_1_2",2
"29586","virus_comp_8343_cycle_1_3",2
"29587","virus_comp_8343_cycle_1_4",2
"29588","virus_comp_8369_cycle_1_2",2
"29589","virus_comp_8369_cycle_1_4",2
"29590","virus_comp_8369_cycle_1_5",2
"29591","virus_comp_837_cycle_1_2",2
"29592","virus_comp_837_cycle_1_3",2
"29593","virus_comp_837_cycle_1_4",2
"29594","virus_comp_837_cycle_1_6",2
"29595","virus_comp_837_cycle_1_8",2
"29596","virus_comp_837_cycle_1_9",2
"29597","virus_comp_8375_cycle_1_3",2
"29598","virus_comp_8385_cycle_1_2",2
"29599","virus_comp_8387_cycle_1_3",2
"29600","virus_comp_840_cycle_1_32",2
"29601","virus_comp_841_cycle_1_23",2
"29602","virus_comp_841_cycle_1_24",2
"29603","virus_comp_841_cycle_1_25",2
"29604","virus_comp_841_cycle_1_26",2
"29605","virus_comp_841_cycle_1_27",2
"29606","virus_comp_841_cycle_1_31",2
"29607","virus_comp_841_cycle_1_33",2
"29608","virus_comp_841_cycle_1_34",2
"29609","virus_comp_841_cycle_1_37",2
"29610","virus_comp_841_cycle_1_39",2
"29611","virus_comp_841_cycle_1_4",2
"29612","virus_comp_841_cycle_1_40",2
"29613","virus_comp_841_cycle_1_41",2
"29614","virus_comp_841_cycle_1_42",2
"29615","virus_comp_841_cycle_1_44",2
"29616","virus_comp_841_cycle_1_46",2
"29617","virus_comp_841_cycle_1_51",2
"29618","virus_comp_841_cycle_1_52",2
"29619","virus_comp_841_cycle_1_53",2
"29620","virus_comp_841_cycle_1_54",2
"29621","virus_comp_841_cycle_1_6",2
"29622","virus_comp_841_cycle_1_7",2
"29623","virus_comp_841_cycle_1_8",2
"29624","virus_comp_8416_cycle_1_1",2
"29625","virus_comp_8420_cycle_1_1",2
"29626","virus_comp_8420_cycle_1_2",2
"29627","virus_comp_8420_cycle_1_3",2
"29628","virus_comp_843_cycle_1_1",2
"29629","virus_comp_843_cycle_1_18",2
"29630","virus_comp_843_cycle_1_2",2
"29631","virus_comp_843_cycle_1_22",2
"29632","virus_comp_8430_cycle_1_2",2
"29633","virus_comp_844_cycle_1_10",2
"29634","virus_comp_844_cycle_1_11",2
"29635","virus_comp_844_cycle_1_14",2
"29636","virus_comp_844_cycle_1_19",2
"29637","virus_comp_844_cycle_1_20",2
"29638","virus_comp_844_cycle_1_22",2
"29639","virus_comp_844_cycle_1_3",2
"29640","virus_comp_844_cycle_1_31",2
"29641","virus_comp_844_cycle_1_38",2
"29642","virus_comp_844_cycle_1_44",2
"29643","virus_comp_8444_cycle_1_1",2
"29644","virus_comp_845_cycle_1_10",2
"29645","virus_comp_845_cycle_1_11",2
"29646","virus_comp_845_cycle_1_12",2
"29647","virus_comp_845_cycle_1_13",2
"29648","virus_comp_845_cycle_1_15",2
"29649","virus_comp_845_cycle_1_16",2
"29650","virus_comp_845_cycle_1_17",2
"29651","virus_comp_845_cycle_1_24",2
"29652","virus_comp_845_cycle_1_25",2
"29653","virus_comp_845_cycle_1_26",2
"29654","virus_comp_845_cycle_1_31",2
"29655","virus_comp_845_cycle_1_35",2
"29656","virus_comp_8450_cycle_1_2",2
"29657","virus_comp_846_cycle_1_2",2
"29658","virus_comp_8466_cycle_1_2",2
"29659","virus_comp_8469_cycle_1_2",2
"29660","virus_comp_849_cycle_1_17",2
"29661","virus_comp_849_cycle_1_7",2
"29662","virus_comp_8499_cycle_1_1",2
"29663","virus_comp_8499_cycle_1_2",2
"29664","virus_comp_8503_cycle_1_2",2
"29665","virus_comp_8506_cycle_1_1",2
"29666","virus_comp_853_cycle_1_17",2
"29667","virus_comp_853_cycle_1_27",2
"29668","virus_comp_853_cycle_1_29",2
"29669","virus_comp_853_cycle_1_30",2
"29670","virus_comp_853_cycle_1_33",2
"29671","virus_comp_853_cycle_1_34",2
"29672","virus_comp_853_cycle_1_37",2
"29673","virus_comp_853_cycle_1_5",2
"29674","virus_comp_853_cycle_1_52",2
"29675","virus_comp_853_cycle_1_6",2
"29676","virus_comp_853_cycle_1_7",2
"29677","virus_comp_856_cycle_1_1",2
"29678","virus_comp_856_cycle_1_2",2
"29679","virus_comp_856_cycle_1_24",2
"29680","virus_comp_856_cycle_1_28",2
"29681","virus_comp_856_cycle_1_3",2
"29682","virus_comp_856_cycle_1_39",2
"29683","virus_comp_856_cycle_1_4",2
"29684","virus_comp_856_cycle_1_8",2
"29685","virus_comp_8564_cycle_1_2",2
"29686","virus_comp_8564_cycle_1_3",2
"29687","virus_comp_8564_cycle_1_4",2
"29688","virus_comp_857_cycle_1_2",2
"29689","virus_comp_8576_cycle_1_3",2
"29690","virus_comp_8576_cycle_1_5",2
"29691","virus_comp_858_cycle_1_23",2
"29692","virus_comp_858_cycle_1_26",2
"29693","virus_comp_858_cycle_1_45",2
"29694","virus_comp_8583_cycle_1_1",2
"29695","virus_comp_8588_cycle_1_2",2
"29696","virus_comp_8588_cycle_1_3",2
"29697","virus_comp_8593_cycle_1_5",2
"29698","virus_comp_860_cycle_1_2",2
"29699","virus_comp_861_cycle_1_11",2
"29700","virus_comp_861_cycle_1_12",2
"29701","virus_comp_8610_cycle_1_1",2
"29702","virus_comp_8612_cycle_1_2",2
"29703","virus_comp_8612_cycle_1_3",2
"29704","virus_comp_8618_cycle_1_1",2
"29705","virus_comp_862_cycle_1_19",2
"29706","virus_comp_862_cycle_1_21",2
"29707","virus_comp_862_cycle_1_22",2
"29708","virus_comp_862_cycle_1_9",2
"29709","virus_comp_863_cycle_1_16",2
"29710","virus_comp_863_cycle_1_28",2
"29711","virus_comp_863_cycle_1_3",2
"29712","virus_comp_863_cycle_1_30",2
"29713","virus_comp_863_cycle_1_37",2
"29714","virus_comp_864_cycle_1_1",2
"29715","virus_comp_864_cycle_1_2",2
"29716","virus_comp_864_cycle_1_5",2
"29717","virus_comp_864_cycle_1_6",2
"29718","virus_comp_8643_cycle_1_3",2
"29719","virus_comp_8647_cycle_1_2",2
"29720","virus_comp_865_cycle_1_5",2
"29721","virus_comp_865_cycle_1_8",2
"29722","virus_comp_866_cycle_1_4",2
"29723","virus_comp_866_cycle_1_7",2
"29724","virus_comp_866_cycle_1_8",2
"29725","virus_comp_8663_cycle_1_1",2
"29726","virus_comp_8663_cycle_1_2",2
"29727","virus_comp_867_cycle_1_5",2
"29728","virus_comp_868_cycle_1_12",2
"29729","virus_comp_8686_cycle_1_3",2
"29730","virus_comp_869_cycle_1_61",2
"29731","virus_comp_869_cycle_1_66",2
"29732","virus_comp_869_cycle_1_67",2
"29733","virus_comp_869_cycle_1_69",2
"29734","virus_comp_869_cycle_1_73",2
"29735","virus_comp_869_cycle_1_74",2
"29736","virus_comp_869_cycle_1_76",2
"29737","virus_comp_869_cycle_1_77",2
"29738","virus_comp_8694_cycle_1_1",2
"29739","virus_comp_8694_cycle_1_2",2
"29740","virus_comp_870_cycle_1_11",2
"29741","virus_comp_870_cycle_1_2",2
"29742","virus_comp_870_cycle_1_8",2
"29743","virus_comp_870_cycle_1_9",2
"29744","virus_comp_871_cycle_1_10",2
"29745","virus_comp_871_cycle_1_12",2
"29746","virus_comp_871_cycle_1_4",2
"29747","virus_comp_872_cycle_1_13",2
"29748","virus_comp_872_cycle_1_15",2
"29749","virus_comp_872_cycle_1_18",2
"29750","virus_comp_872_cycle_1_2",2
"29751","virus_comp_872_cycle_1_25",2
"29752","virus_comp_872_cycle_1_26",2
"29753","virus_comp_872_cycle_1_29",2
"29754","virus_comp_872_cycle_1_3",2
"29755","virus_comp_872_cycle_1_34",2
"29756","virus_comp_872_cycle_1_35",2
"29757","virus_comp_872_cycle_1_37",2
"29758","virus_comp_872_cycle_1_39",2
"29759","virus_comp_872_cycle_1_45",2
"29760","virus_comp_872_cycle_1_48",2
"29761","virus_comp_872_cycle_1_51",2
"29762","virus_comp_873_cycle_1_1",2
"29763","virus_comp_8745_cycle_1_1",2
"29764","virus_comp_8745_cycle_1_2",2
"29765","virus_comp_875_cycle_1_1",2
"29766","virus_comp_876_cycle_1_5",2
"29767","virus_comp_877_cycle_1_2",2
"29768","virus_comp_877_cycle_1_4",2
"29769","virus_comp_8775_cycle_1_1",2
"29770","virus_comp_8780_cycle_1_1",2
"29771","virus_comp_8799_cycle_1_3",2
"29772","virus_comp_8799_cycle_1_5",2
"29773","virus_comp_8811_cycle_1_3",2
"29774","virus_comp_8824_cycle_1_3",2
"29775","virus_comp_8833_cycle_1_2",2
"29776","virus_comp_8833_cycle_1_3",2
"29777","virus_comp_884_cycle_1_7",2
"29778","virus_comp_8845_cycle_1_4",2
"29779","virus_comp_887_cycle_1_1",2
"29780","virus_comp_887_cycle_1_10",2
"29781","virus_comp_887_cycle_1_12",2
"29782","virus_comp_887_cycle_1_17",2
"29783","virus_comp_887_cycle_1_19",2
"29784","virus_comp_887_cycle_1_30",2
"29785","virus_comp_887_cycle_1_31",2
"29786","virus_comp_887_cycle_1_32",2
"29787","virus_comp_887_cycle_1_34",2
"29788","virus_comp_887_cycle_1_43",2
"29789","virus_comp_887_cycle_1_50",2
"29790","virus_comp_887_cycle_1_58",2
"29791","virus_comp_887_cycle_1_7",2
"29792","virus_comp_888_cycle_1_1",2
"29793","virus_comp_888_cycle_1_3",2
"29794","virus_comp_8887_cycle_1_2",2
"29795","virus_comp_889_cycle_1_39",2
"29796","virus_comp_889_cycle_1_44",2
"29797","virus_comp_889_cycle_1_48",2
"29798","virus_comp_889_cycle_1_54",2
"29799","virus_comp_890_cycle_1_10",2
"29800","virus_comp_890_cycle_1_24",2
"29801","virus_comp_890_cycle_1_25",2
"29802","virus_comp_890_cycle_1_31",2
"29803","virus_comp_892_cycle_1_1",2
"29804","virus_comp_892_cycle_1_3",2
"29805","virus_comp_892_cycle_1_4",2
"29806","virus_comp_894_cycle_1_10",2
"29807","virus_comp_894_cycle_1_15",2
"29808","virus_comp_894_cycle_1_20",2
"29809","virus_comp_894_cycle_1_21",2
"29810","virus_comp_894_cycle_1_26",2
"29811","virus_comp_894_cycle_1_28",2
"29812","virus_comp_894_cycle_1_29",2
"29813","virus_comp_894_cycle_1_32",2
"29814","virus_comp_894_cycle_1_34",2
"29815","virus_comp_894_cycle_1_37",2
"29816","virus_comp_894_cycle_1_38",2
"29817","virus_comp_894_cycle_1_6",2
"29818","virus_comp_894_cycle_1_8",2
"29819","virus_comp_8941_cycle_1_2",2
"29820","virus_comp_8942_cycle_1_3",2
"29821","virus_comp_895_cycle_1_1",2
"29822","virus_comp_895_cycle_1_11",2
"29823","virus_comp_895_cycle_1_12",2
"29824","virus_comp_895_cycle_1_13",2
"29825","virus_comp_895_cycle_1_14",2
"29826","virus_comp_895_cycle_1_15",2
"29827","virus_comp_895_cycle_1_16",2
"29828","virus_comp_895_cycle_1_17",2
"29829","virus_comp_895_cycle_1_18",2
"29830","virus_comp_895_cycle_1_19",2
"29831","virus_comp_895_cycle_1_2",2
"29832","virus_comp_895_cycle_1_20",2
"29833","virus_comp_895_cycle_1_22",2
"29834","virus_comp_895_cycle_1_23",2
"29835","virus_comp_895_cycle_1_24",2
"29836","virus_comp_895_cycle_1_28",2
"29837","virus_comp_895_cycle_1_29",2
"29838","virus_comp_895_cycle_1_3",2
"29839","virus_comp_895_cycle_1_30",2
"29840","virus_comp_895_cycle_1_31",2
"29841","virus_comp_895_cycle_1_33",2
"29842","virus_comp_895_cycle_1_34",2
"29843","virus_comp_895_cycle_1_36",2
"29844","virus_comp_895_cycle_1_37",2
"29845","virus_comp_895_cycle_1_38",2
"29846","virus_comp_895_cycle_1_40",2
"29847","virus_comp_895_cycle_1_5",2
"29848","virus_comp_895_cycle_1_7",2
"29849","virus_comp_895_cycle_1_9",2
"29850","virus_comp_8964_cycle_1_1",2
"29851","virus_comp_8971_cycle_1_3",2
"29852","virus_comp_8974_cycle_1_1",2
"29853","virus_comp_8974_cycle_1_5",2
"29854","virus_comp_8996_cycle_1_2",2
"29855","virus_comp_8999_cycle_1_2",2
"29856","virus_comp_9_cycle_1_2",2
"29857","virus_comp_901_cycle_1_10",2
"29858","virus_comp_9016_cycle_1_2",2
"29859","virus_comp_902_cycle_1_1",2
"29860","virus_comp_902_cycle_1_4",2
"29861","virus_comp_902_cycle_1_5",2
"29862","virus_comp_902_cycle_1_8",2
"29863","virus_comp_904_cycle_1_2",2
"29864","virus_comp_904_cycle_1_3",2
"29865","virus_comp_904_cycle_1_4",2
"29866","virus_comp_904_cycle_1_5",2
"29867","virus_comp_905_cycle_1_10",2
"29868","virus_comp_905_cycle_1_14",2
"29869","virus_comp_905_cycle_1_15",2
"29870","virus_comp_905_cycle_1_20",2
"29871","virus_comp_905_cycle_1_24",2
"29872","virus_comp_905_cycle_1_26",2
"29873","virus_comp_905_cycle_1_28",2
"29874","virus_comp_905_cycle_1_30",2
"29875","virus_comp_906_cycle_1_2",2
"29876","virus_comp_906_cycle_1_3",2
"29877","virus_comp_9066_cycle_1_2",2
"29878","virus_comp_9078_cycle_1_3",2
"29879","virus_comp_908_cycle_1_14",2
"29880","virus_comp_908_cycle_1_17",2
"29881","virus_comp_908_cycle_1_26",2
"29882","virus_comp_908_cycle_1_5",2
"29883","virus_comp_908_cycle_1_7",2
"29884","virus_comp_909_cycle_1_1",2
"29885","virus_comp_909_cycle_1_11",2
"29886","virus_comp_909_cycle_1_16",2
"29887","virus_comp_909_cycle_1_2",2
"29888","virus_comp_909_cycle_1_5",2
"29889","virus_comp_9090_cycle_1_1",2
"29890","virus_comp_9093_cycle_1_1",2
"29891","virus_comp_9093_cycle_1_4",2
"29892","virus_comp_9110_cycle_1_1",2
"29893","virus_comp_912_cycle_1_1",2
"29894","virus_comp_912_cycle_1_13",2
"29895","virus_comp_912_cycle_1_16",2
"29896","virus_comp_912_cycle_1_17",2
"29897","virus_comp_912_cycle_1_18",2
"29898","virus_comp_912_cycle_1_19",2
"29899","virus_comp_912_cycle_1_21",2
"29900","virus_comp_912_cycle_1_24",2
"29901","virus_comp_912_cycle_1_25",2
"29902","virus_comp_912_cycle_1_26",2
"29903","virus_comp_912_cycle_1_27",2
"29904","virus_comp_912_cycle_1_28",2
"29905","virus_comp_912_cycle_1_36",2
"29906","virus_comp_912_cycle_1_4",2
"29907","virus_comp_912_cycle_1_6",2
"29908","virus_comp_912_cycle_1_7",2
"29909","virus_comp_913_cycle_1_19",2
"29910","virus_comp_913_cycle_1_21",2
"29911","virus_comp_913_cycle_1_24",2
"29912","virus_comp_913_cycle_1_26",2
"29913","virus_comp_913_cycle_1_30",2
"29914","virus_comp_913_cycle_1_31",2
"29915","virus_comp_913_cycle_1_7",2
"29916","virus_comp_915_cycle_1_1",2
"29917","virus_comp_915_cycle_1_11",2
"29918","virus_comp_915_cycle_1_12",2
"29919","virus_comp_915_cycle_1_13",2
"29920","virus_comp_915_cycle_1_2",2
"29921","virus_comp_915_cycle_1_22",2
"29922","virus_comp_915_cycle_1_3",2
"29923","virus_comp_915_cycle_1_4",2
"29924","virus_comp_915_cycle_1_5",2
"29925","virus_comp_915_cycle_1_6",2
"29926","virus_comp_915_cycle_1_7",2
"29927","virus_comp_915_cycle_1_8",2
"29928","virus_comp_915_cycle_1_9",2
"29929","virus_comp_917_cycle_1_1",2
"29930","virus_comp_9170_cycle_1_2",2
"29931","virus_comp_9170_cycle_1_5",2
"29932","virus_comp_918_cycle_1_17",2
"29933","virus_comp_918_cycle_1_20",2
"29934","virus_comp_918_cycle_1_23",2
"29935","virus_comp_918_cycle_1_29",2
"29936","virus_comp_9184_cycle_1_1",2
"29937","virus_comp_9184_cycle_1_3",2
"29938","virus_comp_9186_cycle_1_3",2
"29939","virus_comp_9203_cycle_1_2",2
"29940","virus_comp_9203_cycle_1_3",2
"29941","virus_comp_921_cycle_1_6",2
"29942","virus_comp_9214_cycle_1_1",2
"29943","virus_comp_9214_cycle_1_2",2
"29944","virus_comp_9227_cycle_1_1",2
"29945","virus_comp_9237_cycle_1_2",2
"29946","virus_comp_924_cycle_2_27",2
"29947","virus_comp_924_cycle_2_31",2
"29948","virus_comp_924_cycle_2_37",2
"29949","virus_comp_924_cycle_2_39",2
"29950","virus_comp_925_cycle_1_2",2
"29951","virus_comp_9259_cycle_1_2",2
"29952","virus_comp_926_cycle_1_1",2
"29953","virus_comp_926_cycle_1_2",2
"29954","virus_comp_926_cycle_1_3",2
"29955","virus_comp_9262_cycle_1_3",2
"29956","virus_comp_9262_cycle_1_4",2
"29957","virus_comp_927_cycle_1_2",2
"29958","virus_comp_9279_cycle_1_3",2
"29959","virus_comp_928_cycle_1_4",2
"29960","virus_comp_9280_cycle_1_2",2
"29961","virus_comp_9288_cycle_1_1",2
"29962","virus_comp_9288_cycle_1_2",2
"29963","virus_comp_9289_cycle_1_3",2
"29964","virus_comp_9289_cycle_1_4",2
"29965","virus_comp_9292_cycle_1_1",2
"29966","virus_comp_9292_cycle_1_2",2
"29967","virus_comp_9292_cycle_1_3",2
"29968","virus_comp_9308_cycle_1_2",2
"29969","virus_comp_9308_cycle_1_4",2
"29970","virus_comp_9308_cycle_1_5",2
"29971","virus_comp_9314_cycle_1_1",2
"29972","virus_comp_9318_cycle_1_2",2
"29973","virus_comp_9325_cycle_1_1",2
"29974","virus_comp_9325_cycle_1_2",2
"29975","virus_comp_9325_cycle_1_4",2
"29976","virus_comp_934_cycle_1_11",2
"29977","virus_comp_934_cycle_1_17",2
"29978","virus_comp_934_cycle_1_18",2
"29979","virus_comp_934_cycle_1_19",2
"29980","virus_comp_934_cycle_1_21",2
"29981","virus_comp_934_cycle_1_23",2
"29982","virus_comp_934_cycle_1_24",2
"29983","virus_comp_934_cycle_1_4",2
"29984","virus_comp_934_cycle_1_6",2
"29985","virus_comp_934_cycle_1_8",2
"29986","virus_comp_9343_cycle_1_2",2
"29987","virus_comp_935_cycle_1_10",2
"29988","virus_comp_935_cycle_1_3",2
"29989","virus_comp_935_cycle_1_7",2
"29990","virus_comp_9361_cycle_1_1",2
"29991","virus_comp_9365_cycle_1_3",2
"29992","virus_comp_939_cycle_1_1",2
"29993","virus_comp_939_cycle_1_14",2
"29994","virus_comp_939_cycle_1_15",2
"29995","virus_comp_939_cycle_1_16",2
"29996","virus_comp_939_cycle_1_19",2
"29997","virus_comp_939_cycle_1_20",2
"29998","virus_comp_939_cycle_1_23",2
"29999","virus_comp_939_cycle_1_24",2
"30000","virus_comp_939_cycle_1_25",2
"30001","virus_comp_939_cycle_1_27",2
"30002","virus_comp_939_cycle_1_5",2
"30003","virus_comp_939_cycle_1_6",2
"30004","virus_comp_939_cycle_1_7",2
"30005","virus_comp_939_cycle_1_8",2
"30006","virus_comp_9393_cycle_1_4",2
"30007","virus_comp_9395_cycle_1_2",2
"30008","virus_comp_9395_cycle_1_3",2
"30009","virus_comp_940_cycle_1_18",2
"30010","virus_comp_940_cycle_1_2",2
"30011","virus_comp_940_cycle_1_23",2
"30012","virus_comp_940_cycle_1_25",2
"30013","virus_comp_940_cycle_1_26",2
"30014","virus_comp_940_cycle_1_29",2
"30015","virus_comp_940_cycle_1_30",2
"30016","virus_comp_940_cycle_1_5",2
"30017","virus_comp_940_cycle_1_6",2
"30018","virus_comp_940_cycle_1_7",2
"30019","virus_comp_940_cycle_1_8",2
"30020","virus_comp_9402_cycle_1_1",2
"30021","virus_comp_9439_cycle_1_1",2
"30022","virus_comp_9440_cycle_1_1",2
"30023","virus_comp_9442_cycle_1_1",2
"30024","virus_comp_945_cycle_1_11",2
"30025","virus_comp_945_cycle_1_13",2
"30026","virus_comp_945_cycle_1_15",2
"30027","virus_comp_945_cycle_1_16",2
"30028","virus_comp_945_cycle_1_17",2
"30029","virus_comp_945_cycle_1_18",2
"30030","virus_comp_945_cycle_1_19",2
"30031","virus_comp_945_cycle_1_22",2
"30032","virus_comp_945_cycle_1_25",2
"30033","virus_comp_945_cycle_1_26",2
"30034","virus_comp_945_cycle_1_27",2
"30035","virus_comp_945_cycle_1_28",2
"30036","virus_comp_945_cycle_1_32",2
"30037","virus_comp_945_cycle_1_33",2
"30038","virus_comp_945_cycle_1_34",2
"30039","virus_comp_945_cycle_1_35",2
"30040","virus_comp_945_cycle_1_39",2
"30041","virus_comp_945_cycle_1_40",2
"30042","virus_comp_945_cycle_1_41",2
"30043","virus_comp_945_cycle_1_42",2
"30044","virus_comp_945_cycle_1_43",2
"30045","virus_comp_945_cycle_1_5",2
"30046","virus_comp_945_cycle_1_9",2
"30047","virus_comp_9480_cycle_1_2",2
"30048","virus_comp_9481_cycle_1_3",2
"30049","virus_comp_9481_cycle_1_4",2
"30050","virus_comp_949_cycle_1_2",2
"30051","virus_comp_949_cycle_1_5",2
"30052","virus_comp_9510_cycle_1_2",2
"30053","virus_comp_952_cycle_1_1",2
"30054","virus_comp_952_cycle_1_3",2
"30055","virus_comp_9520_cycle_1_1",2
"30056","virus_comp_9527_cycle_1_2",2
"30057","virus_comp_9538_cycle_1_2",2
"30058","virus_comp_954_cycle_1_12",2
"30059","virus_comp_954_cycle_1_14",2
"30060","virus_comp_954_cycle_1_16",2
"30061","virus_comp_954_cycle_1_17",2
"30062","virus_comp_954_cycle_1_20",2
"30063","virus_comp_954_cycle_1_21",2
"30064","virus_comp_954_cycle_1_23",2
"30065","virus_comp_954_cycle_1_24",2
"30066","virus_comp_954_cycle_1_25",2
"30067","virus_comp_954_cycle_1_26",2
"30068","virus_comp_954_cycle_1_8",2
"30069","virus_comp_954_cycle_1_9",2
"30070","virus_comp_9540_cycle_1_4",2
"30071","virus_comp_9563_cycle_1_1",2
"30072","virus_comp_957_cycle_1_10",2
"30073","virus_comp_957_cycle_1_11",2
"30074","virus_comp_957_cycle_1_19",2
"30075","virus_comp_957_cycle_1_2",2
"30076","virus_comp_957_cycle_1_3",2
"30077","virus_comp_957_cycle_1_5",2
"30078","virus_comp_957_cycle_1_6",2
"30079","virus_comp_957_cycle_1_9",2
"30080","virus_comp_9579_cycle_1_2",2
"30081","virus_comp_958_cycle_1_1",2
"30082","virus_comp_958_cycle_1_2",2
"30083","virus_comp_958_cycle_1_9",2
"30084","virus_comp_9584_cycle_1_1",2
"30085","virus_comp_9586_cycle_1_2",2
"30086","virus_comp_9586_cycle_1_3",2
"30087","virus_comp_961_cycle_1_4",2
"30088","virus_comp_962_cycle_1_3",2
"30089","virus_comp_962_cycle_1_8",2
"30090","virus_comp_9633_cycle_1_2",2
"30091","virus_comp_9635_cycle_1_1",2
"30092","virus_comp_9635_cycle_1_4",2
"30093","virus_comp_964_cycle_1_13",2
"30094","virus_comp_9645_cycle_1_4",2
"30095","virus_comp_965_cycle_1_1",2
"30096","virus_comp_965_cycle_1_10",2
"30097","virus_comp_965_cycle_1_11",2
"30098","virus_comp_965_cycle_1_12",2
"30099","virus_comp_965_cycle_1_13",2
"30100","virus_comp_965_cycle_1_14",2
"30101","virus_comp_965_cycle_1_15",2
"30102","virus_comp_965_cycle_1_16",2
"30103","virus_comp_965_cycle_1_17",2
"30104","virus_comp_965_cycle_1_18",2
"30105","virus_comp_965_cycle_1_19",2
"30106","virus_comp_965_cycle_1_2",2
"30107","virus_comp_965_cycle_1_20",2
"30108","virus_comp_965_cycle_1_21",2
"30109","virus_comp_965_cycle_1_22",2
"30110","virus_comp_965_cycle_1_23",2
"30111","virus_comp_965_cycle_1_24",2
"30112","virus_comp_965_cycle_1_25",2
"30113","virus_comp_965_cycle_1_26",2
"30114","virus_comp_965_cycle_1_27",2
"30115","virus_comp_965_cycle_1_28",2
"30116","virus_comp_965_cycle_1_29",2
"30117","virus_comp_965_cycle_1_3",2
"30118","virus_comp_965_cycle_1_30",2
"30119","virus_comp_965_cycle_1_31",2
"30120","virus_comp_965_cycle_1_32",2
"30121","virus_comp_965_cycle_1_33",2
"30122","virus_comp_965_cycle_1_34",2
"30123","virus_comp_965_cycle_1_4",2
"30124","virus_comp_965_cycle_1_5",2
"30125","virus_comp_965_cycle_1_6",2
"30126","virus_comp_965_cycle_1_7",2
"30127","virus_comp_965_cycle_1_8",2
"30128","virus_comp_965_cycle_1_9",2
"30129","virus_comp_9659_cycle_1_3",2
"30130","virus_comp_966_cycle_1_11",2
"30131","virus_comp_966_cycle_1_12",2
"30132","virus_comp_966_cycle_1_13",2
"30133","virus_comp_966_cycle_1_14",2
"30134","virus_comp_966_cycle_1_15",2
"30135","virus_comp_966_cycle_1_3",2
"30136","virus_comp_966_cycle_1_31",2
"30137","virus_comp_966_cycle_1_38",2
"30138","virus_comp_966_cycle_1_4",2
"30139","virus_comp_966_cycle_1_40",2
"30140","virus_comp_966_cycle_1_41",2
"30141","virus_comp_966_cycle_1_43",2
"30142","virus_comp_966_cycle_1_45",2
"30143","virus_comp_966_cycle_1_6",2
"30144","virus_comp_9674_cycle_1_1",2
"30145","virus_comp_9699_cycle_1_3",2
"30146","virus_comp_970_cycle_1_1",2
"30147","virus_comp_9700_cycle_1_2",2
"30148","virus_comp_9700_cycle_1_3",2
"30149","virus_comp_9705_cycle_1_3",2
"30150","virus_comp_9707_cycle_1_1",2
"30151","virus_comp_9707_cycle_1_2",2
"30152","virus_comp_9707_cycle_1_4",2
"30153","virus_comp_971_cycle_1_17",2
"30154","virus_comp_971_cycle_1_31",2
"30155","virus_comp_971_cycle_1_32",2
"30156","virus_comp_971_cycle_1_33",2
"30157","virus_comp_971_cycle_1_34",2
"30158","virus_comp_9717_cycle_1_4",2
"30159","virus_comp_972_cycle_1_1",2
"30160","virus_comp_972_cycle_1_2",2
"30161","virus_comp_972_cycle_1_4",2
"30162","virus_comp_972_cycle_1_5",2
"30163","virus_comp_972_cycle_1_6",2
"30164","virus_comp_972_cycle_1_7",2
"30165","virus_comp_973_cycle_1_1",2
"30166","virus_comp_973_cycle_1_2",2
"30167","virus_comp_9730_cycle_1_2",2
"30168","virus_comp_974_cycle_1_1",2
"30169","virus_comp_974_cycle_1_10",2
"30170","virus_comp_974_cycle_1_12",2
"30171","virus_comp_974_cycle_1_14",2
"30172","virus_comp_974_cycle_1_16",2
"30173","virus_comp_974_cycle_1_17",2
"30174","virus_comp_974_cycle_1_18",2
"30175","virus_comp_974_cycle_1_19",2
"30176","virus_comp_974_cycle_1_2",2
"30177","virus_comp_974_cycle_1_20",2
"30178","virus_comp_974_cycle_1_23",2
"30179","virus_comp_974_cycle_1_25",2
"30180","virus_comp_974_cycle_1_26",2
"30181","virus_comp_974_cycle_1_29",2
"30182","virus_comp_974_cycle_1_30",2
"30183","virus_comp_974_cycle_1_31",2
"30184","virus_comp_974_cycle_1_32",2
"30185","virus_comp_974_cycle_1_36",2
"30186","virus_comp_974_cycle_1_6",2
"30187","virus_comp_974_cycle_1_8",2
"30188","virus_comp_974_cycle_1_9",2
"30189","virus_comp_976_cycle_1_10",2
"30190","virus_comp_976_cycle_1_11",2
"30191","virus_comp_976_cycle_1_18",2
"30192","virus_comp_976_cycle_1_20",2
"30193","virus_comp_976_cycle_1_26",2
"30194","virus_comp_976_cycle_1_3",2
"30195","virus_comp_976_cycle_1_4",2
"30196","virus_comp_976_cycle_1_7",2
"30197","virus_comp_976_cycle_1_8",2
"30198","virus_comp_9764_cycle_1_1",2
"30199","virus_comp_9772_cycle_1_3",2
"30200","virus_comp_9776_cycle_1_1",2
"30201","virus_comp_9779_cycle_1_1",2
"30202","virus_comp_9779_cycle_1_2",2
"30203","virus_comp_9795_cycle_1_1",2
"30204","virus_comp_9795_cycle_1_3",2
"30205","virus_comp_9815_cycle_1_2",2
"30206","virus_comp_9815_cycle_1_3",2
"30207","virus_comp_9819_cycle_1_2",2
"30208","virus_comp_9827_cycle_1_2",2
"30209","virus_comp_9837_cycle_1_2",2
"30210","virus_comp_984_cycle_1_1",2
"30211","virus_comp_984_cycle_1_16",2
"30212","virus_comp_984_cycle_1_20",2
"30213","virus_comp_984_cycle_1_29",2
"30214","virus_comp_984_cycle_1_5",2
"30215","virus_comp_984_cycle_1_7",2
"30216","virus_comp_9851_cycle_1_2",2
"30217","virus_comp_9859_cycle_1_2",2
"30218","virus_comp_9859_cycle_1_3",2
"30219","virus_comp_9860_cycle_1_1",2
"30220","virus_comp_9860_cycle_1_3",2
"30221","virus_comp_987_cycle_1_19",2
"30222","virus_comp_9870_cycle_1_5",2
"30223","virus_comp_988_cycle_1_10",2
"30224","virus_comp_988_cycle_1_11",2
"30225","virus_comp_988_cycle_1_13",2
"30226","virus_comp_988_cycle_1_14",2
"30227","virus_comp_988_cycle_1_15",2
"30228","virus_comp_988_cycle_1_20",2
"30229","virus_comp_988_cycle_1_21",2
"30230","virus_comp_988_cycle_1_24",2
"30231","virus_comp_988_cycle_1_26",2
"30232","virus_comp_988_cycle_1_8",2
"30233","virus_comp_989_cycle_1_1",2
"30234","virus_comp_9895_cycle_1_2",2
"30235","virus_comp_9912_cycle_1_1",2
"30236","virus_comp_9918_cycle_1_1",2
"30237","virus_comp_992_cycle_1_1",2
"30238","virus_comp_992_cycle_1_10",2
"30239","virus_comp_992_cycle_1_11",2
"30240","virus_comp_992_cycle_1_13",2
"30241","virus_comp_992_cycle_1_14",2
"30242","virus_comp_992_cycle_1_15",2
"30243","virus_comp_992_cycle_1_16",2
"30244","virus_comp_992_cycle_1_17",2
"30245","virus_comp_992_cycle_1_18",2
"30246","virus_comp_992_cycle_1_19",2
"30247","virus_comp_992_cycle_1_2",2
"30248","virus_comp_992_cycle_1_20",2
"30249","virus_comp_992_cycle_1_21",2
"30250","virus_comp_992_cycle_1_23",2
"30251","virus_comp_992_cycle_1_24",2
"30252","virus_comp_992_cycle_1_25",2
"30253","virus_comp_992_cycle_1_26",2
"30254","virus_comp_992_cycle_1_27",2
"30255","virus_comp_992_cycle_1_28",2
"30256","virus_comp_992_cycle_1_3",2
"30257","virus_comp_992_cycle_1_4",2
"30258","virus_comp_992_cycle_1_5",2
"30259","virus_comp_992_cycle_1_6",2
"30260","virus_comp_992_cycle_1_7",2
"30261","virus_comp_992_cycle_1_8",2
"30262","virus_comp_992_cycle_1_9",2
"30263","virus_comp_9920_cycle_1_2",2
"30264","virus_comp_9924_cycle_1_2",2
"30265","virus_comp_9934_cycle_1_1",2
"30266","virus_comp_994_cycle_1_10",2
"30267","virus_comp_994_cycle_1_11",2
"30268","virus_comp_994_cycle_1_13",2
"30269","virus_comp_994_cycle_1_14",2
"30270","virus_comp_994_cycle_1_5",2
"30271","virus_comp_994_cycle_1_6",2
"30272","virus_comp_994_cycle_1_8",2
"30273","virus_comp_994_cycle_1_9",2
"30274","virus_comp_995_cycle_1_16",2
"30275","virus_comp_996_cycle_1_3",2
"30276","virus_comp_996_cycle_1_4",2
"30277","virus_comp_996_cycle_1_5",2
"30278","virus_comp_997_cycle_1_3",2
"30279","virus_comp_997_cycle_1_4",2
"30280","virus_comp_997_cycle_1_5",2
"30281","virus_comp_997_cycle_1_7",2
"30282","virus_comp_9975_cycle_1_2",2
"30283","virus_comp_998_cycle_1_16",2
"30284","virus_comp_998_cycle_1_18",2
"30285","virus_comp_998_cycle_1_21",2
"30286","virus_comp_998_cycle_1_22",2
"30287","virus_comp_999_cycle_1_1",2
"30288","virus_comp_999_cycle_1_19",2
"30289","virus_comp_999_cycle_1_23",2
"30290","virus_comp_999_cycle_1_8",2
"30291","virus_comp_9998_cycle_1_3",2
"30292","edge_1291_10",2
"30293","edge_1291_100",2
"30294","edge_1291_101",2
"30295","edge_1291_102",2
"30296","edge_1291_11",2
"30297","edge_1291_119",2
"30298","edge_1291_12",2
"30299","edge_1291_120",2
"30300","edge_1291_121",2
"30301","edge_1291_123",2
"30302","edge_1291_13",2
"30303","edge_1291_137",2
"30304","edge_1291_14",2
"30305","edge_1291_17",2
"30306","edge_1291_18",2
"30307","edge_1291_19",2
"30308","edge_1291_2",2
"30309","edge_1291_20",2
"30310","edge_1291_21",2
"30311","edge_1291_26",2
"30312","edge_1291_28",2
"30313","edge_1291_29",2
"30314","edge_1291_3",2
"30315","edge_1291_30",2
"30316","edge_1291_31",2
"30317","edge_1291_4",2
"30318","edge_1291_40",2
"30319","edge_1291_42",2
"30320","edge_1291_45",2
"30321","edge_1291_55",2
"30322","edge_1291_57",2
"30323","edge_1291_58",2
"30324","edge_1291_59",2
"30325","edge_1291_6",2
"30326","edge_1291_60",2
"30327","edge_1291_61",2
"30328","edge_1291_62",2
"30329","edge_1291_64",2
"30330","edge_1291_69",2
"30331","edge_1291_7",2
"30332","edge_1291_70",2
"30333","edge_1291_71",2
"30334","edge_1291_72",2
"30335","edge_1291_73",2
"30336","edge_1291_74",2
"30337","edge_1291_79",2
"30338","edge_1291_8",2
"30339","edge_1291_80",2
"30340","edge_1291_82",2
"30341","edge_1291_83",2
"30342","edge_1291_84",2
"30343","edge_1291_85",2
"30344","edge_1291_86",2
"30345","edge_1291_87",2
"30346","edge_1291_88",2
"30347","edge_1291_89",2
"30348","edge_1291_9",2
"30349","edge_1291_90",2
"30350","edge_1291_91",2
"30351","edge_1291_92",2
"30352","edge_1291_93",2
"30353","edge_1291_94",2
"30354","edge_1291_95",2
"30355","edge_1291_96",2
"30356","edge_1291_98",2
"30357","edge_1329_100",2
"30358","edge_1329_104",2
"30359","edge_1329_105",2
"30360","edge_1329_107",2
"30361","edge_1329_109",2
"30362","edge_1329_110",2
"30363","edge_1329_118",2
"30364","edge_1329_122",2
"30365","edge_1329_124",2
"30366","edge_1329_131",2
"30367","edge_1329_132",2
"30368","edge_1329_133",2
"30369","edge_1329_134",2
"30370","edge_1329_138",2
"30371","edge_1329_139",2
"30372","edge_1329_142",2
"30373","edge_1329_143",2
"30374","edge_1329_144",2
"30375","edge_1329_15",2
"30376","edge_1329_21",2
"30377","edge_1329_22",2
"30378","edge_1329_23",2
"30379","edge_1329_25",2
"30380","edge_1329_27",2
"30381","edge_1329_28",2
"30382","edge_1329_29",2
"30383","edge_1329_30",2
"30384","edge_1329_33",2
"30385","edge_1329_34",2
"30386","edge_1329_38",2
"30387","edge_1329_42",2
"30388","edge_1329_45",2
"30389","edge_1329_46",2
"30390","edge_1329_5",2
"30391","edge_1329_52",2
"30392","edge_1329_53",2
"30393","edge_1329_54",2
"30394","edge_1329_56",2
"30395","edge_1329_57",2
"30396","edge_1329_58",2
"30397","edge_1329_64",2
"30398","edge_1329_66",2
"30399","edge_1329_76",2
"30400","edge_1329_81",2
"30401","edge_1329_85",2
"30402","edge_1329_87",2
"30403","edge_1329_89",2
"30404","edge_1329_9",2
"30405","edge_1329_91",2
"30406","edge_1329_96",2
"30407","edge_1329_98",2
"30408","edge_1329_99",2
"30409","edge_1333_2",2
"30410","edge_1333_3",2
"30411","edge_1333_4",2
"30412","edge_1333_8",2
"30413","edge_1468_10",2
"30414","edge_1468_20",2
"30415","edge_1468_26",2
"30416","edge_1468_4",2
"30417","edge_1468_6",2
"30418","edge_1468_7",2
"30419","edge_1468_78",2
"30420","edge_1468_80",2
"30421","edge_1476_12",2
"30422","edge_1476_15",2
"30423","edge_1476_17",2
"30424","edge_1494_10",2
"30425","edge_1494_11",2
"30426","edge_1494_12",2
"30427","edge_1494_16",2
"30428","edge_1494_25",2
"30429","edge_1494_26",2
"30430","edge_1494_27",2
"30431","edge_1494_4",2
"30432","edge_1494_5",2
"30433","edge_1494_7",2
"30434","edge_1494_8",2
"30435","edge_1494_9",2
"30436","edge_1495_25",2
"30437","edge_1495_49",2
"30438","edge_1495_52",2
"30439","edge_1495_53",2
"30440","edge_1495_56",2
"30441","edge_1495_57",2
"30442","edge_1495_58",2
"30443","edge_1496_18",2
"30444","edge_1496_20",2
"30445","edge_1496_23",2
"30446","edge_1496_24",2
"30447","edge_1496_26",2
"30448","edge_1496_8",2
"30449","edge_1501_14",2
"30450","edge_1501_22",2
"30451","edge_1501_25",2
"30452","edge_1512_23",2
"30453","edge_1512_34",2
"30454","edge_1512_36",2
"30455","edge_1512_42",2
"30456","edge_1512_44",2
"30457","edge_1512_47",2
"30458","edge_1512_69",2
"30459","edge_1512_75",2
"30460","edge_1512_76",2
"30461","edge_1512_78",2
"30462","edge_1515_10",2
"30463","edge_1515_13",2
"30464","edge_1515_15",2
"30465","edge_1515_16",2
"30466","edge_1515_18",2
"30467","edge_1515_26",2
"30468","edge_1515_5",2
"30469","edge_1515_8",2
"30470","edge_1515_9",2
"30471","edge_1594_18",2
"30472","edge_1594_20",2
"30473","edge_1594_21",2
"30474","edge_1594_22",2
"30475","edge_1594_23",2
"30476","edge_1594_26",2
"30477","edge_1596_1",2
"30478","edge_1596_17",2
"30479","edge_1596_22",2
"30480","edge_1596_29",2
"30481","edge_1596_30",2
"30482","edge_1596_31",2
"30483","edge_1596_33",2
"30484","edge_1596_8",2
"30485","edge_1627_1",2
"30486","edge_1627_20",2
"30487","edge_1627_31",2
"30488","edge_1627_8",2
"30489","edge_1627_9",2
"30490","edge_1631_18",2
"30491","edge_1631_29",2
"30492","edge_1631_35",2
"30493","edge_1631_36",2
"30494","edge_1631_37",2
"30495","edge_1632_13",2
"30496","edge_1633_12",2
"30497","edge_1633_18",2
"30498","edge_1633_19",2
"30499","edge_1633_21",2
"30500","edge_1633_23",2
"30501","edge_1633_29",2
"30502","edge_1633_36",2
"30503","edge_1633_40",2
"30504","edge_1633_63",2
"30505","edge_1633_9",2
"30506","edge_1641_10",2
"30507","edge_1641_12",2
"30508","edge_1641_15",2
"30509","edge_1641_19",2
"30510","edge_1641_20",2
"30511","edge_1641_21",2
"30512","edge_1641_6",2
"30513","edge_1641_71",2
"30514","edge_1672_11",2
"30515","edge_1672_15",2
"30516","edge_1672_18",2
"30517","edge_1672_24",2
"30518","edge_1672_25",2
"30519","edge_1672_26",2
"30520","edge_1672_3",2
"30521","edge_1672_30",2
"30522","edge_1672_31",2
"30523","edge_1672_40",2
"30524","edge_1672_46",2
"30525","edge_1672_47",2
"30526","edge_1672_5",2
"30527","edge_1672_51",2
"30528","edge_1672_57",2
"30529","edge_1672_60",2
"30530","edge_1672_61",2
"30531","edge_1672_70",2
"30532","edge_1672_73",2
"30533","edge_1672_75",2
"30534","edge_1672_79",2
"30535","edge_1672_80",2
"30536","edge_1672_82",2
"30537","edge_1677_10",2
"30538","edge_1677_14",2
"30539","edge_1677_21",2
"30540","edge_1677_8",2
"30541","edge_1707_10",2
"30542","edge_1707_11",2
"30543","edge_1707_13",2
"30544","edge_1707_15",2
"30545","edge_1709_1",2
"30546","edge_1709_26",2
"30547","edge_1709_4",2
"30548","edge_1709_5",2
"30549","edge_1709_60",2
"30550","edge_1709_62",2
"30551","edge_1709_66",2
"30552","edge_1710_1",2
"30553","edge_1732_61",2
"30554","edge_1782_12",2
"30555","edge_1782_20",2
"30556","edge_1782_23",2
"30557","edge_1782_28",2
"30558","edge_1782_29",2
"30559","edge_1782_3",2
"30560","edge_1782_32",2
"30561","edge_1801_13",2
"30562","edge_1801_15",2
"30563","edge_1801_21",2
"30564","edge_1801_23",2
"30565","edge_1801_24",2
"30566","edge_1801_28",2
"30567","edge_1801_32",2
"30568","edge_1801_33",2
"30569","edge_1801_38",2
"30570","edge_1801_42",2
"30571","edge_1801_44",2
"30572","edge_1801_48",2
"30573","edge_1801_49",2
"30574","edge_1801_53",2
"30575","edge_1801_54",2
"30576","edge_1801_55",2
"30577","edge_1801_56",2
"30578","edge_1801_58",2
"30579","edge_1801_62",2
"30580","edge_1801_63",2
"30581","edge_1801_64",2
"30582","edge_1801_65",2
"30583","edge_1801_67",2
"30584","edge_1803_1",2
"30585","edge_1803_14",2
"30586","edge_1803_16",2
"30587","edge_1803_18",2
"30588","edge_1803_19",2
"30589","edge_1803_2",2
"30590","edge_1803_29",2
"30591","edge_1803_3",2
"30592","edge_1803_36",2
"30593","edge_1803_37",2
"30594","edge_1803_4",2
"30595","edge_1845_12",2
"30596","edge_1845_17",2
"30597","edge_1845_18",2
"30598","edge_1845_23",2
"30599","edge_1845_24",2
"30600","edge_1845_27",2
"30601","edge_1845_31",2
"30602","edge_1845_36",2
"30603","edge_1847_20",2
"30604","edge_1857_10",2
"30605","edge_1857_11",2
"30606","edge_1857_14",2
"30607","edge_1857_2",2
"30608","edge_1857_3",2
"30609","edge_1857_31",2
"30610","edge_1857_37",2
"30611","edge_1857_40",2
"30612","edge_1857_41",2
"30613","edge_1857_44",2
"30614","edge_1857_46",2
"30615","edge_1857_48",2
"30616","edge_1857_49",2
"30617","edge_1857_53",2
"30618","edge_1857_57",2
"30619","edge_1857_6",2
"30620","edge_1857_60",2
"30621","edge_1857_62",2
"30622","edge_1857_63",2
"30623","edge_1857_64",2
"30624","edge_1857_65",2
"30625","edge_1857_77",2
"30626","edge_1857_81",2
"30627","edge_1857_84",2
"30628","edge_1857_9",2
"30629","edge_1861_1",2
"30630","edge_1861_3",2
"30631","edge_1861_5",2
"30632","edge_1861_6",2
"30633","edge_1862_12",2
"30634","edge_1862_15",2
"30635","edge_1862_26",2
"30636","edge_1863_1",2
"30637","edge_1863_4",2
"30638","edge_1863_7",2
"30639","edge_1877_1",2
"30640","edge_1877_10",2
"30641","edge_1877_11",2
"30642","edge_1877_12",2
"30643","edge_1877_13",2
"30644","edge_1877_14",2
"30645","edge_1877_15",2
"30646","edge_1877_16",2
"30647","edge_1877_2",2
"30648","edge_1877_22",2
"30649","edge_1877_23",2
"30650","edge_1877_28",2
"30651","edge_1877_29",2
"30652","edge_1877_3",2
"30653","edge_1877_33",2
"30654","edge_1877_37",2
"30655","edge_1877_38",2
"30656","edge_1877_40",2
"30657","edge_1877_41",2
"30658","edge_1877_42",2
"30659","edge_1877_47",2
"30660","edge_1877_50",2
"30661","edge_1877_52",2
"30662","edge_1877_54",2
"30663","edge_1877_56",2
"30664","edge_1877_58",2
"30665","edge_1877_59",2
"30666","edge_1877_6",2
"30667","edge_1877_60",2
"30668","edge_1877_61",2
"30669","edge_1877_63",2
"30670","edge_1877_64",2
"30671","edge_1877_65",2
"30672","edge_1877_67",2
"30673","edge_1877_68",2
"30674","edge_1877_70",2
"30675","edge_1877_71",2
"30676","edge_1877_75",2
"30677","edge_1877_77",2
"30678","edge_1877_79",2
"30679","edge_1877_83",2
"30680","edge_1896_11",2
"30681","edge_1896_13",2
"30682","edge_1896_19",2
"30683","edge_1896_21",2
"30684","edge_1896_28",2
"30685","edge_1896_29",2
"30686","edge_1896_31",2
"30687","edge_1896_32",2
"30688","edge_1896_37",2
"30689","edge_1896_8",2
"30690","edge_1907_1",2
"30691","edge_1907_12",2
"30692","edge_1907_14",2
"30693","edge_1907_16",2
"30694","edge_1907_17",2
"30695","edge_1907_2",2
"30696","edge_1907_20",2
"30697","edge_1907_3",2
"30698","edge_1907_30",2
"30699","edge_1907_31",2
"30700","edge_1907_32",2
"30701","edge_1907_33",2
"30702","edge_1907_34",2
"30703","edge_1907_35",2
"30704","edge_1907_36",2
"30705","edge_1907_37",2
"30706","edge_1907_38",2
"30707","edge_1907_39",2
"30708","edge_1907_4",2
"30709","edge_1907_41",2
"30710","edge_1907_42",2
"30711","edge_1907_43",2
"30712","edge_1907_44",2
"30713","edge_1907_47",2
"30714","edge_1907_49",2
"30715","edge_1907_5",2
"30716","edge_1907_50",2
"30717","edge_1907_52",2
"30718","edge_1907_53",2
"30719","edge_1907_59",2
"30720","edge_1907_6",2
"30721","edge_1907_60",2
"30722","edge_1907_62",2
"30723","edge_1907_63",2
"30724","edge_1907_64",2
"30725","edge_1907_65",2
"30726","edge_1907_67",2
"30727","edge_1907_68",2
"30728","edge_1907_69",2
"30729","edge_1907_7",2
"30730","edge_1907_70",2
"30731","edge_1907_71",2
"30732","edge_1907_72",2
"30733","edge_1915_1",2
"30734","edge_1915_12",2
"30735","edge_1915_13",2
"30736","edge_1915_33",2
"30737","edge_1915_35",2
"30738","edge_1915_36",2
"30739","edge_1915_39",2
"30740","edge_1915_4",2
"30741","edge_1915_7",2
"30742","edge_1915_9",2
"30743","edge_192_10",2
"30744","edge_192_11",2
"30745","edge_192_12",2
"30746","edge_192_15",2
"30747","edge_192_17",2
"30748","edge_192_18",2
"30749","edge_192_20",2
"30750","edge_192_21",2
"30751","edge_192_23",2
"30752","edge_192_24",2
"30753","edge_192_26",2
"30754","edge_192_27",2
"30755","edge_192_28",2
"30756","edge_192_3",2
"30757","edge_192_4",2
"30758","edge_192_7",2
"30759","edge_192_9",2
"30760","edge_1957_10",2
"30761","edge_1957_11",2
"30762","edge_1957_12",2
"30763","edge_1957_13",2
"30764","edge_1957_14",2
"30765","edge_1957_15",2
"30766","edge_1957_16",2
"30767","edge_1957_17",2
"30768","edge_1957_18",2
"30769","edge_1957_21",2
"30770","edge_1957_3",2
"30771","edge_1957_30",2
"30772","edge_1957_32",2
"30773","edge_1957_4",2
"30774","edge_1957_5",2
"30775","edge_1957_58",2
"30776","edge_1957_6",2
"30777","edge_1957_9",2
"30778","edge_1958_11",2
"30779","edge_1958_3",2
"30780","edge_1958_7",2
"30781","edge_1959_3",2
"30782","edge_1959_5",2
"30783","edge_1959_6",2
"30784","edge_1979_1",2
"30785","edge_1989_24",2
"30786","edge_1989_38",2
"30787","edge_1989_4",2
"30788","edge_1989_40",2
"30789","edge_1989_46",2
"30790","edge_1989_56",2
"30791","edge_1989_57",2
"30792","edge_1989_6",2
"30793","edge_1997_1",2
"30794","edge_1997_13",2
"30795","edge_1997_18",2
"30796","edge_1997_19",2
"30797","edge_1997_2",2
"30798","edge_1997_20",2
"30799","edge_1997_21",2
"30800","edge_1997_22",2
"30801","edge_1997_23",2
"30802","edge_1997_24",2
"30803","edge_1997_27",2
"30804","edge_1997_28",2
"30805","edge_1997_30",2
"30806","edge_1997_31",2
"30807","edge_1997_42",2
"30808","edge_1997_43",2
"30809","edge_1997_44",2
"30810","edge_1997_45",2
"30811","edge_1997_47",2
"30812","edge_1997_48",2
"30813","edge_1997_49",2
"30814","edge_1997_5",2
"30815","edge_1997_7",2
"30816","edge_1997_8",2
"30817","edge_2007_1",2
"30818","edge_2007_10",2
"30819","edge_2007_12",2
"30820","edge_2007_13",2
"30821","edge_2007_15",2
"30822","edge_2007_16",2
"30823","edge_2007_17",2
"30824","edge_2007_19",2
"30825","edge_2007_2",2
"30826","edge_2007_20",2
"30827","edge_2007_23",2
"30828","edge_2007_24",2
"30829","edge_2007_25",2
"30830","edge_2007_26",2
"30831","edge_2007_27",2
"30832","edge_2007_28",2
"30833","edge_2007_29",2
"30834","edge_2007_30",2
"30835","edge_2007_32",2
"30836","edge_2007_34",2
"30837","edge_2007_35",2
"30838","edge_2007_36",2
"30839","edge_2007_37",2
"30840","edge_2007_38",2
"30841","edge_2007_39",2
"30842","edge_2007_4",2
"30843","edge_2007_40",2
"30844","edge_2007_43",2
"30845","edge_2007_44",2
"30846","edge_2007_47",2
"30847","edge_2007_49",2
"30848","edge_2007_50",2
"30849","edge_2007_51",2
"30850","edge_2007_53",2
"30851","edge_2007_54",2
"30852","edge_2007_55",2
"30853","edge_2007_56",2
"30854","edge_2007_6",2
"30855","edge_2007_60",2
"30856","edge_2007_8",2
"30857","edge_2007_9",2
"30858","edge_2008_14",2
"30859","edge_2008_18",2
"30860","edge_2008_19",2
"30861","edge_2008_20",2
"30862","edge_2008_22",2
"30863","edge_2008_30",2
"30864","edge_2008_35",2
"30865","edge_2008_36",2
"30866","edge_2018_11",2
"30867","edge_2018_12",2
"30868","edge_2018_13",2
"30869","edge_2018_14",2
"30870","edge_2044_19",2
"30871","edge_2044_20",2
"30872","edge_2044_35",2
"30873","edge_2044_6",2
"30874","edge_205_1",2
"30875","edge_205_11",2
"30876","edge_205_2",2
"30877","edge_205_4",2
"30878","edge_205_9",2
"30879","edge_2063_15",2
"30880","edge_2063_18",2
"30881","edge_2063_20",2
"30882","edge_2063_23",2
"30883","edge_2143_14",2
"30884","edge_2143_17",2
"30885","edge_2143_18",2
"30886","edge_2143_22",2
"30887","edge_2143_28",2
"30888","edge_2143_34",2
"30889","edge_2143_35",2
"30890","edge_2143_61",2
"30891","edge_2194_21",2
"30892","edge_2194_25",2
"30893","edge_2194_26",2
"30894","edge_2194_29",2
"30895","edge_2194_30",2
"30896","edge_2254_4",2
"30897","edge_2261_12",2
"30898","edge_2261_14",2
"30899","edge_2261_15",2
"30900","edge_2261_16",2
"30901","edge_2261_20",2
"30902","edge_2261_7",2
"30903","edge_2261_8",2
"30904","edge_2261_9",2
"30905","edge_2291_1",2
"30906","edge_2291_10",2
"30907","edge_2291_13",2
"30908","edge_2291_2",2
"30909","edge_2291_6",2
"30910","edge_2291_8",2
"30911","edge_2291_9",2
"30912","edge_2375_10",2
"30913","edge_2375_24",2
"30914","edge_2375_5",2
"30915","edge_2429_16",2
"30916","edge_2435_1",2
"30917","edge_2435_14",2
"30918","edge_2435_21",2
"30919","edge_2435_26",2
"30920","edge_2455_12",2
"30921","edge_2483_1",2
"30922","edge_2483_4",2
"30923","edge_2484_1",2
"30924","edge_2484_17",2
"30925","edge_2484_20",2
"30926","edge_2484_30",2
"30927","edge_2484_33",2
"30928","edge_2486_11",2
"30929","edge_2486_7",2
"30930","edge_263_15",2
"30931","edge_263_38",2
"30932","edge_263_41",2
"30933","edge_263_45",2
"30934","edge_2837_6",2
"30935","edge_2837_9",2
"30936","edge_2859_6",2
"30937","edge_294_20",2
"30938","edge_294_22",2
"30939","edge_294_23",2
"30940","edge_294_28",2
"30941","edge_294_43",2
"30942","edge_294_47",2
"30943","edge_295_12",2
"30944","edge_295_2",2
"30945","edge_295_23",2
"30946","edge_295_25",2
"30947","edge_295_28",2
"30948","edge_295_3",2
"30949","edge_295_38",2
"30950","edge_311_2",2
"30951","edge_311_3",2
"30952","edge_330_12",2
"30953","edge_330_13",2
"30954","edge_330_14",2
"30955","edge_330_2",2
"30956","edge_330_33",2
"30957","edge_3513_18",2
"30958","edge_3513_7",2
"30959","edge_48622_1",2
"30960","edge_48622_5",2
"30961","edge_48728_10",2
"30962","edge_48728_11",2
"30963","edge_48728_19",2
"30964","edge_48728_23",2
"30965","edge_48730_1",2
"30966","edge_48730_10",2
"30967","edge_48730_11",2
"30968","edge_48730_12",2
"30969","edge_48730_13",2
"30970","edge_48730_14",2
"30971","edge_48730_15",2
"30972","edge_48730_16",2
"30973","edge_48730_17",2
"30974","edge_48730_18",2
"30975","edge_48730_19",2
"30976","edge_48730_20",2
"30977","edge_48730_21",2
"30978","edge_48730_22",2
"30979","edge_48730_23",2
"30980","edge_48730_24",2
"30981","edge_48730_25",2
"30982","edge_48730_26",2
"30983","edge_48730_27",2
"30984","edge_48730_28",2
"30985","edge_48730_29",2
"30986","edge_48730_3",2
"30987","edge_48730_30",2
"30988","edge_48730_31",2
"30989","edge_48730_32",2
"30990","edge_48730_33",2
"30991","edge_48730_34",2
"30992","edge_48730_5",2
"30993","edge_48730_54",2
"30994","edge_48730_55",2
"30995","edge_48730_6",2
"30996","edge_48730_60",2
"30997","edge_48730_61",2
"30998","edge_48730_62",2
"30999","edge_48730_63",2
"31000","edge_48730_64",2
"31001","edge_48730_65",2
"31002","edge_48730_69",2
"31003","edge_48730_7",2
"31004","edge_48730_73",2
"31005","edge_48730_76",2
"31006","edge_48730_78",2
"31007","edge_48730_79",2
"31008","edge_48730_80",2
"31009","edge_48730_9",2
"31010","edge_48731_1",2
"31011","edge_48731_10",2
"31012","edge_48731_11",2
"31013","edge_48731_12",2
"31014","edge_48731_13",2
"31015","edge_48731_14",2
"31016","edge_48731_15",2
"31017","edge_48731_16",2
"31018","edge_48731_2",2
"31019","edge_48731_3",2
"31020","edge_48731_4",2
"31021","edge_48731_6",2
"31022","edge_48731_7",2
"31023","edge_48731_8",2
"31024","edge_48731_9",2
"31025","edge_48754_2",2
"31026","edge_48755_10",2
"31027","edge_48755_2",2
"31028","edge_48755_3",2
"31029","edge_48778_12",2
"31030","edge_48778_19",2
"31031","edge_48907_1",2
"31032","edge_48907_6",2
"31033","edge_48908_10",2
"31034","edge_48908_12",2
"31035","edge_48908_15",2
"31036","edge_48908_17",2
"31037","edge_48908_3",2
"31038","edge_48966_1",2
"31039","edge_48966_11",2
"31040","edge_48966_12",2
"31041","edge_48966_2",2
"31042","edge_48966_3",2
"31043","edge_48966_4",2
"31044","edge_48966_5",2
"31045","edge_48966_6",2
"31046","edge_48966_7",2
"31047","edge_48966_9",2
"31048","edge_48967_11",2
"31049","edge_48967_15",2
"31050","edge_48967_2",2
"31051","edge_48967_4",2
"31052","edge_48967_6",2
"31053","edge_49045_2",2
"31054","edge_49045_4",2
"31055","edge_75_1",2
"31056","edge_75_12",2
"31057","edge_75_3",2
"31058","edge_75_4",2
"31059","edge_75_9",2
"31060","edge_957_11",2
"31061","edge_957_9",2
"31062","edge_959_101",2
"31063","edge_959_31",2
"31064","edge_959_34",2
"31065","edge_959_99",2
"31066","edge_965_13",2
"31067","edge_965_37",2
"31068","edge_965_38",2
"31069","edge_965_5",2
"31070","edge_967_9",2
"31071","virus_comp_1000_cycle_1_19",1
"31072","virus_comp_1000_cycle_1_25",1
"31073","virus_comp_1000_cycle_1_3",1
"31074","virus_comp_1000_cycle_1_4",1
"31075","virus_comp_1000_cycle_1_5",1
"31076","virus_comp_1002_cycle_1_1",1
"31077","virus_comp_1002_cycle_1_10",1
"31078","virus_comp_1002_cycle_1_11",1
"31079","virus_comp_1002_cycle_1_12",1
"31080","virus_comp_1002_cycle_1_13",1
"31081","virus_comp_1002_cycle_1_14",1
"31082","virus_comp_1002_cycle_1_15",1
"31083","virus_comp_1002_cycle_1_16",1
"31084","virus_comp_1002_cycle_1_17",1
"31085","virus_comp_1002_cycle_1_18",1
"31086","virus_comp_1002_cycle_1_19",1
"31087","virus_comp_1002_cycle_1_2",1
"31088","virus_comp_1002_cycle_1_20",1
"31089","virus_comp_1002_cycle_1_21",1
"31090","virus_comp_1002_cycle_1_22",1
"31091","virus_comp_1002_cycle_1_23",1
"31092","virus_comp_1002_cycle_1_24",1
"31093","virus_comp_1002_cycle_1_25",1
"31094","virus_comp_1002_cycle_1_26",1
"31095","virus_comp_1002_cycle_1_27",1
"31096","virus_comp_1002_cycle_1_28",1
"31097","virus_comp_1002_cycle_1_3",1
"31098","virus_comp_1002_cycle_1_4",1
"31099","virus_comp_1002_cycle_1_5",1
"31100","virus_comp_1002_cycle_1_6",1
"31101","virus_comp_1002_cycle_1_7",1
"31102","virus_comp_1002_cycle_1_8",1
"31103","virus_comp_1002_cycle_1_9",1
"31104","virus_comp_1003_cycle_1_1",1
"31105","virus_comp_1003_cycle_1_10",1
"31106","virus_comp_1003_cycle_1_11",1
"31107","virus_comp_1003_cycle_1_12",1
"31108","virus_comp_1003_cycle_1_13",1
"31109","virus_comp_1003_cycle_1_14",1
"31110","virus_comp_1003_cycle_1_15",1
"31111","virus_comp_1003_cycle_1_16",1
"31112","virus_comp_1003_cycle_1_17",1
"31113","virus_comp_1003_cycle_1_18",1
"31114","virus_comp_1003_cycle_1_19",1
"31115","virus_comp_1003_cycle_1_2",1
"31116","virus_comp_1003_cycle_1_20",1
"31117","virus_comp_1003_cycle_1_21",1
"31118","virus_comp_1003_cycle_1_22",1
"31119","virus_comp_1003_cycle_1_23",1
"31120","virus_comp_1003_cycle_1_4",1
"31121","virus_comp_1003_cycle_1_5",1
"31122","virus_comp_1003_cycle_1_6",1
"31123","virus_comp_1003_cycle_1_7",1
"31124","virus_comp_1003_cycle_1_8",1
"31125","virus_comp_1003_cycle_1_9",1
"31126","virus_comp_10039_cycle_1_1",1
"31127","virus_comp_10049_cycle_1_1",1
"31128","virus_comp_10049_cycle_1_3",1
"31129","virus_comp_1005_cycle_1_3",1
"31130","virus_comp_10054_cycle_1_1",1
"31131","virus_comp_10054_cycle_1_2",1
"31132","virus_comp_10057_cycle_1_1",1
"31133","virus_comp_10057_cycle_1_3",1
"31134","virus_comp_10058_cycle_1_1",1
"31135","virus_comp_10058_cycle_1_2",1
"31136","virus_comp_10058_cycle_1_3",1
"31137","virus_comp_1006_cycle_1_1",1
"31138","virus_comp_1006_cycle_1_10",1
"31139","virus_comp_1006_cycle_1_11",1
"31140","virus_comp_1006_cycle_1_12",1
"31141","virus_comp_1006_cycle_1_13",1
"31142","virus_comp_1006_cycle_1_14",1
"31143","virus_comp_1006_cycle_1_15",1
"31144","virus_comp_1006_cycle_1_16",1
"31145","virus_comp_1006_cycle_1_9",1
"31146","virus_comp_1007_cycle_1_1",1
"31147","virus_comp_1007_cycle_1_14",1
"31148","virus_comp_1007_cycle_1_17",1
"31149","virus_comp_1007_cycle_1_19",1
"31150","virus_comp_1007_cycle_1_24",1
"31151","virus_comp_1007_cycle_1_25",1
"31152","virus_comp_1007_cycle_1_3",1
"31153","virus_comp_1007_cycle_1_30",1
"31154","virus_comp_1007_cycle_1_4",1
"31155","virus_comp_1007_cycle_1_5",1
"31156","virus_comp_1007_cycle_1_6",1
"31157","virus_comp_1007_cycle_1_7",1
"31158","virus_comp_1011_cycle_1_1",1
"31159","virus_comp_1011_cycle_1_10",1
"31160","virus_comp_1011_cycle_1_11",1
"31161","virus_comp_1011_cycle_1_13",1
"31162","virus_comp_1011_cycle_1_14",1
"31163","virus_comp_1011_cycle_1_15",1
"31164","virus_comp_1011_cycle_1_16",1
"31165","virus_comp_1011_cycle_1_17",1
"31166","virus_comp_1011_cycle_1_18",1
"31167","virus_comp_1011_cycle_1_19",1
"31168","virus_comp_1011_cycle_1_2",1
"31169","virus_comp_1011_cycle_1_20",1
"31170","virus_comp_1011_cycle_1_21",1
"31171","virus_comp_1011_cycle_1_22",1
"31172","virus_comp_1011_cycle_1_23",1
"31173","virus_comp_1011_cycle_1_24",1
"31174","virus_comp_1011_cycle_1_25",1
"31175","virus_comp_1011_cycle_1_26",1
"31176","virus_comp_1011_cycle_1_27",1
"31177","virus_comp_1011_cycle_1_28",1
"31178","virus_comp_1011_cycle_1_29",1
"31179","virus_comp_1011_cycle_1_3",1
"31180","virus_comp_1011_cycle_1_30",1
"31181","virus_comp_1011_cycle_1_31",1
"31182","virus_comp_1011_cycle_1_32",1
"31183","virus_comp_1011_cycle_1_5",1
"31184","virus_comp_1011_cycle_1_6",1
"31185","virus_comp_1011_cycle_1_7",1
"31186","virus_comp_1011_cycle_1_8",1
"31187","virus_comp_1011_cycle_1_9",1
"31188","virus_comp_10110_cycle_1_1",1
"31189","virus_comp_10110_cycle_1_2",1
"31190","virus_comp_10114_cycle_1_1",1
"31191","virus_comp_10118_cycle_1_1",1
"31192","virus_comp_10118_cycle_1_2",1
"31193","virus_comp_10118_cycle_1_3",1
"31194","virus_comp_1012_cycle_1_13",1
"31195","virus_comp_1012_cycle_1_3",1
"31196","virus_comp_1012_cycle_1_6",1
"31197","virus_comp_10121_cycle_1_1",1
"31198","virus_comp_10127_cycle_1_1",1
"31199","virus_comp_1013_cycle_1_13",1
"31200","virus_comp_10130_cycle_1_2",1
"31201","virus_comp_10130_cycle_1_3",1
"31202","virus_comp_10132_cycle_1_1",1
"31203","virus_comp_10132_cycle_1_2",1
"31204","virus_comp_10133_cycle_1_1",1
"31205","virus_comp_10133_cycle_1_4",1
"31206","virus_comp_10133_cycle_1_5",1
"31207","virus_comp_10135_cycle_1_2",1
"31208","virus_comp_10145_cycle_1_1",1
"31209","virus_comp_10145_cycle_1_2",1
"31210","virus_comp_10151_cycle_1_2",1
"31211","virus_comp_10157_cycle_1_1",1
"31212","virus_comp_10157_cycle_1_2",1
"31213","virus_comp_10157_cycle_1_3",1
"31214","virus_comp_10157_cycle_1_4",1
"31215","virus_comp_1017_cycle_1_10",1
"31216","virus_comp_1017_cycle_1_12",1
"31217","virus_comp_1017_cycle_1_18",1
"31218","virus_comp_1017_cycle_1_8",1
"31219","virus_comp_1017_cycle_3_11",1
"31220","virus_comp_1017_cycle_3_7",1
"31221","virus_comp_1017_cycle_3_8",1
"31222","virus_comp_1017_cycle_3_9",1
"31223","virus_comp_1018_cycle_1_1",1
"31224","virus_comp_1018_cycle_1_10",1
"31225","virus_comp_1018_cycle_1_11",1
"31226","virus_comp_1018_cycle_1_12",1
"31227","virus_comp_1018_cycle_1_13",1
"31228","virus_comp_1018_cycle_1_15",1
"31229","virus_comp_1018_cycle_1_16",1
"31230","virus_comp_1018_cycle_1_17",1
"31231","virus_comp_1018_cycle_1_19",1
"31232","virus_comp_1018_cycle_1_2",1
"31233","virus_comp_1018_cycle_1_21",1
"31234","virus_comp_1018_cycle_1_3",1
"31235","virus_comp_1018_cycle_1_4",1
"31236","virus_comp_1018_cycle_1_5",1
"31237","virus_comp_1018_cycle_1_6",1
"31238","virus_comp_10184_cycle_1_2",1
"31239","virus_comp_10184_cycle_1_4",1
"31240","virus_comp_10189_cycle_1_1",1
"31241","virus_comp_10189_cycle_1_2",1
"31242","virus_comp_10206_cycle_1_1",1
"31243","virus_comp_10206_cycle_1_2",1
"31244","virus_comp_10206_cycle_1_3",1
"31245","virus_comp_10206_cycle_1_4",1
"31246","virus_comp_10208_cycle_1_1",1
"31247","virus_comp_10208_cycle_1_2",1
"31248","virus_comp_10208_cycle_1_3",1
"31249","virus_comp_10214_cycle_1_1",1
"31250","virus_comp_10214_cycle_1_2",1
"31251","virus_comp_10214_cycle_1_3",1
"31252","virus_comp_10216_cycle_1_1",1
"31253","virus_comp_10216_cycle_1_2",1
"31254","virus_comp_10218_cycle_1_1",1
"31255","virus_comp_10218_cycle_1_2",1
"31256","virus_comp_1022_cycle_1_12",1
"31257","virus_comp_1022_cycle_1_14",1
"31258","virus_comp_1022_cycle_1_5",1
"31259","virus_comp_1022_cycle_1_6",1
"31260","virus_comp_1022_cycle_1_9",1
"31261","virus_comp_10220_cycle_1_2",1
"31262","virus_comp_10220_cycle_1_3",1
"31263","virus_comp_10235_cycle_1_1",1
"31264","virus_comp_10237_cycle_1_3",1
"31265","virus_comp_10252_cycle_1_1",1
"31266","virus_comp_10252_cycle_1_2",1
"31267","virus_comp_10252_cycle_1_4",1
"31268","virus_comp_10252_cycle_1_5",1
"31269","virus_comp_10255_cycle_1_1",1
"31270","virus_comp_10255_cycle_1_2",1
"31271","virus_comp_10259_cycle_1_1",1
"31272","virus_comp_10259_cycle_1_2",1
"31273","virus_comp_10266_cycle_1_1",1
"31274","virus_comp_10266_cycle_1_2",1
"31275","virus_comp_10266_cycle_1_3",1
"31276","virus_comp_10266_cycle_1_4",1
"31277","virus_comp_1027_cycle_1_10",1
"31278","virus_comp_1027_cycle_1_11",1
"31279","virus_comp_1027_cycle_1_14",1
"31280","virus_comp_1027_cycle_1_16",1
"31281","virus_comp_1027_cycle_1_17",1
"31282","virus_comp_1027_cycle_1_23",1
"31283","virus_comp_1027_cycle_1_8",1
"31284","virus_comp_10272_cycle_1_1",1
"31285","virus_comp_10272_cycle_1_2",1
"31286","virus_comp_1028_cycle_1_10",1
"31287","virus_comp_1028_cycle_1_11",1
"31288","virus_comp_1028_cycle_1_12",1
"31289","virus_comp_1028_cycle_1_13",1
"31290","virus_comp_1028_cycle_1_14",1
"31291","virus_comp_1028_cycle_1_15",1
"31292","virus_comp_1028_cycle_1_16",1
"31293","virus_comp_1028_cycle_1_18",1
"31294","virus_comp_1028_cycle_1_19",1
"31295","virus_comp_1028_cycle_1_2",1
"31296","virus_comp_1028_cycle_1_20",1
"31297","virus_comp_1028_cycle_1_21",1
"31298","virus_comp_1028_cycle_1_23",1
"31299","virus_comp_1028_cycle_1_24",1
"31300","virus_comp_1028_cycle_1_26",1
"31301","virus_comp_1028_cycle_1_28",1
"31302","virus_comp_1028_cycle_1_3",1
"31303","virus_comp_1028_cycle_1_4",1
"31304","virus_comp_1028_cycle_1_5",1
"31305","virus_comp_1028_cycle_1_6",1
"31306","virus_comp_1028_cycle_1_8",1
"31307","virus_comp_1028_cycle_1_9",1
"31308","virus_comp_10282_cycle_1_1",1
"31309","virus_comp_10282_cycle_1_2",1
"31310","virus_comp_10282_cycle_1_3",1
"31311","virus_comp_1029_cycle_1_18",1
"31312","virus_comp_1029_cycle_1_20",1
"31313","virus_comp_1029_cycle_1_23",1
"31314","virus_comp_1029_cycle_1_7",1
"31315","virus_comp_1029_cycle_1_8",1
"31316","virus_comp_1029_cycle_1_9",1
"31317","virus_comp_10297_cycle_1_2",1
"31318","virus_comp_10297_cycle_1_3",1
"31319","virus_comp_10297_cycle_1_4",1
"31320","virus_comp_1030_cycle_1_15",1
"31321","virus_comp_10307_cycle_1_3",1
"31322","virus_comp_1032_cycle_1_1",1
"31323","virus_comp_1032_cycle_1_2",1
"31324","virus_comp_1032_cycle_1_5",1
"31325","virus_comp_1032_cycle_1_7",1
"31326","virus_comp_1033_cycle_1_1",1
"31327","virus_comp_1033_cycle_1_10",1
"31328","virus_comp_1033_cycle_1_11",1
"31329","virus_comp_1033_cycle_1_12",1
"31330","virus_comp_1033_cycle_1_13",1
"31331","virus_comp_1033_cycle_1_14",1
"31332","virus_comp_1033_cycle_1_15",1
"31333","virus_comp_1033_cycle_1_16",1
"31334","virus_comp_1033_cycle_1_17",1
"31335","virus_comp_1033_cycle_1_18",1
"31336","virus_comp_1033_cycle_1_19",1
"31337","virus_comp_1033_cycle_1_2",1
"31338","virus_comp_1033_cycle_1_20",1
"31339","virus_comp_1033_cycle_1_21",1
"31340","virus_comp_1033_cycle_1_3",1
"31341","virus_comp_1033_cycle_1_4",1
"31342","virus_comp_1033_cycle_1_5",1
"31343","virus_comp_1033_cycle_1_6",1
"31344","virus_comp_1033_cycle_1_7",1
"31345","virus_comp_1033_cycle_1_8",1
"31346","virus_comp_1033_cycle_1_9",1
"31347","virus_comp_10335_cycle_1_4",1
"31348","virus_comp_10341_cycle_1_1",1
"31349","virus_comp_10341_cycle_1_2",1
"31350","virus_comp_10341_cycle_1_3",1
"31351","virus_comp_10342_cycle_1_1",1
"31352","virus_comp_10342_cycle_1_2",1
"31353","virus_comp_1035_cycle_1_6",1
"31354","virus_comp_1035_cycle_1_7",1
"31355","virus_comp_1035_cycle_1_9",1
"31356","virus_comp_1037_cycle_1_1",1
"31357","virus_comp_1037_cycle_1_10",1
"31358","virus_comp_1037_cycle_1_11",1
"31359","virus_comp_1037_cycle_1_12",1
"31360","virus_comp_1037_cycle_1_13",1
"31361","virus_comp_1037_cycle_1_14",1
"31362","virus_comp_1037_cycle_1_15",1
"31363","virus_comp_1037_cycle_1_17",1
"31364","virus_comp_1037_cycle_1_18",1
"31365","virus_comp_1037_cycle_1_2",1
"31366","virus_comp_1037_cycle_1_20",1
"31367","virus_comp_1037_cycle_1_21",1
"31368","virus_comp_1037_cycle_1_23",1
"31369","virus_comp_1037_cycle_1_24",1
"31370","virus_comp_1037_cycle_1_25",1
"31371","virus_comp_1037_cycle_1_26",1
"31372","virus_comp_1037_cycle_1_27",1
"31373","virus_comp_1037_cycle_1_28",1
"31374","virus_comp_1037_cycle_1_29",1
"31375","virus_comp_1037_cycle_1_30",1
"31376","virus_comp_1037_cycle_1_31",1
"31377","virus_comp_1037_cycle_1_32",1
"31378","virus_comp_1037_cycle_1_33",1
"31379","virus_comp_1037_cycle_1_34",1
"31380","virus_comp_1037_cycle_1_35",1
"31381","virus_comp_1037_cycle_1_36",1
"31382","virus_comp_1037_cycle_1_37",1
"31383","virus_comp_1037_cycle_1_38",1
"31384","virus_comp_1037_cycle_1_39",1
"31385","virus_comp_1037_cycle_1_4",1
"31386","virus_comp_1037_cycle_1_40",1
"31387","virus_comp_1037_cycle_1_41",1
"31388","virus_comp_1037_cycle_1_5",1
"31389","virus_comp_1037_cycle_1_7",1
"31390","virus_comp_1037_cycle_1_8",1
"31391","virus_comp_10374_cycle_1_1",1
"31392","virus_comp_10379_cycle_1_1",1
"31393","virus_comp_10379_cycle_1_3",1
"31394","virus_comp_1039_cycle_1_1",1
"31395","virus_comp_1039_cycle_1_10",1
"31396","virus_comp_1039_cycle_1_11",1
"31397","virus_comp_1039_cycle_1_12",1
"31398","virus_comp_1039_cycle_1_13",1
"31399","virus_comp_1039_cycle_1_14",1
"31400","virus_comp_1039_cycle_1_15",1
"31401","virus_comp_1039_cycle_1_16",1
"31402","virus_comp_1039_cycle_1_17",1
"31403","virus_comp_1039_cycle_1_18",1
"31404","virus_comp_1039_cycle_1_19",1
"31405","virus_comp_1039_cycle_1_2",1
"31406","virus_comp_1039_cycle_1_20",1
"31407","virus_comp_1039_cycle_1_21",1
"31408","virus_comp_1039_cycle_1_22",1
"31409","virus_comp_1039_cycle_1_23",1
"31410","virus_comp_1039_cycle_1_24",1
"31411","virus_comp_1039_cycle_1_25",1
"31412","virus_comp_1039_cycle_1_3",1
"31413","virus_comp_1039_cycle_1_4",1
"31414","virus_comp_1039_cycle_1_6",1
"31415","virus_comp_1039_cycle_1_7",1
"31416","virus_comp_1039_cycle_1_8",1
"31417","virus_comp_1039_cycle_1_9",1
"31418","virus_comp_1040_cycle_1_1",1
"31419","virus_comp_1040_cycle_1_10",1
"31420","virus_comp_1040_cycle_1_12",1
"31421","virus_comp_1040_cycle_1_14",1
"31422","virus_comp_1040_cycle_1_15",1
"31423","virus_comp_1040_cycle_1_18",1
"31424","virus_comp_1040_cycle_1_2",1
"31425","virus_comp_1040_cycle_1_20",1
"31426","virus_comp_1040_cycle_1_3",1
"31427","virus_comp_1040_cycle_1_5",1
"31428","virus_comp_1040_cycle_1_8",1
"31429","virus_comp_1040_cycle_1_9",1
"31430","virus_comp_10403_cycle_1_1",1
"31431","virus_comp_10403_cycle_1_2",1
"31432","virus_comp_10404_cycle_1_1",1
"31433","virus_comp_10404_cycle_1_2",1
"31434","virus_comp_10420_cycle_1_1",1
"31435","virus_comp_10430_cycle_1_2",1
"31436","virus_comp_10451_cycle_1_2",1
"31437","virus_comp_10451_cycle_1_3",1
"31438","virus_comp_10451_cycle_1_4",1
"31439","virus_comp_10451_cycle_1_5",1
"31440","virus_comp_1047_cycle_1_10",1
"31441","virus_comp_1047_cycle_1_11",1
"31442","virus_comp_1047_cycle_1_12",1
"31443","virus_comp_1047_cycle_1_13",1
"31444","virus_comp_1047_cycle_1_15",1
"31445","virus_comp_1047_cycle_1_16",1
"31446","virus_comp_1047_cycle_1_20",1
"31447","virus_comp_1047_cycle_1_4",1
"31448","virus_comp_1047_cycle_1_6",1
"31449","virus_comp_1047_cycle_1_7",1
"31450","virus_comp_1047_cycle_1_8",1
"31451","virus_comp_1047_cycle_1_9",1
"31452","virus_comp_10481_cycle_1_1",1
"31453","virus_comp_10481_cycle_1_5",1
"31454","virus_comp_10490_cycle_1_2",1
"31455","virus_comp_10491_cycle_1_1",1
"31456","virus_comp_10491_cycle_1_2",1
"31457","virus_comp_10495_cycle_1_3",1
"31458","virus_comp_1050_cycle_1_1",1
"31459","virus_comp_10500_cycle_1_1",1
"31460","virus_comp_10501_cycle_1_1",1
"31461","virus_comp_10501_cycle_1_2",1
"31462","virus_comp_10501_cycle_1_3",1
"31463","virus_comp_10503_cycle_1_1",1
"31464","virus_comp_1051_cycle_1_1",1
"31465","virus_comp_1051_cycle_1_2",1
"31466","virus_comp_10511_cycle_1_1",1
"31467","virus_comp_10513_cycle_1_1",1
"31468","virus_comp_1052_cycle_1_1",1
"31469","virus_comp_1052_cycle_1_2",1
"31470","virus_comp_10526_cycle_1_1",1
"31471","virus_comp_10527_cycle_1_1",1
"31472","virus_comp_10529_cycle_1_1",1
"31473","virus_comp_10529_cycle_1_2",1
"31474","virus_comp_10529_cycle_1_3",1
"31475","virus_comp_1053_cycle_1_10",1
"31476","virus_comp_1053_cycle_1_11",1
"31477","virus_comp_1053_cycle_1_12",1
"31478","virus_comp_1053_cycle_1_13",1
"31479","virus_comp_1053_cycle_1_14",1
"31480","virus_comp_1053_cycle_1_15",1
"31481","virus_comp_1053_cycle_1_17",1
"31482","virus_comp_1053_cycle_1_18",1
"31483","virus_comp_1053_cycle_1_19",1
"31484","virus_comp_1053_cycle_1_2",1
"31485","virus_comp_1053_cycle_1_22",1
"31486","virus_comp_1053_cycle_1_23",1
"31487","virus_comp_1053_cycle_1_6",1
"31488","virus_comp_1053_cycle_1_7",1
"31489","virus_comp_1053_cycle_1_8",1
"31490","virus_comp_1053_cycle_1_9",1
"31491","virus_comp_10530_cycle_1_1",1
"31492","virus_comp_10530_cycle_1_2",1
"31493","virus_comp_10530_cycle_1_3",1
"31494","virus_comp_10530_cycle_1_4",1
"31495","virus_comp_1054_cycle_1_13",1
"31496","virus_comp_1054_cycle_1_14",1
"31497","virus_comp_1054_cycle_1_17",1
"31498","virus_comp_1054_cycle_1_18",1
"31499","virus_comp_1054_cycle_1_19",1
"31500","virus_comp_1054_cycle_1_20",1
"31501","virus_comp_1054_cycle_1_21",1
"31502","virus_comp_1054_cycle_1_24",1
"31503","virus_comp_1054_cycle_1_25",1
"31504","virus_comp_1054_cycle_1_26",1
"31505","virus_comp_1054_cycle_1_29",1
"31506","virus_comp_1054_cycle_1_30",1
"31507","virus_comp_1054_cycle_1_31",1
"31508","virus_comp_1054_cycle_1_4",1
"31509","virus_comp_1054_cycle_1_5",1
"31510","virus_comp_1054_cycle_1_6",1
"31511","virus_comp_1054_cycle_1_7",1
"31512","virus_comp_1054_cycle_1_9",1
"31513","virus_comp_1055_cycle_1_10",1
"31514","virus_comp_1055_cycle_1_11",1
"31515","virus_comp_1055_cycle_1_12",1
"31516","virus_comp_1055_cycle_1_2",1
"31517","virus_comp_1055_cycle_1_5",1
"31518","virus_comp_1055_cycle_1_6",1
"31519","virus_comp_1055_cycle_1_7",1
"31520","virus_comp_1055_cycle_1_8",1
"31521","virus_comp_10551_cycle_1_1",1
"31522","virus_comp_10551_cycle_1_2",1
"31523","virus_comp_10551_cycle_1_3",1
"31524","virus_comp_1057_cycle_1_1",1
"31525","virus_comp_1057_cycle_1_12",1
"31526","virus_comp_1057_cycle_1_13",1
"31527","virus_comp_1057_cycle_1_14",1
"31528","virus_comp_1057_cycle_1_15",1
"31529","virus_comp_1057_cycle_1_16",1
"31530","virus_comp_1057_cycle_1_19",1
"31531","virus_comp_1057_cycle_1_2",1
"31532","virus_comp_1057_cycle_1_20",1
"31533","virus_comp_1057_cycle_1_21",1
"31534","virus_comp_1057_cycle_1_22",1
"31535","virus_comp_1057_cycle_1_23",1
"31536","virus_comp_1057_cycle_1_24",1
"31537","virus_comp_1057_cycle_1_25",1
"31538","virus_comp_1057_cycle_1_26",1
"31539","virus_comp_1057_cycle_1_27",1
"31540","virus_comp_1057_cycle_1_3",1
"31541","virus_comp_1057_cycle_1_4",1
"31542","virus_comp_10577_cycle_1_1",1
"31543","virus_comp_1059_cycle_1_1",1
"31544","virus_comp_1059_cycle_1_10",1
"31545","virus_comp_1059_cycle_1_11",1
"31546","virus_comp_1059_cycle_1_12",1
"31547","virus_comp_1059_cycle_1_13",1
"31548","virus_comp_1059_cycle_1_15",1
"31549","virus_comp_1059_cycle_1_16",1
"31550","virus_comp_1059_cycle_1_17",1
"31551","virus_comp_1059_cycle_1_18",1
"31552","virus_comp_1059_cycle_1_19",1
"31553","virus_comp_1059_cycle_1_2",1
"31554","virus_comp_1059_cycle_1_20",1
"31555","virus_comp_1059_cycle_1_21",1
"31556","virus_comp_1059_cycle_1_3",1
"31557","virus_comp_1059_cycle_1_5",1
"31558","virus_comp_1059_cycle_1_6",1
"31559","virus_comp_1059_cycle_1_7",1
"31560","virus_comp_1059_cycle_1_8",1
"31561","virus_comp_1059_cycle_1_9",1
"31562","virus_comp_10590_cycle_1_1",1
"31563","virus_comp_10590_cycle_1_2",1
"31564","virus_comp_10592_cycle_1_6",1
"31565","virus_comp_10599_cycle_1_1",1
"31566","virus_comp_10599_cycle_1_3",1
"31567","virus_comp_1060_cycle_1_1",1
"31568","virus_comp_1060_cycle_1_10",1
"31569","virus_comp_1060_cycle_1_11",1
"31570","virus_comp_1060_cycle_1_12",1
"31571","virus_comp_1060_cycle_1_13",1
"31572","virus_comp_1060_cycle_1_14",1
"31573","virus_comp_1060_cycle_1_15",1
"31574","virus_comp_1060_cycle_1_16",1
"31575","virus_comp_1060_cycle_1_17",1
"31576","virus_comp_1060_cycle_1_18",1
"31577","virus_comp_1060_cycle_1_19",1
"31578","virus_comp_1060_cycle_1_2",1
"31579","virus_comp_1060_cycle_1_20",1
"31580","virus_comp_1060_cycle_1_21",1
"31581","virus_comp_1060_cycle_1_22",1
"31582","virus_comp_1060_cycle_1_24",1
"31583","virus_comp_1060_cycle_1_25",1
"31584","virus_comp_1060_cycle_1_27",1
"31585","virus_comp_1060_cycle_1_3",1
"31586","virus_comp_1060_cycle_1_4",1
"31587","virus_comp_1060_cycle_1_5",1
"31588","virus_comp_1060_cycle_1_6",1
"31589","virus_comp_1060_cycle_1_7",1
"31590","virus_comp_1060_cycle_1_8",1
"31591","virus_comp_1060_cycle_1_9",1
"31592","virus_comp_10607_cycle_1_2",1
"31593","virus_comp_10614_cycle_1_1",1
"31594","virus_comp_10614_cycle_1_2",1
"31595","virus_comp_10614_cycle_1_3",1
"31596","virus_comp_1063_cycle_1_6",1
"31597","virus_comp_10633_cycle_1_1",1
"31598","virus_comp_10633_cycle_1_2",1
"31599","virus_comp_10633_cycle_1_3",1
"31600","virus_comp_10634_cycle_1_2",1
"31601","virus_comp_10649_cycle_1_3",1
"31602","virus_comp_10651_cycle_1_1",1
"31603","virus_comp_10651_cycle_1_2",1
"31604","virus_comp_1066_cycle_1_1",1
"31605","virus_comp_1066_cycle_1_10",1
"31606","virus_comp_1066_cycle_1_2",1
"31607","virus_comp_1066_cycle_1_23",1
"31608","virus_comp_1066_cycle_1_24",1
"31609","virus_comp_1066_cycle_1_38",1
"31610","virus_comp_1066_cycle_1_39",1
"31611","virus_comp_1066_cycle_1_41",1
"31612","virus_comp_1066_cycle_1_42",1
"31613","virus_comp_1066_cycle_1_45",1
"31614","virus_comp_1066_cycle_1_55",1
"31615","virus_comp_1066_cycle_1_56",1
"31616","virus_comp_10682_cycle_1_1",1
"31617","virus_comp_10690_cycle_1_3",1
"31618","virus_comp_10696_cycle_1_1",1
"31619","virus_comp_10696_cycle_1_2",1
"31620","virus_comp_10708_cycle_1_4",1
"31621","virus_comp_1071_cycle_1_1",1
"31622","virus_comp_1071_cycle_1_10",1
"31623","virus_comp_1071_cycle_1_11",1
"31624","virus_comp_1071_cycle_1_12",1
"31625","virus_comp_1071_cycle_1_13",1
"31626","virus_comp_1071_cycle_1_15",1
"31627","virus_comp_1071_cycle_1_17",1
"31628","virus_comp_1071_cycle_1_18",1
"31629","virus_comp_1071_cycle_1_19",1
"31630","virus_comp_1071_cycle_1_2",1
"31631","virus_comp_1071_cycle_1_20",1
"31632","virus_comp_1071_cycle_1_3",1
"31633","virus_comp_1071_cycle_1_4",1
"31634","virus_comp_1071_cycle_1_5",1
"31635","virus_comp_1071_cycle_1_6",1
"31636","virus_comp_1071_cycle_1_7",1
"31637","virus_comp_1071_cycle_1_8",1
"31638","virus_comp_1071_cycle_1_9",1
"31639","virus_comp_10712_cycle_1_1",1
"31640","virus_comp_10721_cycle_1_1",1
"31641","virus_comp_10730_cycle_1_2",1
"31642","virus_comp_10736_cycle_1_1",1
"31643","virus_comp_10736_cycle_1_3",1
"31644","virus_comp_10736_cycle_1_4",1
"31645","virus_comp_10741_cycle_1_1",1
"31646","virus_comp_10741_cycle_1_2",1
"31647","virus_comp_10745_cycle_1_1",1
"31648","virus_comp_10745_cycle_1_2",1
"31649","virus_comp_1075_cycle_1_1",1
"31650","virus_comp_1075_cycle_1_18",1
"31651","virus_comp_1075_cycle_1_22",1
"31652","virus_comp_1075_cycle_1_23",1
"31653","virus_comp_1075_cycle_1_24",1
"31654","virus_comp_1075_cycle_1_33",1
"31655","virus_comp_1075_cycle_1_35",1
"31656","virus_comp_1075_cycle_1_36",1
"31657","virus_comp_10753_cycle_1_1",1
"31658","virus_comp_10753_cycle_1_2",1
"31659","virus_comp_10754_cycle_1_3",1
"31660","virus_comp_10756_cycle_1_1",1
"31661","virus_comp_10756_cycle_1_2",1
"31662","virus_comp_10756_cycle_1_3",1
"31663","virus_comp_1076_cycle_1_1",1
"31664","virus_comp_1076_cycle_1_10",1
"31665","virus_comp_1076_cycle_1_11",1
"31666","virus_comp_1076_cycle_1_12",1
"31667","virus_comp_1076_cycle_1_13",1
"31668","virus_comp_1076_cycle_1_14",1
"31669","virus_comp_1076_cycle_1_15",1
"31670","virus_comp_1076_cycle_1_16",1
"31671","virus_comp_1076_cycle_1_17",1
"31672","virus_comp_1076_cycle_1_18",1
"31673","virus_comp_1076_cycle_1_19",1
"31674","virus_comp_1076_cycle_1_2",1
"31675","virus_comp_1076_cycle_1_20",1
"31676","virus_comp_1076_cycle_1_3",1
"31677","virus_comp_1076_cycle_1_4",1
"31678","virus_comp_1076_cycle_1_5",1
"31679","virus_comp_1076_cycle_1_6",1
"31680","virus_comp_1076_cycle_1_7",1
"31681","virus_comp_1076_cycle_1_8",1
"31682","virus_comp_1076_cycle_1_9",1
"31683","virus_comp_10765_cycle_1_1",1
"31684","virus_comp_10765_cycle_1_2",1
"31685","virus_comp_10772_cycle_1_2",1
"31686","virus_comp_10776_cycle_1_1",1
"31687","virus_comp_10776_cycle_1_2",1
"31688","virus_comp_10776_cycle_1_3",1
"31689","virus_comp_1078_cycle_1_10",1
"31690","virus_comp_1078_cycle_1_11",1
"31691","virus_comp_1078_cycle_1_12",1
"31692","virus_comp_1078_cycle_1_13",1
"31693","virus_comp_1078_cycle_1_14",1
"31694","virus_comp_1078_cycle_1_15",1
"31695","virus_comp_1078_cycle_1_16",1
"31696","virus_comp_1078_cycle_1_17",1
"31697","virus_comp_1078_cycle_1_19",1
"31698","virus_comp_1078_cycle_1_20",1
"31699","virus_comp_1078_cycle_1_21",1
"31700","virus_comp_1078_cycle_1_22",1
"31701","virus_comp_1078_cycle_1_23",1
"31702","virus_comp_1078_cycle_1_24",1
"31703","virus_comp_1078_cycle_1_26",1
"31704","virus_comp_1078_cycle_1_4",1
"31705","virus_comp_1078_cycle_1_5",1
"31706","virus_comp_1078_cycle_1_6",1
"31707","virus_comp_1078_cycle_1_7",1
"31708","virus_comp_1078_cycle_1_8",1
"31709","virus_comp_1078_cycle_1_9",1
"31710","virus_comp_10780_cycle_1_2",1
"31711","virus_comp_10780_cycle_1_3",1
"31712","virus_comp_10782_cycle_1_1",1
"31713","virus_comp_10782_cycle_1_3",1
"31714","virus_comp_10789_cycle_1_2",1
"31715","virus_comp_1080_cycle_1_1",1
"31716","virus_comp_1080_cycle_1_10",1
"31717","virus_comp_1080_cycle_1_11",1
"31718","virus_comp_1080_cycle_1_12",1
"31719","virus_comp_1080_cycle_1_13",1
"31720","virus_comp_1080_cycle_1_14",1
"31721","virus_comp_1080_cycle_1_15",1
"31722","virus_comp_1080_cycle_1_2",1
"31723","virus_comp_1080_cycle_1_3",1
"31724","virus_comp_1080_cycle_1_4",1
"31725","virus_comp_1080_cycle_1_5",1
"31726","virus_comp_1080_cycle_1_6",1
"31727","virus_comp_1080_cycle_1_7",1
"31728","virus_comp_1080_cycle_1_8",1
"31729","virus_comp_1080_cycle_1_9",1
"31730","virus_comp_10800_cycle_1_1",1
"31731","virus_comp_10800_cycle_1_2",1
"31732","virus_comp_10800_cycle_1_3",1
"31733","virus_comp_10800_cycle_1_4",1
"31734","virus_comp_1081_cycle_1_1",1
"31735","virus_comp_1081_cycle_1_4",1
"31736","virus_comp_1082_cycle_1_2",1
"31737","virus_comp_10821_cycle_1_1",1
"31738","virus_comp_10821_cycle_1_2",1
"31739","virus_comp_10821_cycle_1_3",1
"31740","virus_comp_10824_cycle_1_2",1
"31741","virus_comp_10837_cycle_1_1",1
"31742","virus_comp_1084_cycle_1_1",1
"31743","virus_comp_1084_cycle_1_10",1
"31744","virus_comp_1084_cycle_1_2",1
"31745","virus_comp_1084_cycle_1_5",1
"31746","virus_comp_1084_cycle_1_6",1
"31747","virus_comp_1084_cycle_1_7",1
"31748","virus_comp_1084_cycle_1_8",1
"31749","virus_comp_1084_cycle_1_9",1
"31750","virus_comp_1085_cycle_1_1",1
"31751","virus_comp_1085_cycle_1_2",1
"31752","virus_comp_10860_cycle_1_1",1
"31753","virus_comp_10860_cycle_1_2",1
"31754","virus_comp_10872_cycle_1_1",1
"31755","virus_comp_10872_cycle_1_2",1
"31756","virus_comp_10882_cycle_1_1",1
"31757","virus_comp_10882_cycle_1_2",1
"31758","virus_comp_10887_cycle_1_2",1
"31759","virus_comp_10888_cycle_1_1",1
"31760","virus_comp_1089_cycle_1_1",1
"31761","virus_comp_1089_cycle_1_12",1
"31762","virus_comp_1089_cycle_1_17",1
"31763","virus_comp_1089_cycle_1_23",1
"31764","virus_comp_1089_cycle_1_24",1
"31765","virus_comp_1089_cycle_1_3",1
"31766","virus_comp_1089_cycle_1_33",1
"31767","virus_comp_1089_cycle_1_34",1
"31768","virus_comp_1089_cycle_1_38",1
"31769","virus_comp_1089_cycle_1_5",1
"31770","virus_comp_10896_cycle_1_1",1
"31771","virus_comp_10896_cycle_1_2",1
"31772","virus_comp_10918_cycle_1_1",1
"31773","virus_comp_10918_cycle_1_2",1
"31774","virus_comp_10926_cycle_1_1",1
"31775","virus_comp_10926_cycle_1_2",1
"31776","virus_comp_10940_cycle_1_1",1
"31777","virus_comp_10947_cycle_1_4",1
"31778","virus_comp_1095_cycle_1_1",1
"31779","virus_comp_1095_cycle_1_13",1
"31780","virus_comp_1095_cycle_1_15",1
"31781","virus_comp_1095_cycle_1_16",1
"31782","virus_comp_1095_cycle_1_17",1
"31783","virus_comp_1095_cycle_1_2",1
"31784","virus_comp_1095_cycle_1_3",1
"31785","virus_comp_1095_cycle_1_4",1
"31786","virus_comp_1095_cycle_1_7",1
"31787","virus_comp_1095_cycle_1_8",1
"31788","virus_comp_1095_cycle_1_9",1
"31789","virus_comp_10950_cycle_1_1",1
"31790","virus_comp_10950_cycle_1_2",1
"31791","virus_comp_10958_cycle_1_1",1
"31792","virus_comp_10958_cycle_1_2",1
"31793","virus_comp_1096_cycle_1_1",1
"31794","virus_comp_1096_cycle_1_10",1
"31795","virus_comp_1096_cycle_1_11",1
"31796","virus_comp_1096_cycle_1_13",1
"31797","virus_comp_1096_cycle_1_14",1
"31798","virus_comp_1096_cycle_1_15",1
"31799","virus_comp_1096_cycle_1_16",1
"31800","virus_comp_1096_cycle_1_17",1
"31801","virus_comp_1096_cycle_1_18",1
"31802","virus_comp_1096_cycle_1_19",1
"31803","virus_comp_1096_cycle_1_2",1
"31804","virus_comp_1096_cycle_1_20",1
"31805","virus_comp_1096_cycle_1_21",1
"31806","virus_comp_1096_cycle_1_22",1
"31807","virus_comp_1096_cycle_1_4",1
"31808","virus_comp_1096_cycle_1_5",1
"31809","virus_comp_1096_cycle_1_6",1
"31810","virus_comp_1096_cycle_1_7",1
"31811","virus_comp_1096_cycle_1_8",1
"31812","virus_comp_1096_cycle_1_9",1
"31813","virus_comp_10962_cycle_1_1",1
"31814","virus_comp_10962_cycle_1_2",1
"31815","virus_comp_1097_cycle_1_19",1
"31816","virus_comp_1097_cycle_1_28",1
"31817","virus_comp_10970_cycle_1_1",1
"31818","virus_comp_10970_cycle_1_2",1
"31819","virus_comp_10979_cycle_1_1",1
"31820","virus_comp_10979_cycle_1_2",1
"31821","virus_comp_1098_cycle_1_1",1
"31822","virus_comp_1098_cycle_1_29",1
"31823","virus_comp_1098_cycle_1_30",1
"31824","virus_comp_10980_cycle_1_1",1
"31825","virus_comp_10980_cycle_1_2",1
"31826","virus_comp_10980_cycle_1_3",1
"31827","virus_comp_10989_cycle_1_1",1
"31828","virus_comp_1099_cycle_1_12",1
"31829","virus_comp_1099_cycle_1_13",1
"31830","virus_comp_1099_cycle_1_14",1
"31831","virus_comp_1099_cycle_1_15",1
"31832","virus_comp_1099_cycle_1_16",1
"31833","virus_comp_1099_cycle_1_17",1
"31834","virus_comp_1099_cycle_1_18",1
"31835","virus_comp_1099_cycle_1_21",1
"31836","virus_comp_1099_cycle_1_24",1
"31837","virus_comp_1099_cycle_1_25",1
"31838","virus_comp_1099_cycle_1_27",1
"31839","virus_comp_1099_cycle_1_4",1
"31840","virus_comp_1099_cycle_1_6",1
"31841","virus_comp_1099_cycle_1_7",1
"31842","virus_comp_1099_cycle_1_9",1
"31843","virus_comp_10990_cycle_1_2",1
"31844","virus_comp_10997_cycle_1_1",1
"31845","virus_comp_11008_cycle_1_3",1
"31846","virus_comp_11020_cycle_1_1",1
"31847","virus_comp_11020_cycle_1_2",1
"31848","virus_comp_11020_cycle_1_4",1
"31849","virus_comp_11025_cycle_1_1",1
"31850","virus_comp_11025_cycle_1_2",1
"31851","virus_comp_11029_cycle_1_1",1
"31852","virus_comp_11035_cycle_1_1",1
"31853","virus_comp_11035_cycle_1_2",1
"31854","virus_comp_11037_cycle_1_2",1
"31855","virus_comp_11037_cycle_1_3",1
"31856","virus_comp_11037_cycle_1_4",1
"31857","virus_comp_1104_cycle_1_1",1
"31858","virus_comp_1104_cycle_1_2",1
"31859","virus_comp_11056_cycle_1_1",1
"31860","virus_comp_11056_cycle_1_2",1
"31861","virus_comp_11058_cycle_1_1",1
"31862","virus_comp_11058_cycle_1_2",1
"31863","virus_comp_11058_cycle_1_3",1
"31864","virus_comp_11072_cycle_1_1",1
"31865","virus_comp_11072_cycle_1_2",1
"31866","virus_comp_11072_cycle_1_3",1
"31867","virus_comp_11076_cycle_1_1",1
"31868","virus_comp_1108_cycle_1_1",1
"31869","virus_comp_1108_cycle_1_10",1
"31870","virus_comp_1108_cycle_1_11",1
"31871","virus_comp_1108_cycle_1_12",1
"31872","virus_comp_1108_cycle_1_13",1
"31873","virus_comp_1108_cycle_1_14",1
"31874","virus_comp_1108_cycle_1_15",1
"31875","virus_comp_1108_cycle_1_16",1
"31876","virus_comp_1108_cycle_1_17",1
"31877","virus_comp_1108_cycle_1_18",1
"31878","virus_comp_1108_cycle_1_19",1
"31879","virus_comp_1108_cycle_1_2",1
"31880","virus_comp_1108_cycle_1_20",1
"31881","virus_comp_1108_cycle_1_21",1
"31882","virus_comp_1108_cycle_1_22",1
"31883","virus_comp_1108_cycle_1_23",1
"31884","virus_comp_1108_cycle_1_24",1
"31885","virus_comp_1108_cycle_1_25",1
"31886","virus_comp_1108_cycle_1_26",1
"31887","virus_comp_1108_cycle_1_27",1
"31888","virus_comp_1108_cycle_1_28",1
"31889","virus_comp_1108_cycle_1_3",1
"31890","virus_comp_1108_cycle_1_4",1
"31891","virus_comp_1108_cycle_1_5",1
"31892","virus_comp_1108_cycle_1_7",1
"31893","virus_comp_1108_cycle_1_8",1
"31894","virus_comp_1108_cycle_1_9",1
"31895","virus_comp_1109_cycle_1_10",1
"31896","virus_comp_1109_cycle_1_11",1
"31897","virus_comp_1109_cycle_1_12",1
"31898","virus_comp_1109_cycle_1_13",1
"31899","virus_comp_1109_cycle_1_14",1
"31900","virus_comp_1109_cycle_1_15",1
"31901","virus_comp_1109_cycle_1_17",1
"31902","virus_comp_1109_cycle_1_18",1
"31903","virus_comp_1109_cycle_1_19",1
"31904","virus_comp_1109_cycle_1_2",1
"31905","virus_comp_1109_cycle_1_20",1
"31906","virus_comp_1109_cycle_1_21",1
"31907","virus_comp_1109_cycle_1_23",1
"31908","virus_comp_1109_cycle_1_25",1
"31909","virus_comp_1109_cycle_1_26",1
"31910","virus_comp_1109_cycle_1_27",1
"31911","virus_comp_1109_cycle_1_31",1
"31912","virus_comp_1109_cycle_1_32",1
"31913","virus_comp_1109_cycle_1_36",1
"31914","virus_comp_1109_cycle_1_37",1
"31915","virus_comp_1109_cycle_1_38",1
"31916","virus_comp_1109_cycle_1_5",1
"31917","virus_comp_11090_cycle_1_1",1
"31918","virus_comp_11090_cycle_1_3",1
"31919","virus_comp_11093_cycle_1_2",1
"31920","virus_comp_11094_cycle_1_1",1
"31921","virus_comp_11094_cycle_1_2",1
"31922","virus_comp_1110_cycle_1_13",1
"31923","virus_comp_1110_cycle_1_14",1
"31924","virus_comp_1110_cycle_1_15",1
"31925","virus_comp_1110_cycle_1_5",1
"31926","virus_comp_1110_cycle_1_6",1
"31927","virus_comp_1110_cycle_1_9",1
"31928","virus_comp_11109_cycle_1_1",1
"31929","virus_comp_11109_cycle_1_2",1
"31930","virus_comp_11115_cycle_1_1",1
"31931","virus_comp_11126_cycle_1_1",1
"31932","virus_comp_1113_cycle_1_10",1
"31933","virus_comp_1113_cycle_1_11",1
"31934","virus_comp_1113_cycle_1_13",1
"31935","virus_comp_1113_cycle_1_14",1
"31936","virus_comp_1113_cycle_1_15",1
"31937","virus_comp_1113_cycle_1_16",1
"31938","virus_comp_1113_cycle_1_17",1
"31939","virus_comp_1113_cycle_1_18",1
"31940","virus_comp_1113_cycle_1_19",1
"31941","virus_comp_1113_cycle_1_20",1
"31942","virus_comp_1113_cycle_1_21",1
"31943","virus_comp_1113_cycle_1_22",1
"31944","virus_comp_1113_cycle_1_23",1
"31945","virus_comp_1113_cycle_1_24",1
"31946","virus_comp_1113_cycle_1_3",1
"31947","virus_comp_1113_cycle_1_4",1
"31948","virus_comp_1113_cycle_1_6",1
"31949","virus_comp_1113_cycle_1_7",1
"31950","virus_comp_1113_cycle_1_8",1
"31951","virus_comp_1113_cycle_1_9",1
"31952","virus_comp_1115_cycle_1_3",1
"31953","virus_comp_1115_cycle_1_4",1
"31954","virus_comp_1115_cycle_1_5",1
"31955","virus_comp_11158_cycle_1_2",1
"31956","virus_comp_1116_cycle_1_1",1
"31957","virus_comp_1116_cycle_1_10",1
"31958","virus_comp_1116_cycle_1_11",1
"31959","virus_comp_1116_cycle_1_12",1
"31960","virus_comp_1116_cycle_1_13",1
"31961","virus_comp_1116_cycle_1_14",1
"31962","virus_comp_1116_cycle_1_15",1
"31963","virus_comp_1116_cycle_1_16",1
"31964","virus_comp_1116_cycle_1_17",1
"31965","virus_comp_1116_cycle_1_18",1
"31966","virus_comp_1116_cycle_1_2",1
"31967","virus_comp_1116_cycle_1_21",1
"31968","virus_comp_1116_cycle_1_22",1
"31969","virus_comp_1116_cycle_1_3",1
"31970","virus_comp_1116_cycle_1_4",1
"31971","virus_comp_1116_cycle_1_5",1
"31972","virus_comp_1116_cycle_1_6",1
"31973","virus_comp_1116_cycle_1_9",1
"31974","virus_comp_11165_cycle_1_1",1
"31975","virus_comp_11166_cycle_1_2",1
"31976","virus_comp_11168_cycle_1_1",1
"31977","virus_comp_1118_cycle_1_11",1
"31978","virus_comp_11183_cycle_1_2",1
"31979","virus_comp_1119_cycle_1_1",1
"31980","virus_comp_1119_cycle_1_2",1
"31981","virus_comp_1119_cycle_1_20",1
"31982","virus_comp_1119_cycle_1_21",1
"31983","virus_comp_1119_cycle_1_22",1
"31984","virus_comp_1119_cycle_1_23",1
"31985","virus_comp_1119_cycle_1_24",1
"31986","virus_comp_1119_cycle_1_25",1
"31987","virus_comp_1119_cycle_1_4",1
"31988","virus_comp_1119_cycle_1_5",1
"31989","virus_comp_11192_cycle_1_1",1
"31990","virus_comp_11195_cycle_1_1",1
"31991","virus_comp_11195_cycle_1_2",1
"31992","virus_comp_11195_cycle_1_3",1
"31993","virus_comp_1120_cycle_1_10",1
"31994","virus_comp_1120_cycle_1_11",1
"31995","virus_comp_1120_cycle_1_12",1
"31996","virus_comp_1120_cycle_1_14",1
"31997","virus_comp_1120_cycle_1_15",1
"31998","virus_comp_1120_cycle_1_16",1
"31999","virus_comp_1120_cycle_1_20",1
"32000","virus_comp_1120_cycle_1_21",1
"32001","virus_comp_1120_cycle_1_5",1
"32002","virus_comp_1120_cycle_1_6",1
"32003","virus_comp_1120_cycle_1_8",1
"32004","virus_comp_1120_cycle_1_9",1
"32005","virus_comp_11203_cycle_1_1",1
"32006","virus_comp_1121_cycle_2_12",1
"32007","virus_comp_1121_cycle_2_7",1
"32008","virus_comp_1121_cycle_2_8",1
"32009","virus_comp_1121_cycle_2_9",1
"32010","virus_comp_1123_cycle_1_1",1
"32011","virus_comp_1123_cycle_1_2",1
"32012","virus_comp_1123_cycle_1_3",1
"32013","virus_comp_1123_cycle_1_4",1
"32014","virus_comp_1123_cycle_1_8",1
"32015","virus_comp_1123_cycle_1_9",1
"32016","virus_comp_11237_cycle_1_1",1
"32017","virus_comp_11237_cycle_1_2",1
"32018","virus_comp_11237_cycle_1_3",1
"32019","virus_comp_11238_cycle_1_1",1
"32020","virus_comp_11239_cycle_1_1",1
"32021","virus_comp_11239_cycle_1_3",1
"32022","virus_comp_1124_cycle_1_1",1
"32023","virus_comp_1124_cycle_1_7",1
"32024","virus_comp_11256_cycle_1_2",1
"32025","virus_comp_11256_cycle_1_3",1
"32026","virus_comp_11257_cycle_1_1",1
"32027","virus_comp_11257_cycle_1_2",1
"32028","virus_comp_1126_cycle_1_1",1
"32029","virus_comp_1126_cycle_1_2",1
"32030","virus_comp_11262_cycle_1_1",1
"32031","virus_comp_11262_cycle_1_2",1
"32032","virus_comp_11280_cycle_1_1",1
"32033","virus_comp_11280_cycle_1_2",1
"32034","virus_comp_11280_cycle_1_3",1
"32035","virus_comp_11280_cycle_1_4",1
"32036","virus_comp_11281_cycle_1_1",1
"32037","virus_comp_11281_cycle_1_3",1
"32038","virus_comp_11282_cycle_1_1",1
"32039","virus_comp_11282_cycle_1_2",1
"32040","virus_comp_11282_cycle_1_3",1
"32041","virus_comp_11283_cycle_1_2",1
"32042","virus_comp_11291_cycle_1_1",1
"32043","virus_comp_11291_cycle_1_3",1
"32044","virus_comp_1130_cycle_1_2",1
"32045","virus_comp_11304_cycle_1_1",1
"32046","virus_comp_11304_cycle_1_2",1
"32047","virus_comp_1131_cycle_2_6",1
"32048","virus_comp_11318_cycle_1_1",1
"32049","virus_comp_11318_cycle_1_2",1
"32050","virus_comp_11325_cycle_1_1",1
"32051","virus_comp_11328_cycle_1_1",1
"32052","virus_comp_11328_cycle_1_2",1
"32053","virus_comp_11328_cycle_1_3",1
"32054","virus_comp_11328_cycle_1_4",1
"32055","virus_comp_11341_cycle_1_1",1
"32056","virus_comp_11357_cycle_1_2",1
"32057","virus_comp_11357_cycle_1_4",1
"32058","virus_comp_11358_cycle_1_1",1
"32059","virus_comp_11362_cycle_1_1",1
"32060","virus_comp_11365_cycle_1_1",1
"32061","virus_comp_11372_cycle_1_2",1
"32062","virus_comp_11387_cycle_1_1",1
"32063","virus_comp_1139_cycle_1_8",1
"32064","virus_comp_1139_cycle_1_9",1
"32065","virus_comp_11395_cycle_1_1",1
"32066","virus_comp_11395_cycle_1_3",1
"32067","virus_comp_1140_cycle_1_1",1
"32068","virus_comp_1140_cycle_1_10",1
"32069","virus_comp_1140_cycle_1_11",1
"32070","virus_comp_1140_cycle_1_12",1
"32071","virus_comp_1140_cycle_1_13",1
"32072","virus_comp_1140_cycle_1_14",1
"32073","virus_comp_1140_cycle_1_18",1
"32074","virus_comp_1140_cycle_1_19",1
"32075","virus_comp_1140_cycle_1_2",1
"32076","virus_comp_1140_cycle_1_20",1
"32077","virus_comp_1140_cycle_1_21",1
"32078","virus_comp_1140_cycle_1_3",1
"32079","virus_comp_1140_cycle_1_4",1
"32080","virus_comp_1140_cycle_1_5",1
"32081","virus_comp_1140_cycle_1_7",1
"32082","virus_comp_1140_cycle_1_9",1
"32083","virus_comp_11400_cycle_1_1",1
"32084","virus_comp_11400_cycle_1_2",1
"32085","virus_comp_11400_cycle_1_3",1
"32086","virus_comp_11409_cycle_1_4",1
"32087","virus_comp_1141_cycle_1_1",1
"32088","virus_comp_1141_cycle_1_10",1
"32089","virus_comp_1141_cycle_1_13",1
"32090","virus_comp_1141_cycle_1_2",1
"32091","virus_comp_1141_cycle_1_8",1
"32092","virus_comp_11418_cycle_1_1",1
"32093","virus_comp_11418_cycle_1_2",1
"32094","virus_comp_11443_cycle_1_2",1
"32095","virus_comp_1145_cycle_1_10",1
"32096","virus_comp_1145_cycle_1_13",1
"32097","virus_comp_1145_cycle_1_14",1
"32098","virus_comp_1145_cycle_1_15",1
"32099","virus_comp_1145_cycle_1_16",1
"32100","virus_comp_1145_cycle_1_17",1
"32101","virus_comp_1145_cycle_1_18",1
"32102","virus_comp_1145_cycle_1_2",1
"32103","virus_comp_1145_cycle_1_20",1
"32104","virus_comp_1145_cycle_1_24",1
"32105","virus_comp_1145_cycle_1_25",1
"32106","virus_comp_1145_cycle_1_26",1
"32107","virus_comp_1145_cycle_1_3",1
"32108","virus_comp_1145_cycle_1_5",1
"32109","virus_comp_1145_cycle_1_7",1
"32110","virus_comp_1145_cycle_1_8",1
"32111","virus_comp_1145_cycle_1_9",1
"32112","virus_comp_11450_cycle_1_1",1
"32113","virus_comp_11450_cycle_1_2",1
"32114","virus_comp_11451_cycle_1_1",1
"32115","virus_comp_11460_cycle_1_1",1
"32116","virus_comp_11469_cycle_1_1",1
"32117","virus_comp_11469_cycle_1_2",1
"32118","virus_comp_1147_cycle_1_1",1
"32119","virus_comp_1148_cycle_1_1",1
"32120","virus_comp_1148_cycle_1_2",1
"32121","virus_comp_11485_cycle_1_1",1
"32122","virus_comp_11485_cycle_1_2",1
"32123","virus_comp_11485_cycle_1_4",1
"32124","virus_comp_11488_cycle_1_1",1
"32125","virus_comp_1149_cycle_1_1",1
"32126","virus_comp_1149_cycle_1_10",1
"32127","virus_comp_1149_cycle_1_14",1
"32128","virus_comp_1149_cycle_1_16",1
"32129","virus_comp_1149_cycle_1_2",1
"32130","virus_comp_1149_cycle_1_3",1
"32131","virus_comp_1149_cycle_1_5",1
"32132","virus_comp_1149_cycle_1_6",1
"32133","virus_comp_1149_cycle_1_7",1
"32134","virus_comp_1149_cycle_1_9",1
"32135","virus_comp_11493_cycle_1_1",1
"32136","virus_comp_11493_cycle_1_2",1
"32137","virus_comp_11493_cycle_1_3",1
"32138","virus_comp_11495_cycle_1_1",1
"32139","virus_comp_11496_cycle_1_1",1
"32140","virus_comp_11496_cycle_1_2",1
"32141","virus_comp_1150_cycle_1_2",1
"32142","virus_comp_1150_cycle_1_3",1
"32143","virus_comp_1150_cycle_1_4",1
"32144","virus_comp_1150_cycle_1_5",1
"32145","virus_comp_1150_cycle_1_7",1
"32146","virus_comp_11501_cycle_1_1",1
"32147","virus_comp_11504_cycle_1_1",1
"32148","virus_comp_11504_cycle_1_2",1
"32149","virus_comp_11504_cycle_1_3",1
"32150","virus_comp_11504_cycle_1_4",1
"32151","virus_comp_1151_cycle_1_1",1
"32152","virus_comp_11515_cycle_1_1",1
"32153","virus_comp_1152_cycle_1_1",1
"32154","virus_comp_1152_cycle_1_19",1
"32155","virus_comp_1152_cycle_1_21",1
"32156","virus_comp_1152_cycle_1_23",1
"32157","virus_comp_1152_cycle_1_26",1
"32158","virus_comp_1152_cycle_1_27",1
"32159","virus_comp_1152_cycle_1_3",1
"32160","virus_comp_1152_cycle_1_34",1
"32161","virus_comp_1152_cycle_1_35",1
"32162","virus_comp_1152_cycle_1_6",1
"32163","virus_comp_11529_cycle_1_1",1
"32164","virus_comp_11529_cycle_1_2",1
"32165","virus_comp_11529_cycle_1_3",1
"32166","virus_comp_11538_cycle_1_2",1
"32167","virus_comp_11547_cycle_1_1",1
"32168","virus_comp_11550_cycle_1_1",1
"32169","virus_comp_11553_cycle_1_1",1
"32170","virus_comp_11556_cycle_1_1",1
"32171","virus_comp_11565_cycle_1_1",1
"32172","virus_comp_11565_cycle_1_2",1
"32173","virus_comp_11569_cycle_1_1",1
"32174","virus_comp_1158_cycle_2_10",1
"32175","virus_comp_1158_cycle_2_12",1
"32176","virus_comp_11580_cycle_1_1",1
"32177","virus_comp_11582_cycle_1_2",1
"32178","virus_comp_11582_cycle_1_3",1
"32179","virus_comp_1159_cycle_1_1",1
"32180","virus_comp_11597_cycle_1_1",1
"32181","virus_comp_11606_cycle_1_1",1
"32182","virus_comp_11608_cycle_1_1",1
"32183","virus_comp_11608_cycle_1_2",1
"32184","virus_comp_1161_cycle_1_1",1
"32185","virus_comp_1161_cycle_1_2",1
"32186","virus_comp_11613_cycle_1_1",1
"32187","virus_comp_1162_cycle_1_3",1
"32188","virus_comp_1162_cycle_1_9",1
"32189","virus_comp_11627_cycle_1_1",1
"32190","virus_comp_11627_cycle_1_2",1
"32191","virus_comp_11627_cycle_1_3",1
"32192","virus_comp_11639_cycle_1_1",1
"32193","virus_comp_11639_cycle_1_2",1
"32194","virus_comp_11639_cycle_1_3",1
"32195","virus_comp_11639_cycle_1_4",1
"32196","virus_comp_11656_cycle_1_1",1
"32197","virus_comp_11656_cycle_1_2",1
"32198","virus_comp_11656_cycle_1_3",1
"32199","virus_comp_11657_cycle_1_1",1
"32200","virus_comp_11657_cycle_1_2",1
"32201","virus_comp_1166_cycle_1_1",1
"32202","virus_comp_1166_cycle_1_10",1
"32203","virus_comp_1166_cycle_1_11",1
"32204","virus_comp_1166_cycle_1_2",1
"32205","virus_comp_1166_cycle_1_3",1
"32206","virus_comp_1166_cycle_1_4",1
"32207","virus_comp_1166_cycle_1_5",1
"32208","virus_comp_1166_cycle_1_6",1
"32209","virus_comp_1166_cycle_1_7",1
"32210","virus_comp_1166_cycle_1_8",1
"32211","virus_comp_1166_cycle_1_9",1
"32212","virus_comp_11660_cycle_1_1",1
"32213","virus_comp_11660_cycle_1_2",1
"32214","virus_comp_11660_cycle_1_3",1
"32215","virus_comp_11660_cycle_1_4",1
"32216","virus_comp_1167_cycle_1_1",1
"32217","virus_comp_1167_cycle_1_2",1
"32218","virus_comp_1167_cycle_1_3",1
"32219","virus_comp_1167_cycle_1_4",1
"32220","virus_comp_1167_cycle_1_5",1
"32221","virus_comp_11670_cycle_1_1",1
"32222","virus_comp_11670_cycle_1_3",1
"32223","virus_comp_11678_cycle_1_1",1
"32224","virus_comp_11678_cycle_1_2",1
"32225","virus_comp_11679_cycle_1_2",1
"32226","virus_comp_11679_cycle_1_3",1
"32227","virus_comp_11680_cycle_1_1",1
"32228","virus_comp_11680_cycle_1_2",1
"32229","virus_comp_11681_cycle_1_1",1
"32230","virus_comp_11681_cycle_1_2",1
"32231","virus_comp_11684_cycle_1_1",1
"32232","virus_comp_11684_cycle_1_2",1
"32233","virus_comp_11684_cycle_1_3",1
"32234","virus_comp_11689_cycle_1_1",1
"32235","virus_comp_11689_cycle_1_2",1
"32236","virus_comp_11699_cycle_1_2",1
"32237","virus_comp_1170_cycle_1_1",1
"32238","virus_comp_1170_cycle_1_10",1
"32239","virus_comp_1170_cycle_1_11",1
"32240","virus_comp_1170_cycle_1_12",1
"32241","virus_comp_1170_cycle_1_13",1
"32242","virus_comp_1170_cycle_1_14",1
"32243","virus_comp_1170_cycle_1_15",1
"32244","virus_comp_1170_cycle_1_16",1
"32245","virus_comp_1170_cycle_1_17",1
"32246","virus_comp_1170_cycle_1_18",1
"32247","virus_comp_1170_cycle_1_2",1
"32248","virus_comp_1170_cycle_1_3",1
"32249","virus_comp_1170_cycle_1_4",1
"32250","virus_comp_1170_cycle_1_5",1
"32251","virus_comp_1170_cycle_1_6",1
"32252","virus_comp_1170_cycle_1_7",1
"32253","virus_comp_1170_cycle_1_8",1
"32254","virus_comp_1170_cycle_1_9",1
"32255","virus_comp_11703_cycle_1_1",1
"32256","virus_comp_11721_cycle_1_1",1
"32257","virus_comp_11722_cycle_1_1",1
"32258","virus_comp_11722_cycle_1_2",1
"32259","virus_comp_11722_cycle_1_3",1
"32260","virus_comp_11722_cycle_1_4",1
"32261","virus_comp_1174_cycle_1_3",1
"32262","virus_comp_11756_cycle_1_1",1
"32263","virus_comp_11758_cycle_1_3",1
"32264","virus_comp_11772_cycle_1_1",1
"32265","virus_comp_11772_cycle_1_2",1
"32266","virus_comp_11772_cycle_1_3",1
"32267","virus_comp_11786_cycle_1_1",1
"32268","virus_comp_1179_cycle_1_10",1
"32269","virus_comp_1179_cycle_1_11",1
"32270","virus_comp_1179_cycle_1_14",1
"32271","virus_comp_1179_cycle_1_15",1
"32272","virus_comp_1179_cycle_1_4",1
"32273","virus_comp_1179_cycle_1_5",1
"32274","virus_comp_1179_cycle_1_6",1
"32275","virus_comp_1179_cycle_1_7",1
"32276","virus_comp_1179_cycle_1_8",1
"32277","virus_comp_1179_cycle_1_9",1
"32278","virus_comp_118_cycle_1_1",1
"32279","virus_comp_118_cycle_1_10",1
"32280","virus_comp_118_cycle_1_11",1
"32281","virus_comp_118_cycle_1_12",1
"32282","virus_comp_118_cycle_1_2",1
"32283","virus_comp_118_cycle_1_3",1
"32284","virus_comp_118_cycle_1_4",1
"32285","virus_comp_118_cycle_1_5",1
"32286","virus_comp_118_cycle_1_6",1
"32287","virus_comp_118_cycle_1_7",1
"32288","virus_comp_11805_cycle_1_1",1
"32289","virus_comp_11805_cycle_1_2",1
"32290","virus_comp_1181_cycle_1_1",1
"32291","virus_comp_1181_cycle_1_2",1
"32292","virus_comp_1181_cycle_1_3",1
"32293","virus_comp_1181_cycle_1_4",1
"32294","virus_comp_1181_cycle_1_5",1
"32295","virus_comp_1181_cycle_1_6",1
"32296","virus_comp_1181_cycle_1_7",1
"32297","virus_comp_1181_cycle_1_8",1
"32298","virus_comp_11818_cycle_1_1",1
"32299","virus_comp_11818_cycle_1_3",1
"32300","virus_comp_11822_cycle_1_1",1
"32301","virus_comp_11824_cycle_1_4",1
"32302","virus_comp_1184_cycle_1_1",1
"32303","virus_comp_1184_cycle_1_10",1
"32304","virus_comp_1184_cycle_1_11",1
"32305","virus_comp_1184_cycle_1_12",1
"32306","virus_comp_1184_cycle_1_2",1
"32307","virus_comp_1184_cycle_1_3",1
"32308","virus_comp_1184_cycle_1_5",1
"32309","virus_comp_1184_cycle_1_6",1
"32310","virus_comp_1184_cycle_1_8",1
"32311","virus_comp_1184_cycle_1_9",1
"32312","virus_comp_1185_cycle_1_11",1
"32313","virus_comp_1185_cycle_1_15",1
"32314","virus_comp_1185_cycle_1_17",1
"32315","virus_comp_1185_cycle_1_19",1
"32316","virus_comp_1185_cycle_1_20",1
"32317","virus_comp_1185_cycle_1_5",1
"32318","virus_comp_1185_cycle_1_6",1
"32319","virus_comp_1185_cycle_1_8",1
"32320","virus_comp_11851_cycle_1_1",1
"32321","virus_comp_11851_cycle_1_3",1
"32322","virus_comp_11858_cycle_1_1",1
"32323","virus_comp_11859_cycle_1_1",1
"32324","virus_comp_11877_cycle_1_2",1
"32325","virus_comp_1188_cycle_1_1",1
"32326","virus_comp_1188_cycle_1_4",1
"32327","virus_comp_11882_cycle_1_2",1
"32328","virus_comp_1189_cycle_1_1",1
"32329","virus_comp_1189_cycle_1_10",1
"32330","virus_comp_1189_cycle_1_11",1
"32331","virus_comp_1189_cycle_1_12",1
"32332","virus_comp_1189_cycle_1_13",1
"32333","virus_comp_1189_cycle_1_14",1
"32334","virus_comp_1189_cycle_1_15",1
"32335","virus_comp_1189_cycle_1_16",1
"32336","virus_comp_1189_cycle_1_17",1
"32337","virus_comp_1189_cycle_1_18",1
"32338","virus_comp_1189_cycle_1_19",1
"32339","virus_comp_1189_cycle_1_2",1
"32340","virus_comp_1189_cycle_1_20",1
"32341","virus_comp_1189_cycle_1_21",1
"32342","virus_comp_1189_cycle_1_22",1
"32343","virus_comp_1189_cycle_1_23",1
"32344","virus_comp_1189_cycle_1_24",1
"32345","virus_comp_1189_cycle_1_25",1
"32346","virus_comp_1189_cycle_1_26",1
"32347","virus_comp_1189_cycle_1_27",1
"32348","virus_comp_1189_cycle_1_28",1
"32349","virus_comp_1189_cycle_1_29",1
"32350","virus_comp_1189_cycle_1_3",1
"32351","virus_comp_1189_cycle_1_4",1
"32352","virus_comp_1189_cycle_1_5",1
"32353","virus_comp_1189_cycle_1_6",1
"32354","virus_comp_1189_cycle_1_7",1
"32355","virus_comp_1189_cycle_1_8",1
"32356","virus_comp_1189_cycle_1_9",1
"32357","virus_comp_11899_cycle_1_1",1
"32358","virus_comp_11899_cycle_1_3",1
"32359","virus_comp_119_cycle_1_1",1
"32360","virus_comp_119_cycle_1_102",1
"32361","virus_comp_119_cycle_1_103",1
"32362","virus_comp_119_cycle_1_104",1
"32363","virus_comp_119_cycle_1_107",1
"32364","virus_comp_119_cycle_1_108",1
"32365","virus_comp_119_cycle_1_109",1
"32366","virus_comp_119_cycle_1_110",1
"32367","virus_comp_119_cycle_1_111",1
"32368","virus_comp_119_cycle_1_112",1
"32369","virus_comp_119_cycle_1_113",1
"32370","virus_comp_119_cycle_1_29",1
"32371","virus_comp_119_cycle_1_30",1
"32372","virus_comp_119_cycle_1_31",1
"32373","virus_comp_119_cycle_1_32",1
"32374","virus_comp_119_cycle_1_38",1
"32375","virus_comp_119_cycle_1_39",1
"32376","virus_comp_119_cycle_1_40",1
"32377","virus_comp_119_cycle_1_42",1
"32378","virus_comp_119_cycle_1_43",1
"32379","virus_comp_119_cycle_1_47",1
"32380","virus_comp_119_cycle_1_48",1
"32381","virus_comp_119_cycle_1_49",1
"32382","virus_comp_119_cycle_1_5",1
"32383","virus_comp_119_cycle_1_50",1
"32384","virus_comp_119_cycle_1_52",1
"32385","virus_comp_119_cycle_1_53",1
"32386","virus_comp_119_cycle_1_54",1
"32387","virus_comp_119_cycle_1_55",1
"32388","virus_comp_119_cycle_1_56",1
"32389","virus_comp_119_cycle_1_57",1
"32390","virus_comp_119_cycle_1_58",1
"32391","virus_comp_119_cycle_1_59",1
"32392","virus_comp_119_cycle_1_6",1
"32393","virus_comp_119_cycle_1_60",1
"32394","virus_comp_119_cycle_1_61",1
"32395","virus_comp_119_cycle_1_62",1
"32396","virus_comp_119_cycle_1_63",1
"32397","virus_comp_119_cycle_1_64",1
"32398","virus_comp_119_cycle_1_65",1
"32399","virus_comp_119_cycle_1_66",1
"32400","virus_comp_119_cycle_1_67",1
"32401","virus_comp_119_cycle_1_68",1
"32402","virus_comp_119_cycle_1_69",1
"32403","virus_comp_119_cycle_1_70",1
"32404","virus_comp_119_cycle_1_71",1
"32405","virus_comp_119_cycle_1_72",1
"32406","virus_comp_119_cycle_1_75",1
"32407","virus_comp_119_cycle_1_78",1
"32408","virus_comp_119_cycle_1_79",1
"32409","virus_comp_119_cycle_1_80",1
"32410","virus_comp_119_cycle_1_89",1
"32411","virus_comp_119_cycle_1_91",1
"32412","virus_comp_119_cycle_1_92",1
"32413","virus_comp_1190_cycle_1_1",1
"32414","virus_comp_1190_cycle_1_10",1
"32415","virus_comp_1190_cycle_1_11",1
"32416","virus_comp_1190_cycle_1_12",1
"32417","virus_comp_1190_cycle_1_13",1
"32418","virus_comp_1190_cycle_1_14",1
"32419","virus_comp_1190_cycle_1_15",1
"32420","virus_comp_1190_cycle_1_16",1
"32421","virus_comp_1190_cycle_1_17",1
"32422","virus_comp_1190_cycle_1_18",1
"32423","virus_comp_1190_cycle_1_19",1
"32424","virus_comp_1190_cycle_1_2",1
"32425","virus_comp_1190_cycle_1_20",1
"32426","virus_comp_1190_cycle_1_21",1
"32427","virus_comp_1190_cycle_1_22",1
"32428","virus_comp_1190_cycle_1_3",1
"32429","virus_comp_1190_cycle_1_4",1
"32430","virus_comp_1190_cycle_1_5",1
"32431","virus_comp_1190_cycle_1_6",1
"32432","virus_comp_1190_cycle_1_7",1
"32433","virus_comp_1190_cycle_1_8",1
"32434","virus_comp_1190_cycle_1_9",1
"32435","virus_comp_11901_cycle_1_1",1
"32436","virus_comp_1191_cycle_1_19",1
"32437","virus_comp_11911_cycle_1_1",1
"32438","virus_comp_11911_cycle_1_2",1
"32439","virus_comp_11911_cycle_1_3",1
"32440","virus_comp_11916_cycle_1_1",1
"32441","virus_comp_11916_cycle_1_2",1
"32442","virus_comp_11924_cycle_1_1",1
"32443","virus_comp_11924_cycle_1_2",1
"32444","virus_comp_11924_cycle_1_3",1
"32445","virus_comp_11928_cycle_1_1",1
"32446","virus_comp_11928_cycle_1_2",1
"32447","virus_comp_1193_cycle_1_1",1
"32448","virus_comp_11946_cycle_1_1",1
"32449","virus_comp_11949_cycle_1_1",1
"32450","virus_comp_11949_cycle_1_2",1
"32451","virus_comp_11949_cycle_1_3",1
"32452","virus_comp_1195_cycle_1_1",1
"32453","virus_comp_1195_cycle_1_10",1
"32454","virus_comp_1195_cycle_1_11",1
"32455","virus_comp_1195_cycle_1_12",1
"32456","virus_comp_1195_cycle_1_2",1
"32457","virus_comp_1195_cycle_1_3",1
"32458","virus_comp_1195_cycle_1_4",1
"32459","virus_comp_1195_cycle_1_6",1
"32460","virus_comp_1195_cycle_1_8",1
"32461","virus_comp_1195_cycle_1_9",1
"32462","virus_comp_11951_cycle_1_1",1
"32463","virus_comp_11951_cycle_1_2",1
"32464","virus_comp_1196_cycle_1_6",1
"32465","virus_comp_11962_cycle_1_1",1
"32466","virus_comp_11962_cycle_1_2",1
"32467","virus_comp_11962_cycle_1_3",1
"32468","virus_comp_11970_cycle_1_1",1
"32469","virus_comp_11970_cycle_1_2",1
"32470","virus_comp_11977_cycle_1_2",1
"32471","virus_comp_11977_cycle_1_3",1
"32472","virus_comp_1198_cycle_1_1",1
"32473","virus_comp_1198_cycle_1_10",1
"32474","virus_comp_1198_cycle_1_11",1
"32475","virus_comp_1198_cycle_1_12",1
"32476","virus_comp_1198_cycle_1_13",1
"32477","virus_comp_1198_cycle_1_14",1
"32478","virus_comp_1198_cycle_1_15",1
"32479","virus_comp_1198_cycle_1_16",1
"32480","virus_comp_1198_cycle_1_17",1
"32481","virus_comp_1198_cycle_1_18",1
"32482","virus_comp_1198_cycle_1_19",1
"32483","virus_comp_1198_cycle_1_2",1
"32484","virus_comp_1198_cycle_1_20",1
"32485","virus_comp_1198_cycle_1_21",1
"32486","virus_comp_1198_cycle_1_4",1
"32487","virus_comp_1198_cycle_1_5",1
"32488","virus_comp_1198_cycle_1_6",1
"32489","virus_comp_1198_cycle_1_7",1
"32490","virus_comp_1198_cycle_1_8",1
"32491","virus_comp_1198_cycle_1_9",1
"32492","virus_comp_11984_cycle_1_3",1
"32493","virus_comp_11986_cycle_1_1",1
"32494","virus_comp_11993_cycle_1_1",1
"32495","virus_comp_1200_cycle_1_1",1
"32496","virus_comp_1200_cycle_1_3",1
"32497","virus_comp_12005_cycle_1_1",1
"32498","virus_comp_12018_cycle_1_3",1
"32499","virus_comp_12025_cycle_1_2",1
"32500","virus_comp_12029_cycle_1_1",1
"32501","virus_comp_1203_cycle_1_21",1
"32502","virus_comp_12034_cycle_1_1",1
"32503","virus_comp_12034_cycle_1_2",1
"32504","virus_comp_1205_cycle_1_1",1
"32505","virus_comp_1205_cycle_1_10",1
"32506","virus_comp_1205_cycle_1_11",1
"32507","virus_comp_1205_cycle_1_12",1
"32508","virus_comp_1205_cycle_1_13",1
"32509","virus_comp_1205_cycle_1_14",1
"32510","virus_comp_1205_cycle_1_15",1
"32511","virus_comp_1205_cycle_1_16",1
"32512","virus_comp_1205_cycle_1_18",1
"32513","virus_comp_1205_cycle_1_19",1
"32514","virus_comp_1205_cycle_1_2",1
"32515","virus_comp_1205_cycle_1_20",1
"32516","virus_comp_1205_cycle_1_21",1
"32517","virus_comp_1205_cycle_1_22",1
"32518","virus_comp_1205_cycle_1_23",1
"32519","virus_comp_1205_cycle_1_25",1
"32520","virus_comp_1205_cycle_1_26",1
"32521","virus_comp_1205_cycle_1_27",1
"32522","virus_comp_1205_cycle_1_28",1
"32523","virus_comp_1205_cycle_1_29",1
"32524","virus_comp_1205_cycle_1_3",1
"32525","virus_comp_1205_cycle_1_30",1
"32526","virus_comp_1205_cycle_1_32",1
"32527","virus_comp_1205_cycle_1_33",1
"32528","virus_comp_1205_cycle_1_36",1
"32529","virus_comp_1205_cycle_1_37",1
"32530","virus_comp_1205_cycle_1_38",1
"32531","virus_comp_1205_cycle_1_39",1
"32532","virus_comp_1205_cycle_1_4",1
"32533","virus_comp_1205_cycle_1_5",1
"32534","virus_comp_1205_cycle_1_6",1
"32535","virus_comp_1205_cycle_1_7",1
"32536","virus_comp_1205_cycle_1_8",1
"32537","virus_comp_1205_cycle_1_9",1
"32538","virus_comp_12061_cycle_1_1",1
"32539","virus_comp_12061_cycle_1_2",1
"32540","virus_comp_1207_cycle_1_12",1
"32541","virus_comp_1207_cycle_1_13",1
"32542","virus_comp_1207_cycle_1_15",1
"32543","virus_comp_1207_cycle_1_17",1
"32544","virus_comp_1207_cycle_1_5",1
"32545","virus_comp_1207_cycle_1_6",1
"32546","virus_comp_1207_cycle_1_7",1
"32547","virus_comp_12071_cycle_1_1",1
"32548","virus_comp_12071_cycle_1_2",1
"32549","virus_comp_1208_cycle_1_15",1
"32550","virus_comp_1208_cycle_1_17",1
"32551","virus_comp_1208_cycle_1_19",1
"32552","virus_comp_1208_cycle_1_22",1
"32553","virus_comp_1208_cycle_1_8",1
"32554","virus_comp_1209_cycle_1_1",1
"32555","virus_comp_1209_cycle_1_10",1
"32556","virus_comp_1209_cycle_1_13",1
"32557","virus_comp_1209_cycle_1_17",1
"32558","virus_comp_1209_cycle_1_18",1
"32559","virus_comp_1209_cycle_1_2",1
"32560","virus_comp_1209_cycle_1_3",1
"32561","virus_comp_1209_cycle_1_5",1
"32562","virus_comp_1209_cycle_1_6",1
"32563","virus_comp_1209_cycle_1_7",1
"32564","virus_comp_1209_cycle_1_9",1
"32565","virus_comp_12093_cycle_1_1",1
"32566","virus_comp_1210_cycle_1_3",1
"32567","virus_comp_1210_cycle_1_8",1
"32568","virus_comp_12109_cycle_1_2",1
"32569","virus_comp_1212_cycle_1_1",1
"32570","virus_comp_1212_cycle_1_10",1
"32571","virus_comp_1212_cycle_1_11",1
"32572","virus_comp_1212_cycle_1_12",1
"32573","virus_comp_1212_cycle_1_13",1
"32574","virus_comp_1212_cycle_1_14",1
"32575","virus_comp_1212_cycle_1_15",1
"32576","virus_comp_1212_cycle_1_16",1
"32577","virus_comp_1212_cycle_1_17",1
"32578","virus_comp_1212_cycle_1_18",1
"32579","virus_comp_1212_cycle_1_19",1
"32580","virus_comp_1212_cycle_1_2",1
"32581","virus_comp_1212_cycle_1_20",1
"32582","virus_comp_1212_cycle_1_21",1
"32583","virus_comp_1212_cycle_1_22",1
"32584","virus_comp_1212_cycle_1_23",1
"32585","virus_comp_1212_cycle_1_24",1
"32586","virus_comp_1212_cycle_1_25",1
"32587","virus_comp_1212_cycle_1_3",1
"32588","virus_comp_1212_cycle_1_4",1
"32589","virus_comp_1212_cycle_1_5",1
"32590","virus_comp_1212_cycle_1_6",1
"32591","virus_comp_1212_cycle_1_7",1
"32592","virus_comp_1212_cycle_1_8",1
"32593","virus_comp_1212_cycle_1_9",1
"32594","virus_comp_1213_cycle_1_1",1
"32595","virus_comp_1213_cycle_1_10",1
"32596","virus_comp_1213_cycle_1_3",1
"32597","virus_comp_1213_cycle_1_4",1
"32598","virus_comp_1213_cycle_1_6",1
"32599","virus_comp_1213_cycle_1_7",1
"32600","virus_comp_1213_cycle_1_8",1
"32601","virus_comp_1213_cycle_1_9",1
"32602","virus_comp_12139_cycle_1_4",1
"32603","virus_comp_12142_cycle_1_1",1
"32604","virus_comp_12142_cycle_1_2",1
"32605","virus_comp_12150_cycle_1_3",1
"32606","virus_comp_12150_cycle_1_4",1
"32607","virus_comp_1216_cycle_1_1",1
"32608","virus_comp_1216_cycle_1_10",1
"32609","virus_comp_1216_cycle_1_2",1
"32610","virus_comp_1216_cycle_1_3",1
"32611","virus_comp_1216_cycle_1_4",1
"32612","virus_comp_1216_cycle_1_5",1
"32613","virus_comp_1216_cycle_1_6",1
"32614","virus_comp_1216_cycle_1_7",1
"32615","virus_comp_1216_cycle_1_8",1
"32616","virus_comp_1216_cycle_1_9",1
"32617","virus_comp_12164_cycle_1_1",1
"32618","virus_comp_1217_cycle_1_13",1
"32619","virus_comp_1218_cycle_1_1",1
"32620","virus_comp_1218_cycle_1_10",1
"32621","virus_comp_1218_cycle_1_11",1
"32622","virus_comp_1218_cycle_1_12",1
"32623","virus_comp_1218_cycle_1_13",1
"32624","virus_comp_1218_cycle_1_14",1
"32625","virus_comp_1218_cycle_1_16",1
"32626","virus_comp_1218_cycle_1_17",1
"32627","virus_comp_1218_cycle_1_18",1
"32628","virus_comp_1218_cycle_1_19",1
"32629","virus_comp_1218_cycle_1_2",1
"32630","virus_comp_1218_cycle_1_20",1
"32631","virus_comp_1218_cycle_1_21",1
"32632","virus_comp_1218_cycle_1_22",1
"32633","virus_comp_1218_cycle_1_24",1
"32634","virus_comp_1218_cycle_1_25",1
"32635","virus_comp_1218_cycle_1_26",1
"32636","virus_comp_1218_cycle_1_27",1
"32637","virus_comp_1218_cycle_1_28",1
"32638","virus_comp_1218_cycle_1_29",1
"32639","virus_comp_1218_cycle_1_3",1
"32640","virus_comp_1218_cycle_1_30",1
"32641","virus_comp_1218_cycle_1_31",1
"32642","virus_comp_1218_cycle_1_32",1
"32643","virus_comp_1218_cycle_1_33",1
"32644","virus_comp_1218_cycle_1_4",1
"32645","virus_comp_1218_cycle_1_5",1
"32646","virus_comp_1218_cycle_1_6",1
"32647","virus_comp_1218_cycle_1_7",1
"32648","virus_comp_1218_cycle_1_8",1
"32649","virus_comp_1218_cycle_1_9",1
"32650","virus_comp_1219_cycle_1_1",1
"32651","virus_comp_1219_cycle_1_10",1
"32652","virus_comp_1219_cycle_1_12",1
"32653","virus_comp_1219_cycle_1_13",1
"32654","virus_comp_1219_cycle_1_14",1
"32655","virus_comp_1219_cycle_1_15",1
"32656","virus_comp_1219_cycle_1_16",1
"32657","virus_comp_1219_cycle_1_17",1
"32658","virus_comp_1219_cycle_1_18",1
"32659","virus_comp_1219_cycle_1_19",1
"32660","virus_comp_1219_cycle_1_2",1
"32661","virus_comp_1219_cycle_1_3",1
"32662","virus_comp_1219_cycle_1_4",1
"32663","virus_comp_1219_cycle_1_5",1
"32664","virus_comp_1219_cycle_1_6",1
"32665","virus_comp_1219_cycle_1_7",1
"32666","virus_comp_1219_cycle_1_9",1
"32667","virus_comp_12191_cycle_1_2",1
"32668","virus_comp_122_cycle_1_3",1
"32669","virus_comp_122_cycle_1_5",1
"32670","virus_comp_1220_cycle_1_1",1
"32671","virus_comp_1220_cycle_1_10",1
"32672","virus_comp_1220_cycle_1_11",1
"32673","virus_comp_1220_cycle_1_14",1
"32674","virus_comp_1220_cycle_1_15",1
"32675","virus_comp_1220_cycle_1_16",1
"32676","virus_comp_1220_cycle_1_17",1
"32677","virus_comp_1220_cycle_1_18",1
"32678","virus_comp_1220_cycle_1_19",1
"32679","virus_comp_1220_cycle_1_2",1
"32680","virus_comp_1220_cycle_1_20",1
"32681","virus_comp_1220_cycle_1_22",1
"32682","virus_comp_1220_cycle_1_23",1
"32683","virus_comp_1220_cycle_1_24",1
"32684","virus_comp_1220_cycle_1_25",1
"32685","virus_comp_1220_cycle_1_5",1
"32686","virus_comp_1220_cycle_1_9",1
"32687","virus_comp_12204_cycle_1_1",1
"32688","virus_comp_12204_cycle_1_2",1
"32689","virus_comp_12204_cycle_1_3",1
"32690","virus_comp_12204_cycle_1_4",1
"32691","virus_comp_12210_cycle_1_1",1
"32692","virus_comp_12210_cycle_1_2",1
"32693","virus_comp_12215_cycle_1_1",1
"32694","virus_comp_12215_cycle_1_2",1
"32695","virus_comp_1222_cycle_1_1",1
"32696","virus_comp_1222_cycle_1_10",1
"32697","virus_comp_1222_cycle_1_11",1
"32698","virus_comp_1222_cycle_1_12",1
"32699","virus_comp_1222_cycle_1_13",1
"32700","virus_comp_1222_cycle_1_2",1
"32701","virus_comp_1222_cycle_1_3",1
"32702","virus_comp_1222_cycle_1_6",1
"32703","virus_comp_1222_cycle_1_7",1
"32704","virus_comp_1222_cycle_1_8",1
"32705","virus_comp_1222_cycle_1_9",1
"32706","virus_comp_12226_cycle_1_1",1
"32707","virus_comp_12226_cycle_1_2",1
"32708","virus_comp_12226_cycle_1_3",1
"32709","virus_comp_12226_cycle_1_4",1
"32710","virus_comp_12228_cycle_1_1",1
"32711","virus_comp_12228_cycle_1_2",1
"32712","virus_comp_12228_cycle_1_3",1
"32713","virus_comp_1223_cycle_1_10",1
"32714","virus_comp_1223_cycle_1_16",1
"32715","virus_comp_1223_cycle_1_2",1
"32716","virus_comp_1223_cycle_1_4",1
"32717","virus_comp_1223_cycle_1_6",1
"32718","virus_comp_1223_cycle_1_7",1
"32719","virus_comp_1223_cycle_1_9",1
"32720","virus_comp_12233_cycle_1_1",1
"32721","virus_comp_12233_cycle_1_2",1
"32722","virus_comp_12237_cycle_1_2",1
"32723","virus_comp_12238_cycle_1_1",1
"32724","virus_comp_12257_cycle_1_1",1
"32725","virus_comp_1226_cycle_1_1",1
"32726","virus_comp_1226_cycle_1_10",1
"32727","virus_comp_1226_cycle_1_11",1
"32728","virus_comp_1226_cycle_1_12",1
"32729","virus_comp_1226_cycle_1_13",1
"32730","virus_comp_1226_cycle_1_14",1
"32731","virus_comp_1226_cycle_1_15",1
"32732","virus_comp_1226_cycle_1_16",1
"32733","virus_comp_1226_cycle_1_17",1
"32734","virus_comp_1226_cycle_1_2",1
"32735","virus_comp_1226_cycle_1_3",1
"32736","virus_comp_1226_cycle_1_4",1
"32737","virus_comp_1226_cycle_1_5",1
"32738","virus_comp_1226_cycle_1_6",1
"32739","virus_comp_1226_cycle_1_7",1
"32740","virus_comp_1226_cycle_1_8",1
"32741","virus_comp_1226_cycle_1_9",1
"32742","virus_comp_12269_cycle_1_4",1
"32743","virus_comp_1227_cycle_1_1",1
"32744","virus_comp_1227_cycle_1_2",1
"32745","virus_comp_1227_cycle_1_3",1
"32746","virus_comp_1227_cycle_1_4",1
"32747","virus_comp_1227_cycle_1_5",1
"32748","virus_comp_1227_cycle_1_6",1
"32749","virus_comp_1227_cycle_1_7",1
"32750","virus_comp_1227_cycle_1_8",1
"32751","virus_comp_1227_cycle_1_9",1
"32752","virus_comp_12275_cycle_1_1",1
"32753","virus_comp_1228_cycle_1_10",1
"32754","virus_comp_1228_cycle_1_11",1
"32755","virus_comp_1228_cycle_1_16",1
"32756","virus_comp_1228_cycle_1_17",1
"32757","virus_comp_1228_cycle_1_18",1
"32758","virus_comp_1228_cycle_1_21",1
"32759","virus_comp_1228_cycle_1_22",1
"32760","virus_comp_1228_cycle_1_24",1
"32761","virus_comp_1228_cycle_1_25",1
"32762","virus_comp_1228_cycle_1_26",1
"32763","virus_comp_1228_cycle_1_27",1
"32764","virus_comp_1228_cycle_1_3",1
"32765","virus_comp_1228_cycle_1_30",1
"32766","virus_comp_1228_cycle_1_31",1
"32767","virus_comp_1228_cycle_1_5",1
"32768","virus_comp_1228_cycle_1_6",1
"32769","virus_comp_1228_cycle_1_7",1
"32770","virus_comp_12288_cycle_1_1",1
"32771","virus_comp_12288_cycle_1_2",1
"32772","virus_comp_12292_cycle_1_3",1
"32773","virus_comp_1231_cycle_1_17",1
"32774","virus_comp_12318_cycle_1_4",1
"32775","virus_comp_1232_cycle_1_1",1
"32776","virus_comp_1232_cycle_1_10",1
"32777","virus_comp_1232_cycle_1_12",1
"32778","virus_comp_1232_cycle_1_13",1
"32779","virus_comp_1232_cycle_1_14",1
"32780","virus_comp_1232_cycle_1_15",1
"32781","virus_comp_1232_cycle_1_16",1
"32782","virus_comp_1232_cycle_1_2",1
"32783","virus_comp_1232_cycle_1_4",1
"32784","virus_comp_1232_cycle_1_5",1
"32785","virus_comp_1232_cycle_1_6",1
"32786","virus_comp_1232_cycle_1_7",1
"32787","virus_comp_1232_cycle_1_8",1
"32788","virus_comp_1232_cycle_1_9",1
"32789","virus_comp_1233_cycle_1_12",1
"32790","virus_comp_1233_cycle_1_13",1
"32791","virus_comp_1233_cycle_1_14",1
"32792","virus_comp_1233_cycle_1_16",1
"32793","virus_comp_1233_cycle_1_17",1
"32794","virus_comp_1233_cycle_1_24",1
"32795","virus_comp_1233_cycle_1_25",1
"32796","virus_comp_1233_cycle_1_26",1
"32797","virus_comp_1233_cycle_1_27",1
"32798","virus_comp_1233_cycle_1_28",1
"32799","virus_comp_1233_cycle_1_29",1
"32800","virus_comp_1233_cycle_1_5",1
"32801","virus_comp_1233_cycle_1_6",1
"32802","virus_comp_1234_cycle_1_1",1
"32803","virus_comp_1234_cycle_1_10",1
"32804","virus_comp_1234_cycle_1_11",1
"32805","virus_comp_1234_cycle_1_12",1
"32806","virus_comp_1234_cycle_1_13",1
"32807","virus_comp_1234_cycle_1_14",1
"32808","virus_comp_1234_cycle_1_15",1
"32809","virus_comp_1234_cycle_1_2",1
"32810","virus_comp_1234_cycle_1_3",1
"32811","virus_comp_1234_cycle_1_4",1
"32812","virus_comp_1234_cycle_1_5",1
"32813","virus_comp_1234_cycle_1_6",1
"32814","virus_comp_1234_cycle_1_7",1
"32815","virus_comp_1234_cycle_1_8",1
"32816","virus_comp_1234_cycle_1_9",1
"32817","virus_comp_12345_cycle_1_1",1
"32818","virus_comp_12345_cycle_1_2",1
"32819","virus_comp_12345_cycle_1_3",1
"32820","virus_comp_12349_cycle_1_3",1
"32821","virus_comp_1235_cycle_1_1",1
"32822","virus_comp_1235_cycle_1_10",1
"32823","virus_comp_1235_cycle_1_11",1
"32824","virus_comp_1235_cycle_1_12",1
"32825","virus_comp_1235_cycle_1_13",1
"32826","virus_comp_1235_cycle_1_14",1
"32827","virus_comp_1235_cycle_1_15",1
"32828","virus_comp_1235_cycle_1_16",1
"32829","virus_comp_1235_cycle_1_17",1
"32830","virus_comp_1235_cycle_1_18",1
"32831","virus_comp_1235_cycle_1_2",1
"32832","virus_comp_1235_cycle_1_20",1
"32833","virus_comp_1235_cycle_1_22",1
"32834","virus_comp_1235_cycle_1_5",1
"32835","virus_comp_1235_cycle_1_6",1
"32836","virus_comp_1235_cycle_1_7",1
"32837","virus_comp_1235_cycle_1_8",1
"32838","virus_comp_1235_cycle_1_9",1
"32839","virus_comp_12350_cycle_1_1",1
"32840","virus_comp_12350_cycle_1_2",1
"32841","virus_comp_12356_cycle_1_2",1
"32842","virus_comp_1236_cycle_1_2",1
"32843","virus_comp_1236_cycle_1_6",1
"32844","virus_comp_12387_cycle_1_2",1
"32845","virus_comp_1239_cycle_1_1",1
"32846","virus_comp_1239_cycle_1_10",1
"32847","virus_comp_1239_cycle_1_11",1
"32848","virus_comp_1239_cycle_1_12",1
"32849","virus_comp_1239_cycle_1_13",1
"32850","virus_comp_1239_cycle_1_14",1
"32851","virus_comp_1239_cycle_1_15",1
"32852","virus_comp_1239_cycle_1_16",1
"32853","virus_comp_1239_cycle_1_17",1
"32854","virus_comp_1239_cycle_1_2",1
"32855","virus_comp_1239_cycle_1_3",1
"32856","virus_comp_1239_cycle_1_4",1
"32857","virus_comp_1239_cycle_1_5",1
"32858","virus_comp_1239_cycle_1_6",1
"32859","virus_comp_1239_cycle_1_7",1
"32860","virus_comp_1239_cycle_1_8",1
"32861","virus_comp_1239_cycle_1_9",1
"32862","virus_comp_12396_cycle_1_4",1
"32863","virus_comp_1240_cycle_1_17",1
"32864","virus_comp_1240_cycle_1_21",1
"32865","virus_comp_12400_cycle_1_1",1
"32866","virus_comp_1242_cycle_1_10",1
"32867","virus_comp_1242_cycle_1_21",1
"32868","virus_comp_12423_cycle_1_1",1
"32869","virus_comp_12423_cycle_1_2",1
"32870","virus_comp_12423_cycle_1_3",1
"32871","virus_comp_12427_cycle_1_1",1
"32872","virus_comp_12427_cycle_1_2",1
"32873","virus_comp_12427_cycle_1_4",1
"32874","virus_comp_1243_cycle_1_1",1
"32875","virus_comp_1243_cycle_1_14",1
"32876","virus_comp_1243_cycle_1_16",1
"32877","virus_comp_1243_cycle_1_17",1
"32878","virus_comp_1243_cycle_1_18",1
"32879","virus_comp_1243_cycle_1_19",1
"32880","virus_comp_1243_cycle_1_2",1
"32881","virus_comp_1243_cycle_1_20",1
"32882","virus_comp_1243_cycle_1_23",1
"32883","virus_comp_1243_cycle_1_24",1
"32884","virus_comp_1243_cycle_1_25",1
"32885","virus_comp_1243_cycle_1_27",1
"32886","virus_comp_1243_cycle_1_29",1
"32887","virus_comp_1243_cycle_1_3",1
"32888","virus_comp_1243_cycle_1_31",1
"32889","virus_comp_1243_cycle_1_32",1
"32890","virus_comp_1243_cycle_1_4",1
"32891","virus_comp_1243_cycle_1_5",1
"32892","virus_comp_1244_cycle_1_1",1
"32893","virus_comp_1244_cycle_1_10",1
"32894","virus_comp_1244_cycle_1_11",1
"32895","virus_comp_1244_cycle_1_12",1
"32896","virus_comp_1244_cycle_1_13",1
"32897","virus_comp_1244_cycle_1_14",1
"32898","virus_comp_1244_cycle_1_15",1
"32899","virus_comp_1244_cycle_1_16",1
"32900","virus_comp_1244_cycle_1_17",1
"32901","virus_comp_1244_cycle_1_18",1
"32902","virus_comp_1244_cycle_1_19",1
"32903","virus_comp_1244_cycle_1_3",1
"32904","virus_comp_1244_cycle_1_4",1
"32905","virus_comp_1244_cycle_1_5",1
"32906","virus_comp_1244_cycle_1_6",1
"32907","virus_comp_1244_cycle_1_7",1
"32908","virus_comp_1244_cycle_1_8",1
"32909","virus_comp_1244_cycle_1_9",1
"32910","virus_comp_12448_cycle_1_1",1
"32911","virus_comp_12448_cycle_1_3",1
"32912","virus_comp_12448_cycle_1_4",1
"32913","virus_comp_12450_cycle_1_1",1
"32914","virus_comp_12467_cycle_1_1",1
"32915","virus_comp_12474_cycle_1_1",1
"32916","virus_comp_12479_cycle_1_1",1
"32917","virus_comp_12479_cycle_1_2",1
"32918","virus_comp_12489_cycle_1_1",1
"32919","virus_comp_12489_cycle_1_2",1
"32920","virus_comp_1249_cycle_1_11",1
"32921","virus_comp_1249_cycle_1_13",1
"32922","virus_comp_1249_cycle_1_14",1
"32923","virus_comp_1249_cycle_1_22",1
"32924","virus_comp_1249_cycle_1_23",1
"32925","virus_comp_1249_cycle_1_7",1
"32926","virus_comp_1249_cycle_1_9",1
"32927","virus_comp_12495_cycle_1_1",1
"32928","virus_comp_125_cycle_1_10",1
"32929","virus_comp_125_cycle_1_11",1
"32930","virus_comp_125_cycle_1_12",1
"32931","virus_comp_125_cycle_1_13",1
"32932","virus_comp_125_cycle_1_14",1
"32933","virus_comp_125_cycle_1_15",1
"32934","virus_comp_125_cycle_1_16",1
"32935","virus_comp_125_cycle_1_19",1
"32936","virus_comp_125_cycle_1_2",1
"32937","virus_comp_125_cycle_1_20",1
"32938","virus_comp_125_cycle_1_21",1
"32939","virus_comp_125_cycle_1_3",1
"32940","virus_comp_125_cycle_1_5",1
"32941","virus_comp_125_cycle_1_7",1
"32942","virus_comp_125_cycle_1_8",1
"32943","virus_comp_125_cycle_1_9",1
"32944","virus_comp_12504_cycle_1_1",1
"32945","virus_comp_12504_cycle_1_2",1
"32946","virus_comp_12515_cycle_1_1",1
"32947","virus_comp_12515_cycle_1_2",1
"32948","virus_comp_1252_cycle_1_4",1
"32949","virus_comp_12521_cycle_1_1",1
"32950","virus_comp_12521_cycle_1_3",1
"32951","virus_comp_1253_cycle_1_10",1
"32952","virus_comp_1253_cycle_1_12",1
"32953","virus_comp_1253_cycle_1_14",1
"32954","virus_comp_1254_cycle_1_1",1
"32955","virus_comp_1254_cycle_1_2",1
"32956","virus_comp_12543_cycle_1_1",1
"32957","virus_comp_12543_cycle_1_2",1
"32958","virus_comp_1255_cycle_1_1",1
"32959","virus_comp_1255_cycle_1_2",1
"32960","virus_comp_1255_cycle_1_3",1
"32961","virus_comp_1255_cycle_1_4",1
"32962","virus_comp_1255_cycle_1_5",1
"32963","virus_comp_1255_cycle_1_6",1
"32964","virus_comp_1255_cycle_1_7",1
"32965","virus_comp_12551_cycle_1_2",1
"32966","virus_comp_12551_cycle_1_3",1
"32967","virus_comp_1256_cycle_1_1",1
"32968","virus_comp_1256_cycle_1_10",1
"32969","virus_comp_1256_cycle_1_11",1
"32970","virus_comp_1256_cycle_1_12",1
"32971","virus_comp_1256_cycle_1_14",1
"32972","virus_comp_1256_cycle_1_16",1
"32973","virus_comp_1256_cycle_1_17",1
"32974","virus_comp_1256_cycle_1_2",1
"32975","virus_comp_1256_cycle_1_5",1
"32976","virus_comp_1256_cycle_1_6",1
"32977","virus_comp_1256_cycle_1_7",1
"32978","virus_comp_1256_cycle_1_8",1
"32979","virus_comp_1256_cycle_1_9",1
"32980","virus_comp_12579_cycle_1_3",1
"32981","virus_comp_126_cycle_1_100",1
"32982","virus_comp_126_cycle_1_101",1
"32983","virus_comp_126_cycle_1_102",1
"32984","virus_comp_126_cycle_1_15",1
"32985","virus_comp_126_cycle_1_157",1
"32986","virus_comp_126_cycle_1_16",1
"32987","virus_comp_126_cycle_1_177",1
"32988","virus_comp_126_cycle_1_18",1
"32989","virus_comp_126_cycle_1_185",1
"32990","virus_comp_126_cycle_1_20",1
"32991","virus_comp_126_cycle_1_201",1
"32992","virus_comp_126_cycle_1_21",1
"32993","virus_comp_126_cycle_1_22",1
"32994","virus_comp_126_cycle_1_23",1
"32995","virus_comp_126_cycle_1_24",1
"32996","virus_comp_126_cycle_1_25",1
"32997","virus_comp_126_cycle_1_26",1
"32998","virus_comp_126_cycle_1_27",1
"32999","virus_comp_126_cycle_1_29",1
"33000","virus_comp_126_cycle_1_32",1
"33001","virus_comp_126_cycle_1_33",1
"33002","virus_comp_126_cycle_1_38",1
"33003","virus_comp_126_cycle_1_40",1
"33004","virus_comp_126_cycle_1_66",1
"33005","virus_comp_126_cycle_1_68",1
"33006","virus_comp_126_cycle_1_69",1
"33007","virus_comp_126_cycle_1_71",1
"33008","virus_comp_126_cycle_1_72",1
"33009","virus_comp_126_cycle_1_73",1
"33010","virus_comp_126_cycle_1_86",1
"33011","virus_comp_126_cycle_1_95",1
"33012","virus_comp_126_cycle_1_99",1
"33013","virus_comp_12604_cycle_1_1",1
"33014","virus_comp_1261_cycle_1_3",1
"33015","virus_comp_1261_cycle_1_4",1
"33016","virus_comp_1261_cycle_1_5",1
"33017","virus_comp_12619_cycle_1_1",1
"33018","virus_comp_12619_cycle_1_2",1
"33019","virus_comp_12624_cycle_1_1",1
"33020","virus_comp_12624_cycle_1_2",1
"33021","virus_comp_12629_cycle_1_1",1
"33022","virus_comp_1264_cycle_1_1",1
"33023","virus_comp_1264_cycle_1_17",1
"33024","virus_comp_1264_cycle_1_21",1
"33025","virus_comp_12663_cycle_1_1",1
"33026","virus_comp_12663_cycle_1_2",1
"33027","virus_comp_12663_cycle_1_3",1
"33028","virus_comp_12663_cycle_1_4",1
"33029","virus_comp_12669_cycle_1_1",1
"33030","virus_comp_12669_cycle_1_2",1
"33031","virus_comp_12673_cycle_1_1",1
"33032","virus_comp_12677_cycle_1_2",1
"33033","virus_comp_12677_cycle_1_3",1
"33034","virus_comp_12677_cycle_1_5",1
"33035","virus_comp_12677_cycle_1_6",1
"33036","virus_comp_12696_cycle_1_1",1
"33037","virus_comp_12696_cycle_1_2",1
"33038","virus_comp_12698_cycle_1_1",1
"33039","virus_comp_12698_cycle_1_2",1
"33040","virus_comp_127_cycle_1_1",1
"33041","virus_comp_127_cycle_1_3",1
"33042","virus_comp_1270_cycle_1_1",1
"33043","virus_comp_1270_cycle_1_10",1
"33044","virus_comp_1270_cycle_1_11",1
"33045","virus_comp_1270_cycle_1_12",1
"33046","virus_comp_1270_cycle_1_13",1
"33047","virus_comp_1270_cycle_1_14",1
"33048","virus_comp_1270_cycle_1_15",1
"33049","virus_comp_1270_cycle_1_16",1
"33050","virus_comp_1270_cycle_1_17",1
"33051","virus_comp_1270_cycle_1_18",1
"33052","virus_comp_1270_cycle_1_19",1
"33053","virus_comp_1270_cycle_1_2",1
"33054","virus_comp_1270_cycle_1_20",1
"33055","virus_comp_1270_cycle_1_21",1
"33056","virus_comp_1270_cycle_1_22",1
"33057","virus_comp_1270_cycle_1_23",1
"33058","virus_comp_1270_cycle_1_3",1
"33059","virus_comp_1270_cycle_1_4",1
"33060","virus_comp_1270_cycle_1_5",1
"33061","virus_comp_1270_cycle_1_6",1
"33062","virus_comp_1270_cycle_1_7",1
"33063","virus_comp_1270_cycle_1_8",1
"33064","virus_comp_1270_cycle_1_9",1
"33065","virus_comp_12715_cycle_1_1",1
"33066","virus_comp_1272_cycle_1_1",1
"33067","virus_comp_1272_cycle_1_11",1
"33068","virus_comp_1272_cycle_1_21",1
"33069","virus_comp_1272_cycle_1_7",1
"33070","virus_comp_1272_cycle_1_8",1
"33071","virus_comp_12720_cycle_1_1",1
"33072","virus_comp_12720_cycle_1_3",1
"33073","virus_comp_12722_cycle_1_5",1
"33074","virus_comp_12734_cycle_1_1",1
"33075","virus_comp_12741_cycle_1_1",1
"33076","virus_comp_12741_cycle_1_2",1
"33077","virus_comp_12742_cycle_1_1",1
"33078","virus_comp_12747_cycle_1_1",1
"33079","virus_comp_12747_cycle_1_3",1
"33080","virus_comp_12771_cycle_1_1",1
"33081","virus_comp_12774_cycle_1_3",1
"33082","virus_comp_12777_cycle_1_1",1
"33083","virus_comp_12791_cycle_1_1",1
"33084","virus_comp_1281_cycle_1_1",1
"33085","virus_comp_1281_cycle_1_10",1
"33086","virus_comp_1281_cycle_1_11",1
"33087","virus_comp_1281_cycle_1_12",1
"33088","virus_comp_1281_cycle_1_13",1
"33089","virus_comp_1281_cycle_1_14",1
"33090","virus_comp_1281_cycle_1_16",1
"33091","virus_comp_1281_cycle_1_17",1
"33092","virus_comp_1281_cycle_1_18",1
"33093","virus_comp_1281_cycle_1_19",1
"33094","virus_comp_1281_cycle_1_2",1
"33095","virus_comp_1281_cycle_1_3",1
"33096","virus_comp_1281_cycle_1_4",1
"33097","virus_comp_1281_cycle_1_5",1
"33098","virus_comp_1281_cycle_1_7",1
"33099","virus_comp_12816_cycle_1_1",1
"33100","virus_comp_12829_cycle_1_1",1
"33101","virus_comp_12829_cycle_1_2",1
"33102","virus_comp_12829_cycle_1_3",1
"33103","virus_comp_12833_cycle_1_1",1
"33104","virus_comp_12833_cycle_1_2",1
"33105","virus_comp_12834_cycle_1_3",1
"33106","virus_comp_12841_cycle_1_2",1
"33107","virus_comp_1285_cycle_1_12",1
"33108","virus_comp_1285_cycle_1_16",1
"33109","virus_comp_1285_cycle_1_17",1
"33110","virus_comp_1285_cycle_1_19",1
"33111","virus_comp_1285_cycle_1_21",1
"33112","virus_comp_1285_cycle_1_23",1
"33113","virus_comp_1285_cycle_1_25",1
"33114","virus_comp_1285_cycle_1_26",1
"33115","virus_comp_1286_cycle_1_15",1
"33116","virus_comp_1286_cycle_1_18",1
"33117","virus_comp_12869_cycle_1_2",1
"33118","virus_comp_12869_cycle_1_3",1
"33119","virus_comp_12869_cycle_1_5",1
"33120","virus_comp_12870_cycle_1_1",1
"33121","virus_comp_12871_cycle_1_1",1
"33122","virus_comp_12871_cycle_1_2",1
"33123","virus_comp_12875_cycle_1_1",1
"33124","virus_comp_12897_cycle_1_1",1
"33125","virus_comp_129_cycle_1_1",1
"33126","virus_comp_129_cycle_1_13",1
"33127","virus_comp_12921_cycle_1_1",1
"33128","virus_comp_12921_cycle_1_2",1
"33129","virus_comp_12923_cycle_1_1",1
"33130","virus_comp_1293_cycle_1_2",1
"33131","virus_comp_1293_cycle_1_3",1
"33132","virus_comp_12933_cycle_1_1",1
"33133","virus_comp_12933_cycle_1_2",1
"33134","virus_comp_12939_cycle_1_1",1
"33135","virus_comp_12939_cycle_1_2",1
"33136","virus_comp_12939_cycle_1_5",1
"33137","virus_comp_1294_cycle_1_1",1
"33138","virus_comp_12946_cycle_1_1",1
"33139","virus_comp_12946_cycle_1_2",1
"33140","virus_comp_12950_cycle_1_1",1
"33141","virus_comp_12952_cycle_1_1",1
"33142","virus_comp_12952_cycle_1_2",1
"33143","virus_comp_12952_cycle_1_3",1
"33144","virus_comp_1296_cycle_1_12",1
"33145","virus_comp_1296_cycle_1_3",1
"33146","virus_comp_1296_cycle_1_7",1
"33147","virus_comp_1296_cycle_1_8",1
"33148","virus_comp_1296_cycle_1_9",1
"33149","virus_comp_1297_cycle_1_12",1
"33150","virus_comp_1297_cycle_1_13",1
"33151","virus_comp_1297_cycle_1_16",1
"33152","virus_comp_1297_cycle_1_19",1
"33153","virus_comp_1297_cycle_1_2",1
"33154","virus_comp_1297_cycle_1_20",1
"33155","virus_comp_1297_cycle_1_3",1
"33156","virus_comp_1297_cycle_1_4",1
"33157","virus_comp_1297_cycle_1_8",1
"33158","virus_comp_1297_cycle_1_9",1
"33159","virus_comp_12970_cycle_1_2",1
"33160","virus_comp_1298_cycle_1_11",1
"33161","virus_comp_1298_cycle_1_13",1
"33162","virus_comp_1298_cycle_1_14",1
"33163","virus_comp_1298_cycle_1_15",1
"33164","virus_comp_1298_cycle_1_16",1
"33165","virus_comp_1298_cycle_1_17",1
"33166","virus_comp_1298_cycle_1_18",1
"33167","virus_comp_1298_cycle_1_19",1
"33168","virus_comp_1298_cycle_1_2",1
"33169","virus_comp_1298_cycle_1_20",1
"33170","virus_comp_1298_cycle_1_22",1
"33171","virus_comp_1298_cycle_1_23",1
"33172","virus_comp_1298_cycle_1_24",1
"33173","virus_comp_1298_cycle_1_25",1
"33174","virus_comp_1298_cycle_1_26",1
"33175","virus_comp_1298_cycle_1_27",1
"33176","virus_comp_1298_cycle_1_9",1
"33177","virus_comp_12990_cycle_1_1",1
"33178","virus_comp_12990_cycle_1_2",1
"33179","virus_comp_12998_cycle_1_1",1
"33180","virus_comp_13000_cycle_1_1",1
"33181","virus_comp_13000_cycle_1_3",1
"33182","virus_comp_1301_cycle_1_1",1
"33183","virus_comp_13013_cycle_1_1",1
"33184","virus_comp_1303_cycle_1_1",1
"33185","virus_comp_1303_cycle_1_2",1
"33186","virus_comp_1303_cycle_1_3",1
"33187","virus_comp_1303_cycle_1_6",1
"33188","virus_comp_13036_cycle_1_1",1
"33189","virus_comp_13043_cycle_1_1",1
"33190","virus_comp_13046_cycle_1_1",1
"33191","virus_comp_13050_cycle_1_1",1
"33192","virus_comp_13055_cycle_1_1",1
"33193","virus_comp_13055_cycle_1_2",1
"33194","virus_comp_1306_cycle_1_1",1
"33195","virus_comp_1306_cycle_1_10",1
"33196","virus_comp_1306_cycle_1_11",1
"33197","virus_comp_1306_cycle_1_12",1
"33198","virus_comp_1306_cycle_1_13",1
"33199","virus_comp_1306_cycle_1_2",1
"33200","virus_comp_1306_cycle_1_3",1
"33201","virus_comp_1306_cycle_1_4",1
"33202","virus_comp_1306_cycle_1_5",1
"33203","virus_comp_1306_cycle_1_6",1
"33204","virus_comp_1306_cycle_1_7",1
"33205","virus_comp_1306_cycle_1_8",1
"33206","virus_comp_1306_cycle_1_9",1
"33207","virus_comp_13063_cycle_1_1",1
"33208","virus_comp_13063_cycle_1_2",1
"33209","virus_comp_13065_cycle_1_1",1
"33210","virus_comp_13065_cycle_1_2",1
"33211","virus_comp_1307_cycle_1_9",1
"33212","virus_comp_1308_cycle_1_3",1
"33213","virus_comp_13103_cycle_1_1",1
"33214","virus_comp_13103_cycle_1_2",1
"33215","virus_comp_13104_cycle_1_1",1
"33216","virus_comp_1313_cycle_1_1",1
"33217","virus_comp_1313_cycle_1_11",1
"33218","virus_comp_1313_cycle_1_9",1
"33219","virus_comp_1314_cycle_1_1",1
"33220","virus_comp_1314_cycle_1_10",1
"33221","virus_comp_1314_cycle_1_14",1
"33222","virus_comp_1314_cycle_1_16",1
"33223","virus_comp_1314_cycle_1_18",1
"33224","virus_comp_1314_cycle_1_23",1
"33225","virus_comp_1314_cycle_1_24",1
"33226","virus_comp_1314_cycle_1_3",1
"33227","virus_comp_13143_cycle_1_1",1
"33228","virus_comp_13146_cycle_1_1",1
"33229","virus_comp_13156_cycle_1_1",1
"33230","virus_comp_1317_cycle_1_6",1
"33231","virus_comp_1317_cycle_1_7",1
"33232","virus_comp_1317_cycle_1_8",1
"33233","virus_comp_1317_cycle_1_9",1
"33234","virus_comp_13174_cycle_1_1",1
"33235","virus_comp_13174_cycle_1_2",1
"33236","virus_comp_13184_cycle_1_1",1
"33237","virus_comp_13184_cycle_1_2",1
"33238","virus_comp_13184_cycle_1_3",1
"33239","virus_comp_13184_cycle_1_4",1
"33240","virus_comp_1319_cycle_1_1",1
"33241","virus_comp_1319_cycle_1_2",1
"33242","virus_comp_1319_cycle_1_3",1
"33243","virus_comp_1320_cycle_1_1",1
"33244","virus_comp_13206_cycle_1_1",1
"33245","virus_comp_13229_cycle_1_1",1
"33246","virus_comp_13229_cycle_1_2",1
"33247","virus_comp_13229_cycle_1_3",1
"33248","virus_comp_13239_cycle_1_1",1
"33249","virus_comp_1324_cycle_1_10",1
"33250","virus_comp_1324_cycle_1_3",1
"33251","virus_comp_1324_cycle_1_9",1
"33252","virus_comp_13280_cycle_1_1",1
"33253","virus_comp_13280_cycle_1_2",1
"33254","virus_comp_13288_cycle_1_1",1
"33255","virus_comp_13296_cycle_1_1",1
"33256","virus_comp_13297_cycle_1_1",1
"33257","virus_comp_13297_cycle_1_2",1
"33258","virus_comp_13297_cycle_1_3",1
"33259","virus_comp_133_cycle_1_1",1
"33260","virus_comp_133_cycle_1_3",1
"33261","virus_comp_133_cycle_1_4",1
"33262","virus_comp_133_cycle_1_5",1
"33263","virus_comp_133_cycle_1_6",1
"33264","virus_comp_1330_cycle_1_10",1
"33265","virus_comp_1330_cycle_1_11",1
"33266","virus_comp_1330_cycle_1_14",1
"33267","virus_comp_1330_cycle_1_15",1
"33268","virus_comp_1330_cycle_1_16",1
"33269","virus_comp_1330_cycle_1_17",1
"33270","virus_comp_1330_cycle_1_18",1
"33271","virus_comp_1330_cycle_1_4",1
"33272","virus_comp_1330_cycle_1_7",1
"33273","virus_comp_1330_cycle_1_8",1
"33274","virus_comp_1330_cycle_1_9",1
"33275","virus_comp_13305_cycle_1_1",1
"33276","virus_comp_13309_cycle_1_1",1
"33277","virus_comp_13309_cycle_1_2",1
"33278","virus_comp_1331_cycle_1_1",1
"33279","virus_comp_1331_cycle_1_10",1
"33280","virus_comp_1331_cycle_1_11",1
"33281","virus_comp_1331_cycle_1_12",1
"33282","virus_comp_1331_cycle_1_13",1
"33283","virus_comp_1331_cycle_1_14",1
"33284","virus_comp_1331_cycle_1_15",1
"33285","virus_comp_1331_cycle_1_16",1
"33286","virus_comp_1331_cycle_1_17",1
"33287","virus_comp_1331_cycle_1_18",1
"33288","virus_comp_1331_cycle_1_19",1
"33289","virus_comp_1331_cycle_1_2",1
"33290","virus_comp_1331_cycle_1_20",1
"33291","virus_comp_1331_cycle_1_3",1
"33292","virus_comp_1331_cycle_1_4",1
"33293","virus_comp_1331_cycle_1_5",1
"33294","virus_comp_1331_cycle_1_6",1
"33295","virus_comp_1331_cycle_1_7",1
"33296","virus_comp_1331_cycle_1_8",1
"33297","virus_comp_1331_cycle_1_9",1
"33298","virus_comp_13310_cycle_1_1",1
"33299","virus_comp_13310_cycle_1_2",1
"33300","virus_comp_1333_cycle_1_1",1
"33301","virus_comp_1333_cycle_1_10",1
"33302","virus_comp_1333_cycle_1_11",1
"33303","virus_comp_1333_cycle_1_12",1
"33304","virus_comp_1333_cycle_1_14",1
"33305","virus_comp_1333_cycle_1_16",1
"33306","virus_comp_1333_cycle_1_17",1
"33307","virus_comp_1333_cycle_1_2",1
"33308","virus_comp_1333_cycle_1_3",1
"33309","virus_comp_1333_cycle_1_4",1
"33310","virus_comp_1333_cycle_1_5",1
"33311","virus_comp_1333_cycle_1_6",1
"33312","virus_comp_1333_cycle_1_7",1
"33313","virus_comp_1333_cycle_1_9",1
"33314","virus_comp_1334_cycle_1_1",1
"33315","virus_comp_1334_cycle_1_2",1
"33316","virus_comp_1334_cycle_1_3",1
"33317","virus_comp_1334_cycle_1_4",1
"33318","virus_comp_1334_cycle_1_5",1
"33319","virus_comp_1334_cycle_1_6",1
"33320","virus_comp_1334_cycle_1_7",1
"33321","virus_comp_1334_cycle_1_9",1
"33322","virus_comp_1338_cycle_1_4",1
"33323","virus_comp_13388_cycle_1_4",1
"33324","virus_comp_1340_cycle_1_3",1
"33325","virus_comp_13437_cycle_1_1",1
"33326","virus_comp_13439_cycle_1_1",1
"33327","virus_comp_13439_cycle_1_2",1
"33328","virus_comp_1346_cycle_1_1",1
"33329","virus_comp_1346_cycle_1_10",1
"33330","virus_comp_1346_cycle_1_11",1
"33331","virus_comp_1346_cycle_1_12",1
"33332","virus_comp_1346_cycle_1_13",1
"33333","virus_comp_1346_cycle_1_14",1
"33334","virus_comp_1346_cycle_1_15",1
"33335","virus_comp_1346_cycle_1_16",1
"33336","virus_comp_1346_cycle_1_17",1
"33337","virus_comp_1346_cycle_1_18",1
"33338","virus_comp_1346_cycle_1_2",1
"33339","virus_comp_1346_cycle_1_3",1
"33340","virus_comp_1346_cycle_1_4",1
"33341","virus_comp_1346_cycle_1_5",1
"33342","virus_comp_1346_cycle_1_6",1
"33343","virus_comp_1346_cycle_1_7",1
"33344","virus_comp_1346_cycle_1_8",1
"33345","virus_comp_1346_cycle_1_9",1
"33346","virus_comp_1347_cycle_1_1",1
"33347","virus_comp_1347_cycle_1_10",1
"33348","virus_comp_1347_cycle_1_11",1
"33349","virus_comp_1347_cycle_1_12",1
"33350","virus_comp_1347_cycle_1_13",1
"33351","virus_comp_1347_cycle_1_14",1
"33352","virus_comp_1347_cycle_1_2",1
"33353","virus_comp_1347_cycle_1_3",1
"33354","virus_comp_1347_cycle_1_4",1
"33355","virus_comp_1347_cycle_1_5",1
"33356","virus_comp_1347_cycle_1_6",1
"33357","virus_comp_1347_cycle_1_7",1
"33358","virus_comp_1347_cycle_1_8",1
"33359","virus_comp_1347_cycle_1_9",1
"33360","virus_comp_13470_cycle_1_1",1
"33361","virus_comp_1348_cycle_1_1",1
"33362","virus_comp_1348_cycle_1_2",1
"33363","virus_comp_1348_cycle_1_4",1
"33364","virus_comp_1349_cycle_1_1",1
"33365","virus_comp_1349_cycle_1_4",1
"33366","virus_comp_135_cycle_1_3",1
"33367","virus_comp_135_cycle_1_4",1
"33368","virus_comp_13507_cycle_1_1",1
"33369","virus_comp_13507_cycle_1_2",1
"33370","virus_comp_13514_cycle_1_2",1
"33371","virus_comp_13514_cycle_1_3",1
"33372","virus_comp_1353_cycle_1_1",1
"33373","virus_comp_1353_cycle_1_10",1
"33374","virus_comp_1353_cycle_1_11",1
"33375","virus_comp_1353_cycle_1_12",1
"33376","virus_comp_1353_cycle_1_13",1
"33377","virus_comp_1353_cycle_1_14",1
"33378","virus_comp_1353_cycle_1_15",1
"33379","virus_comp_1353_cycle_1_16",1
"33380","virus_comp_1353_cycle_1_17",1
"33381","virus_comp_1353_cycle_1_18",1
"33382","virus_comp_1353_cycle_1_2",1
"33383","virus_comp_1353_cycle_1_3",1
"33384","virus_comp_1353_cycle_1_4",1
"33385","virus_comp_1353_cycle_1_5",1
"33386","virus_comp_1353_cycle_1_6",1
"33387","virus_comp_1353_cycle_1_7",1
"33388","virus_comp_1353_cycle_1_8",1
"33389","virus_comp_1353_cycle_1_9",1
"33390","virus_comp_1354_cycle_1_10",1
"33391","virus_comp_1354_cycle_1_14",1
"33392","virus_comp_1354_cycle_1_3",1
"33393","virus_comp_1354_cycle_1_4",1
"33394","virus_comp_13543_cycle_1_1",1
"33395","virus_comp_1355_cycle_1_1",1
"33396","virus_comp_1355_cycle_1_10",1
"33397","virus_comp_1355_cycle_1_12",1
"33398","virus_comp_1355_cycle_1_13",1
"33399","virus_comp_1355_cycle_1_14",1
"33400","virus_comp_1355_cycle_1_15",1
"33401","virus_comp_1355_cycle_1_16",1
"33402","virus_comp_1355_cycle_1_18",1
"33403","virus_comp_1355_cycle_1_19",1
"33404","virus_comp_1355_cycle_1_2",1
"33405","virus_comp_1355_cycle_1_20",1
"33406","virus_comp_1355_cycle_1_21",1
"33407","virus_comp_1355_cycle_1_22",1
"33408","virus_comp_1355_cycle_1_23",1
"33409","virus_comp_1355_cycle_1_24",1
"33410","virus_comp_1355_cycle_1_25",1
"33411","virus_comp_1355_cycle_1_26",1
"33412","virus_comp_1355_cycle_1_27",1
"33413","virus_comp_1355_cycle_1_28",1
"33414","virus_comp_1355_cycle_1_29",1
"33415","virus_comp_1355_cycle_1_3",1
"33416","virus_comp_1355_cycle_1_4",1
"33417","virus_comp_1355_cycle_1_5",1
"33418","virus_comp_1355_cycle_1_6",1
"33419","virus_comp_1355_cycle_1_7",1
"33420","virus_comp_1355_cycle_1_8",1
"33421","virus_comp_1355_cycle_1_9",1
"33422","virus_comp_13567_cycle_1_2",1
"33423","virus_comp_13567_cycle_1_3",1
"33424","virus_comp_1357_cycle_1_11",1
"33425","virus_comp_1357_cycle_1_18",1
"33426","virus_comp_1357_cycle_1_26",1
"33427","virus_comp_13571_cycle_1_1",1
"33428","virus_comp_13572_cycle_1_1",1
"33429","virus_comp_13572_cycle_1_2",1
"33430","virus_comp_13573_cycle_1_1",1
"33431","virus_comp_13578_cycle_1_1",1
"33432","virus_comp_13579_cycle_1_1",1
"33433","virus_comp_13579_cycle_1_2",1
"33434","virus_comp_13585_cycle_1_1",1
"33435","virus_comp_13585_cycle_1_2",1
"33436","virus_comp_1359_cycle_1_11",1
"33437","virus_comp_1359_cycle_1_12",1
"33438","virus_comp_1359_cycle_1_13",1
"33439","virus_comp_1359_cycle_1_2",1
"33440","virus_comp_1359_cycle_1_3",1
"33441","virus_comp_1359_cycle_1_4",1
"33442","virus_comp_1359_cycle_1_6",1
"33443","virus_comp_1359_cycle_1_8",1
"33444","virus_comp_13614_cycle_1_1",1
"33445","virus_comp_13632_cycle_1_1",1
"33446","virus_comp_13632_cycle_1_3",1
"33447","virus_comp_1364_cycle_1_13",1
"33448","virus_comp_1364_cycle_1_14",1
"33449","virus_comp_1364_cycle_1_15",1
"33450","virus_comp_1364_cycle_1_7",1
"33451","virus_comp_1364_cycle_1_8",1
"33452","virus_comp_13652_cycle_1_1",1
"33453","virus_comp_13652_cycle_1_3",1
"33454","virus_comp_13666_cycle_1_1",1
"33455","virus_comp_13666_cycle_1_2",1
"33456","virus_comp_1368_cycle_1_1",1
"33457","virus_comp_13697_cycle_1_1",1
"33458","virus_comp_13697_cycle_1_2",1
"33459","virus_comp_1370_cycle_1_10",1
"33460","virus_comp_1370_cycle_1_11",1
"33461","virus_comp_1370_cycle_1_2",1
"33462","virus_comp_1370_cycle_1_3",1
"33463","virus_comp_1370_cycle_1_4",1
"33464","virus_comp_1370_cycle_1_5",1
"33465","virus_comp_1370_cycle_1_6",1
"33466","virus_comp_1370_cycle_1_8",1
"33467","virus_comp_13718_cycle_1_1",1
"33468","virus_comp_1372_cycle_1_1",1
"33469","virus_comp_1372_cycle_1_10",1
"33470","virus_comp_1372_cycle_1_11",1
"33471","virus_comp_1372_cycle_1_12",1
"33472","virus_comp_1372_cycle_1_13",1
"33473","virus_comp_1372_cycle_1_14",1
"33474","virus_comp_1372_cycle_1_15",1
"33475","virus_comp_1372_cycle_1_2",1
"33476","virus_comp_1372_cycle_1_3",1
"33477","virus_comp_1372_cycle_1_4",1
"33478","virus_comp_1372_cycle_1_5",1
"33479","virus_comp_1372_cycle_1_6",1
"33480","virus_comp_1372_cycle_1_7",1
"33481","virus_comp_1372_cycle_1_8",1
"33482","virus_comp_1372_cycle_1_9",1
"33483","virus_comp_1373_cycle_1_1",1
"33484","virus_comp_1373_cycle_1_10",1
"33485","virus_comp_1373_cycle_1_11",1
"33486","virus_comp_1373_cycle_1_12",1
"33487","virus_comp_1373_cycle_1_13",1
"33488","virus_comp_1373_cycle_1_14",1
"33489","virus_comp_1373_cycle_1_2",1
"33490","virus_comp_1373_cycle_1_3",1
"33491","virus_comp_1373_cycle_1_4",1
"33492","virus_comp_1373_cycle_1_5",1
"33493","virus_comp_1373_cycle_1_6",1
"33494","virus_comp_1373_cycle_1_7",1
"33495","virus_comp_1373_cycle_1_8",1
"33496","virus_comp_1373_cycle_1_9",1
"33497","virus_comp_13730_cycle_1_1",1
"33498","virus_comp_13734_cycle_1_1",1
"33499","virus_comp_13741_cycle_1_1",1
"33500","virus_comp_13741_cycle_1_2",1
"33501","virus_comp_13741_cycle_1_3",1
"33502","virus_comp_1375_cycle_1_1",1
"33503","virus_comp_1375_cycle_1_10",1
"33504","virus_comp_1375_cycle_1_11",1
"33505","virus_comp_1375_cycle_1_12",1
"33506","virus_comp_1375_cycle_1_13",1
"33507","virus_comp_1375_cycle_1_2",1
"33508","virus_comp_1375_cycle_1_3",1
"33509","virus_comp_1375_cycle_1_4",1
"33510","virus_comp_1375_cycle_1_5",1
"33511","virus_comp_1375_cycle_1_6",1
"33512","virus_comp_1375_cycle_1_7",1
"33513","virus_comp_1375_cycle_1_8",1
"33514","virus_comp_1375_cycle_1_9",1
"33515","virus_comp_13759_cycle_1_2",1
"33516","virus_comp_13762_cycle_1_1",1
"33517","virus_comp_13762_cycle_1_2",1
"33518","virus_comp_1378_cycle_1_1",1
"33519","virus_comp_1378_cycle_1_10",1
"33520","virus_comp_1378_cycle_1_11",1
"33521","virus_comp_1378_cycle_1_13",1
"33522","virus_comp_1378_cycle_1_18",1
"33523","virus_comp_1378_cycle_1_19",1
"33524","virus_comp_1378_cycle_1_2",1
"33525","virus_comp_1378_cycle_1_20",1
"33526","virus_comp_1378_cycle_1_3",1
"33527","virus_comp_1378_cycle_1_4",1
"33528","virus_comp_1378_cycle_1_6",1
"33529","virus_comp_1378_cycle_1_7",1
"33530","virus_comp_1378_cycle_1_8",1
"33531","virus_comp_1378_cycle_1_9",1
"33532","virus_comp_1379_cycle_1_1",1
"33533","virus_comp_1379_cycle_1_10",1
"33534","virus_comp_1379_cycle_1_11",1
"33535","virus_comp_1379_cycle_1_12",1
"33536","virus_comp_1379_cycle_1_13",1
"33537","virus_comp_1379_cycle_1_14",1
"33538","virus_comp_1379_cycle_1_15",1
"33539","virus_comp_1379_cycle_1_16",1
"33540","virus_comp_1379_cycle_1_17",1
"33541","virus_comp_1379_cycle_1_19",1
"33542","virus_comp_1379_cycle_1_2",1
"33543","virus_comp_1379_cycle_1_20",1
"33544","virus_comp_1379_cycle_1_21",1
"33545","virus_comp_1379_cycle_1_3",1
"33546","virus_comp_1379_cycle_1_4",1
"33547","virus_comp_1379_cycle_1_5",1
"33548","virus_comp_1379_cycle_1_7",1
"33549","virus_comp_1379_cycle_1_8",1
"33550","virus_comp_1379_cycle_1_9",1
"33551","virus_comp_13796_cycle_1_1",1
"33552","virus_comp_1380_cycle_1_1",1
"33553","virus_comp_1380_cycle_1_10",1
"33554","virus_comp_1380_cycle_1_11",1
"33555","virus_comp_1380_cycle_1_13",1
"33556","virus_comp_1380_cycle_1_14",1
"33557","virus_comp_1380_cycle_1_15",1
"33558","virus_comp_1380_cycle_1_16",1
"33559","virus_comp_1380_cycle_1_2",1
"33560","virus_comp_1380_cycle_1_7",1
"33561","virus_comp_1380_cycle_1_8",1
"33562","virus_comp_1380_cycle_1_9",1
"33563","virus_comp_13807_cycle_1_1",1
"33564","virus_comp_13807_cycle_1_2",1
"33565","virus_comp_1381_cycle_1_1",1
"33566","virus_comp_1381_cycle_1_10",1
"33567","virus_comp_1381_cycle_1_11",1
"33568","virus_comp_1381_cycle_1_13",1
"33569","virus_comp_1381_cycle_1_14",1
"33570","virus_comp_1381_cycle_1_15",1
"33571","virus_comp_13812_cycle_1_5",1
"33572","virus_comp_13813_cycle_1_1",1
"33573","virus_comp_13813_cycle_1_4",1
"33574","virus_comp_13816_cycle_1_1",1
"33575","virus_comp_13816_cycle_1_2",1
"33576","virus_comp_1382_cycle_1_11",1
"33577","virus_comp_1382_cycle_1_15",1
"33578","virus_comp_1382_cycle_1_16",1
"33579","virus_comp_1382_cycle_1_23",1
"33580","virus_comp_13821_cycle_1_1",1
"33581","virus_comp_13825_cycle_1_1",1
"33582","virus_comp_13825_cycle_1_2",1
"33583","virus_comp_13851_cycle_1_1",1
"33584","virus_comp_13854_cycle_1_1",1
"33585","virus_comp_13854_cycle_1_2",1
"33586","virus_comp_13854_cycle_1_3",1
"33587","virus_comp_1386_cycle_1_4",1
"33588","virus_comp_1386_cycle_1_5",1
"33589","virus_comp_13868_cycle_1_1",1
"33590","virus_comp_13868_cycle_1_2",1
"33591","virus_comp_13870_cycle_1_1",1
"33592","virus_comp_13870_cycle_1_2",1
"33593","virus_comp_13870_cycle_1_3",1
"33594","virus_comp_13876_cycle_1_1",1
"33595","virus_comp_1388_cycle_1_1",1
"33596","virus_comp_1388_cycle_1_10",1
"33597","virus_comp_1388_cycle_1_11",1
"33598","virus_comp_1388_cycle_1_12",1
"33599","virus_comp_1388_cycle_1_13",1
"33600","virus_comp_1388_cycle_1_14",1
"33601","virus_comp_1388_cycle_1_15",1
"33602","virus_comp_1388_cycle_1_2",1
"33603","virus_comp_1388_cycle_1_3",1
"33604","virus_comp_1388_cycle_1_4",1
"33605","virus_comp_1388_cycle_1_5",1
"33606","virus_comp_1388_cycle_1_6",1
"33607","virus_comp_1388_cycle_1_7",1
"33608","virus_comp_1388_cycle_1_8",1
"33609","virus_comp_1388_cycle_1_9",1
"33610","virus_comp_13880_cycle_1_1",1
"33611","virus_comp_13893_cycle_1_1",1
"33612","virus_comp_13893_cycle_1_2",1
"33613","virus_comp_1391_cycle_1_11",1
"33614","virus_comp_1391_cycle_1_6",1
"33615","virus_comp_1391_cycle_1_9",1
"33616","virus_comp_1392_cycle_1_11",1
"33617","virus_comp_1392_cycle_1_13",1
"33618","virus_comp_1392_cycle_1_14",1
"33619","virus_comp_1392_cycle_1_16",1
"33620","virus_comp_1392_cycle_1_17",1
"33621","virus_comp_1392_cycle_1_6",1
"33622","virus_comp_1392_cycle_1_8",1
"33623","virus_comp_13923_cycle_1_1",1
"33624","virus_comp_13923_cycle_1_2",1
"33625","virus_comp_1393_cycle_1_7",1
"33626","virus_comp_13930_cycle_1_1",1
"33627","virus_comp_13934_cycle_1_1",1
"33628","virus_comp_13934_cycle_1_2",1
"33629","virus_comp_13934_cycle_1_3",1
"33630","virus_comp_13934_cycle_1_4",1
"33631","virus_comp_13964_cycle_1_1",1
"33632","virus_comp_13964_cycle_1_2",1
"33633","virus_comp_13964_cycle_1_3",1
"33634","virus_comp_13969_cycle_1_1",1
"33635","virus_comp_13980_cycle_1_2",1
"33636","virus_comp_13983_cycle_1_1",1
"33637","virus_comp_13983_cycle_1_2",1
"33638","virus_comp_13983_cycle_1_3",1
"33639","virus_comp_13989_cycle_1_1",1
"33640","virus_comp_13996_cycle_1_1",1
"33641","virus_comp_13996_cycle_1_2",1
"33642","virus_comp_1400_cycle_1_1",1
"33643","virus_comp_1400_cycle_1_12",1
"33644","virus_comp_1400_cycle_1_13",1
"33645","virus_comp_1400_cycle_1_14",1
"33646","virus_comp_1400_cycle_1_15",1
"33647","virus_comp_1400_cycle_1_16",1
"33648","virus_comp_1400_cycle_1_17",1
"33649","virus_comp_1400_cycle_1_18",1
"33650","virus_comp_1400_cycle_1_19",1
"33651","virus_comp_1400_cycle_1_20",1
"33652","virus_comp_1400_cycle_1_25",1
"33653","virus_comp_1400_cycle_1_3",1
"33654","virus_comp_1400_cycle_1_4",1
"33655","virus_comp_1400_cycle_1_5",1
"33656","virus_comp_1400_cycle_1_6",1
"33657","virus_comp_1400_cycle_1_7",1
"33658","virus_comp_1400_cycle_1_8",1
"33659","virus_comp_1400_cycle_1_9",1
"33660","virus_comp_14001_cycle_1_2",1
"33661","virus_comp_14010_cycle_1_1",1
"33662","virus_comp_14013_cycle_1_1",1
"33663","virus_comp_14013_cycle_1_2",1
"33664","virus_comp_14025_cycle_1_1",1
"33665","virus_comp_1403_cycle_1_10",1
"33666","virus_comp_1403_cycle_1_15",1
"33667","virus_comp_1403_cycle_1_16",1
"33668","virus_comp_1403_cycle_1_21",1
"33669","virus_comp_1403_cycle_1_22",1
"33670","virus_comp_1403_cycle_1_23",1
"33671","virus_comp_1403_cycle_1_7",1
"33672","virus_comp_1403_cycle_1_9",1
"33673","virus_comp_14039_cycle_1_1",1
"33674","virus_comp_1405_cycle_1_14",1
"33675","virus_comp_14058_cycle_1_1",1
"33676","virus_comp_1406_cycle_1_1",1
"33677","virus_comp_1406_cycle_1_10",1
"33678","virus_comp_1406_cycle_1_11",1
"33679","virus_comp_1406_cycle_1_12",1
"33680","virus_comp_1406_cycle_1_13",1
"33681","virus_comp_1406_cycle_1_14",1
"33682","virus_comp_1406_cycle_1_15",1
"33683","virus_comp_1406_cycle_1_16",1
"33684","virus_comp_1406_cycle_1_17",1
"33685","virus_comp_1406_cycle_1_2",1
"33686","virus_comp_1406_cycle_1_3",1
"33687","virus_comp_1406_cycle_1_4",1
"33688","virus_comp_1406_cycle_1_5",1
"33689","virus_comp_1406_cycle_1_6",1
"33690","virus_comp_1406_cycle_1_7",1
"33691","virus_comp_1406_cycle_1_8",1
"33692","virus_comp_1406_cycle_1_9",1
"33693","virus_comp_14067_cycle_1_1",1
"33694","virus_comp_1407_cycle_1_1",1
"33695","virus_comp_1407_cycle_1_10",1
"33696","virus_comp_1407_cycle_1_2",1
"33697","virus_comp_1407_cycle_1_3",1
"33698","virus_comp_1407_cycle_1_4",1
"33699","virus_comp_1407_cycle_1_5",1
"33700","virus_comp_1407_cycle_1_6",1
"33701","virus_comp_1407_cycle_1_7",1
"33702","virus_comp_1407_cycle_1_8",1
"33703","virus_comp_1407_cycle_1_9",1
"33704","virus_comp_14074_cycle_1_2",1
"33705","virus_comp_14076_cycle_1_1",1
"33706","virus_comp_14076_cycle_1_2",1
"33707","virus_comp_14076_cycle_1_3",1
"33708","virus_comp_14076_cycle_1_4",1
"33709","virus_comp_1408_cycle_1_1",1
"33710","virus_comp_1408_cycle_1_10",1
"33711","virus_comp_1408_cycle_1_11",1
"33712","virus_comp_1408_cycle_1_12",1
"33713","virus_comp_1408_cycle_1_13",1
"33714","virus_comp_1408_cycle_1_14",1
"33715","virus_comp_1408_cycle_1_15",1
"33716","virus_comp_1408_cycle_1_16",1
"33717","virus_comp_1408_cycle_1_17",1
"33718","virus_comp_1408_cycle_1_18",1
"33719","virus_comp_1408_cycle_1_19",1
"33720","virus_comp_1408_cycle_1_2",1
"33721","virus_comp_1408_cycle_1_20",1
"33722","virus_comp_1408_cycle_1_21",1
"33723","virus_comp_1408_cycle_1_22",1
"33724","virus_comp_1408_cycle_1_23",1
"33725","virus_comp_1408_cycle_1_3",1
"33726","virus_comp_1408_cycle_1_4",1
"33727","virus_comp_1408_cycle_1_5",1
"33728","virus_comp_1408_cycle_1_6",1
"33729","virus_comp_1408_cycle_1_7",1
"33730","virus_comp_1408_cycle_1_8",1
"33731","virus_comp_1408_cycle_1_9",1
"33732","virus_comp_1409_cycle_1_1",1
"33733","virus_comp_1409_cycle_1_10",1
"33734","virus_comp_1409_cycle_1_11",1
"33735","virus_comp_1409_cycle_1_12",1
"33736","virus_comp_1409_cycle_1_13",1
"33737","virus_comp_1409_cycle_1_14",1
"33738","virus_comp_1409_cycle_1_15",1
"33739","virus_comp_1409_cycle_1_16",1
"33740","virus_comp_1409_cycle_1_2",1
"33741","virus_comp_1409_cycle_1_3",1
"33742","virus_comp_1409_cycle_1_4",1
"33743","virus_comp_1409_cycle_1_5",1
"33744","virus_comp_1409_cycle_1_6",1
"33745","virus_comp_1409_cycle_1_7",1
"33746","virus_comp_1409_cycle_1_8",1
"33747","virus_comp_1409_cycle_1_9",1
"33748","virus_comp_14093_cycle_1_1",1
"33749","virus_comp_14093_cycle_1_2",1
"33750","virus_comp_1410_cycle_1_1",1
"33751","virus_comp_1410_cycle_1_2",1
"33752","virus_comp_1410_cycle_1_3",1
"33753","virus_comp_1410_cycle_1_4",1
"33754","virus_comp_1410_cycle_1_5",1
"33755","virus_comp_14112_cycle_1_2",1
"33756","virus_comp_1412_cycle_1_3",1
"33757","virus_comp_1412_cycle_1_4",1
"33758","virus_comp_14131_cycle_1_1",1
"33759","virus_comp_14131_cycle_1_2",1
"33760","virus_comp_14131_cycle_1_3",1
"33761","virus_comp_14136_cycle_1_1",1
"33762","virus_comp_14137_cycle_1_1",1
"33763","virus_comp_14137_cycle_1_2",1
"33764","virus_comp_14137_cycle_1_5",1
"33765","virus_comp_14143_cycle_1_1",1
"33766","virus_comp_1415_cycle_1_1",1
"33767","virus_comp_1415_cycle_1_3",1
"33768","virus_comp_1415_cycle_1_4",1
"33769","virus_comp_1415_cycle_1_6",1
"33770","virus_comp_14162_cycle_1_1",1
"33771","virus_comp_14166_cycle_1_1",1
"33772","virus_comp_14166_cycle_1_2",1
"33773","virus_comp_14166_cycle_1_3",1
"33774","virus_comp_14166_cycle_1_4",1
"33775","virus_comp_1417_cycle_1_11",1
"33776","virus_comp_1417_cycle_1_12",1
"33777","virus_comp_1417_cycle_1_13",1
"33778","virus_comp_1417_cycle_1_2",1
"33779","virus_comp_1417_cycle_1_3",1
"33780","virus_comp_1417_cycle_1_6",1
"33781","virus_comp_1417_cycle_1_7",1
"33782","virus_comp_1417_cycle_1_8",1
"33783","virus_comp_1417_cycle_1_9",1
"33784","virus_comp_14177_cycle_1_1",1
"33785","virus_comp_1420_cycle_1_10",1
"33786","virus_comp_1420_cycle_1_16",1
"33787","virus_comp_1420_cycle_1_7",1
"33788","virus_comp_14202_cycle_1_1",1
"33789","virus_comp_1421_cycle_1_1",1
"33790","virus_comp_1421_cycle_1_10",1
"33791","virus_comp_1421_cycle_1_11",1
"33792","virus_comp_1421_cycle_1_12",1
"33793","virus_comp_1421_cycle_1_2",1
"33794","virus_comp_1421_cycle_1_3",1
"33795","virus_comp_1421_cycle_1_4",1
"33796","virus_comp_1421_cycle_1_5",1
"33797","virus_comp_1421_cycle_1_6",1
"33798","virus_comp_1421_cycle_1_7",1
"33799","virus_comp_1421_cycle_1_8",1
"33800","virus_comp_1421_cycle_1_9",1
"33801","virus_comp_1422_cycle_1_10",1
"33802","virus_comp_1422_cycle_1_11",1
"33803","virus_comp_1422_cycle_1_13",1
"33804","virus_comp_1422_cycle_1_14",1
"33805","virus_comp_1422_cycle_1_15",1
"33806","virus_comp_1422_cycle_1_16",1
"33807","virus_comp_1422_cycle_1_17",1
"33808","virus_comp_1422_cycle_1_2",1
"33809","virus_comp_1422_cycle_1_20",1
"33810","virus_comp_1422_cycle_1_21",1
"33811","virus_comp_1422_cycle_1_3",1
"33812","virus_comp_1422_cycle_1_6",1
"33813","virus_comp_1422_cycle_1_7",1
"33814","virus_comp_1422_cycle_1_8",1
"33815","virus_comp_1423_cycle_1_4",1
"33816","virus_comp_1423_cycle_1_7",1
"33817","virus_comp_14247_cycle_1_1",1
"33818","virus_comp_1426_cycle_1_1",1
"33819","virus_comp_1426_cycle_1_15",1
"33820","virus_comp_1426_cycle_1_18",1
"33821","virus_comp_1426_cycle_1_25",1
"33822","virus_comp_14278_cycle_1_1",1
"33823","virus_comp_14278_cycle_1_3",1
"33824","virus_comp_14278_cycle_1_4",1
"33825","virus_comp_1428_cycle_1_1",1
"33826","virus_comp_1428_cycle_1_10",1
"33827","virus_comp_1428_cycle_1_11",1
"33828","virus_comp_1428_cycle_1_12",1
"33829","virus_comp_1428_cycle_1_16",1
"33830","virus_comp_1428_cycle_1_17",1
"33831","virus_comp_1428_cycle_1_2",1
"33832","virus_comp_1428_cycle_1_20",1
"33833","virus_comp_1428_cycle_1_3",1
"33834","virus_comp_1428_cycle_1_4",1
"33835","virus_comp_1428_cycle_1_5",1
"33836","virus_comp_1428_cycle_1_6",1
"33837","virus_comp_14283_cycle_1_1",1
"33838","virus_comp_14283_cycle_1_2",1
"33839","virus_comp_14288_cycle_1_4",1
"33840","virus_comp_14290_cycle_1_1",1
"33841","virus_comp_14297_cycle_1_2",1
"33842","virus_comp_14299_cycle_1_3",1
"33843","virus_comp_1430_cycle_1_2",1
"33844","virus_comp_1430_cycle_1_3",1
"33845","virus_comp_14319_cycle_1_1",1
"33846","virus_comp_14334_cycle_1_1",1
"33847","virus_comp_1434_cycle_1_2",1
"33848","virus_comp_1434_cycle_1_3",1
"33849","virus_comp_1434_cycle_1_4",1
"33850","virus_comp_1434_cycle_1_5",1
"33851","virus_comp_1434_cycle_1_6",1
"33852","virus_comp_1434_cycle_1_7",1
"33853","virus_comp_1434_cycle_1_8",1
"33854","virus_comp_14340_cycle_1_1",1
"33855","virus_comp_14340_cycle_1_2",1
"33856","virus_comp_14340_cycle_1_3",1
"33857","virus_comp_14342_cycle_1_1",1
"33858","virus_comp_14344_cycle_1_1",1
"33859","virus_comp_14344_cycle_1_2",1
"33860","virus_comp_14348_cycle_1_1",1
"33861","virus_comp_1435_cycle_1_1",1
"33862","virus_comp_1435_cycle_1_10",1
"33863","virus_comp_1435_cycle_1_11",1
"33864","virus_comp_1435_cycle_1_12",1
"33865","virus_comp_1435_cycle_1_13",1
"33866","virus_comp_1435_cycle_1_14",1
"33867","virus_comp_1435_cycle_1_18",1
"33868","virus_comp_1435_cycle_1_2",1
"33869","virus_comp_1435_cycle_1_3",1
"33870","virus_comp_1435_cycle_1_4",1
"33871","virus_comp_1435_cycle_1_5",1
"33872","virus_comp_1435_cycle_1_6",1
"33873","virus_comp_1435_cycle_1_7",1
"33874","virus_comp_1435_cycle_1_8",1
"33875","virus_comp_1435_cycle_1_9",1
"33876","virus_comp_1436_cycle_1_1",1
"33877","virus_comp_1436_cycle_1_11",1
"33878","virus_comp_1436_cycle_1_14",1
"33879","virus_comp_1436_cycle_1_16",1
"33880","virus_comp_1436_cycle_1_18",1
"33881","virus_comp_1436_cycle_1_19",1
"33882","virus_comp_1436_cycle_1_4",1
"33883","virus_comp_1436_cycle_1_5",1
"33884","virus_comp_1436_cycle_1_8",1
"33885","virus_comp_1436_cycle_1_9",1
"33886","virus_comp_14362_cycle_1_1",1
"33887","virus_comp_14362_cycle_1_2",1
"33888","virus_comp_14362_cycle_1_3",1
"33889","virus_comp_14370_cycle_1_2",1
"33890","virus_comp_14378_cycle_1_1",1
"33891","virus_comp_14378_cycle_1_2",1
"33892","virus_comp_1438_cycle_1_10",1
"33893","virus_comp_1438_cycle_1_11",1
"33894","virus_comp_1438_cycle_1_12",1
"33895","virus_comp_1438_cycle_1_13",1
"33896","virus_comp_1438_cycle_1_14",1
"33897","virus_comp_1438_cycle_1_15",1
"33898","virus_comp_1438_cycle_1_16",1
"33899","virus_comp_1438_cycle_1_3",1
"33900","virus_comp_1438_cycle_1_4",1
"33901","virus_comp_1438_cycle_1_5",1
"33902","virus_comp_1438_cycle_1_6",1
"33903","virus_comp_1438_cycle_1_8",1
"33904","virus_comp_1438_cycle_1_9",1
"33905","virus_comp_14392_cycle_1_1",1
"33906","virus_comp_14397_cycle_1_1",1
"33907","virus_comp_14410_cycle_1_1",1
"33908","virus_comp_14410_cycle_1_2",1
"33909","virus_comp_14432_cycle_1_1",1
"33910","virus_comp_14432_cycle_1_2",1
"33911","virus_comp_14432_cycle_1_3",1
"33912","virus_comp_1444_cycle_1_1",1
"33913","virus_comp_1444_cycle_1_10",1
"33914","virus_comp_1444_cycle_1_11",1
"33915","virus_comp_1444_cycle_1_12",1
"33916","virus_comp_1444_cycle_1_2",1
"33917","virus_comp_1444_cycle_1_3",1
"33918","virus_comp_1444_cycle_1_4",1
"33919","virus_comp_1444_cycle_1_5",1
"33920","virus_comp_1444_cycle_1_6",1
"33921","virus_comp_1444_cycle_1_7",1
"33922","virus_comp_1444_cycle_1_8",1
"33923","virus_comp_14441_cycle_1_1",1
"33924","virus_comp_1445_cycle_1_1",1
"33925","virus_comp_1445_cycle_1_10",1
"33926","virus_comp_1445_cycle_1_11",1
"33927","virus_comp_1445_cycle_1_15",1
"33928","virus_comp_1445_cycle_1_2",1
"33929","virus_comp_1445_cycle_1_3",1
"33930","virus_comp_1445_cycle_1_4",1
"33931","virus_comp_1445_cycle_1_6",1
"33932","virus_comp_1445_cycle_1_7",1
"33933","virus_comp_14461_cycle_1_3",1
"33934","virus_comp_1447_cycle_1_1",1
"33935","virus_comp_1447_cycle_1_10",1
"33936","virus_comp_1447_cycle_1_11",1
"33937","virus_comp_1447_cycle_1_12",1
"33938","virus_comp_1447_cycle_1_13",1
"33939","virus_comp_1447_cycle_1_14",1
"33940","virus_comp_1447_cycle_1_15",1
"33941","virus_comp_1447_cycle_1_16",1
"33942","virus_comp_1447_cycle_1_17",1
"33943","virus_comp_1447_cycle_1_18",1
"33944","virus_comp_1447_cycle_1_19",1
"33945","virus_comp_1447_cycle_1_2",1
"33946","virus_comp_1447_cycle_1_3",1
"33947","virus_comp_1447_cycle_1_4",1
"33948","virus_comp_1447_cycle_1_5",1
"33949","virus_comp_1447_cycle_1_6",1
"33950","virus_comp_1447_cycle_1_7",1
"33951","virus_comp_1447_cycle_1_8",1
"33952","virus_comp_1447_cycle_1_9",1
"33953","virus_comp_14475_cycle_1_3",1
"33954","virus_comp_1448_cycle_1_17",1
"33955","virus_comp_14489_cycle_1_1",1
"33956","virus_comp_14489_cycle_1_2",1
"33957","virus_comp_14489_cycle_1_3",1
"33958","virus_comp_1450_cycle_1_1",1
"33959","virus_comp_1450_cycle_1_3",1
"33960","virus_comp_1450_cycle_1_5",1
"33961","virus_comp_1450_cycle_1_6",1
"33962","virus_comp_1450_cycle_1_7",1
"33963","virus_comp_1450_cycle_1_8",1
"33964","virus_comp_14501_cycle_1_1",1
"33965","virus_comp_14501_cycle_1_2",1
"33966","virus_comp_14501_cycle_1_3",1
"33967","virus_comp_14504_cycle_1_1",1
"33968","virus_comp_14504_cycle_1_2",1
"33969","virus_comp_14507_cycle_1_1",1
"33970","virus_comp_14507_cycle_1_2",1
"33971","virus_comp_14507_cycle_1_3",1
"33972","virus_comp_1451_cycle_1_10",1
"33973","virus_comp_1451_cycle_1_11",1
"33974","virus_comp_1451_cycle_1_13",1
"33975","virus_comp_1451_cycle_1_14",1
"33976","virus_comp_1451_cycle_1_15",1
"33977","virus_comp_1451_cycle_1_16",1
"33978","virus_comp_1451_cycle_1_17",1
"33979","virus_comp_1451_cycle_1_18",1
"33980","virus_comp_1451_cycle_1_19",1
"33981","virus_comp_1451_cycle_1_2",1
"33982","virus_comp_1451_cycle_1_20",1
"33983","virus_comp_1451_cycle_1_21",1
"33984","virus_comp_1451_cycle_1_22",1
"33985","virus_comp_1451_cycle_1_23",1
"33986","virus_comp_1451_cycle_1_24",1
"33987","virus_comp_1451_cycle_1_25",1
"33988","virus_comp_1451_cycle_1_26",1
"33989","virus_comp_1451_cycle_1_3",1
"33990","virus_comp_1451_cycle_1_4",1
"33991","virus_comp_1451_cycle_1_5",1
"33992","virus_comp_1451_cycle_1_6",1
"33993","virus_comp_1451_cycle_1_7",1
"33994","virus_comp_1451_cycle_1_8",1
"33995","virus_comp_1451_cycle_1_9",1
"33996","virus_comp_14515_cycle_1_2",1
"33997","virus_comp_14516_cycle_1_1",1
"33998","virus_comp_14520_cycle_1_2",1
"33999","virus_comp_14523_cycle_1_1",1
"34000","virus_comp_14523_cycle_1_2",1
"34001","virus_comp_14523_cycle_1_3",1
"34002","virus_comp_14525_cycle_1_1",1
"34003","virus_comp_14525_cycle_1_2",1
"34004","virus_comp_14529_cycle_1_1",1
"34005","virus_comp_14529_cycle_1_2",1
"34006","virus_comp_14535_cycle_1_1",1
"34007","virus_comp_1455_cycle_1_12",1
"34008","virus_comp_1455_cycle_1_17",1
"34009","virus_comp_1455_cycle_1_24",1
"34010","virus_comp_1455_cycle_1_29",1
"34011","virus_comp_1455_cycle_1_31",1
"34012","virus_comp_1455_cycle_1_6",1
"34013","virus_comp_14555_cycle_1_1",1
"34014","virus_comp_14555_cycle_1_2",1
"34015","virus_comp_14567_cycle_1_2",1
"34016","virus_comp_14576_cycle_1_2",1
"34017","virus_comp_1458_cycle_1_1",1
"34018","virus_comp_1458_cycle_1_12",1
"34019","virus_comp_1458_cycle_1_13",1
"34020","virus_comp_1458_cycle_1_14",1
"34021","virus_comp_1458_cycle_1_15",1
"34022","virus_comp_1458_cycle_1_16",1
"34023","virus_comp_1458_cycle_1_4",1
"34024","virus_comp_1458_cycle_1_5",1
"34025","virus_comp_1458_cycle_1_6",1
"34026","virus_comp_1458_cycle_1_7",1
"34027","virus_comp_14581_cycle_1_3",1
"34028","virus_comp_1460_cycle_1_3",1
"34029","virus_comp_1460_cycle_1_5",1
"34030","virus_comp_1462_cycle_1_2",1
"34031","virus_comp_1462_cycle_1_4",1
"34032","virus_comp_14627_cycle_1_2",1
"34033","virus_comp_1464_cycle_1_3",1
"34034","virus_comp_1464_cycle_1_4",1
"34035","virus_comp_1464_cycle_1_5",1
"34036","virus_comp_1464_cycle_1_6",1
"34037","virus_comp_1465_cycle_1_1",1
"34038","virus_comp_1465_cycle_1_10",1
"34039","virus_comp_1465_cycle_1_11",1
"34040","virus_comp_1465_cycle_1_13",1
"34041","virus_comp_1465_cycle_1_16",1
"34042","virus_comp_1465_cycle_1_17",1
"34043","virus_comp_1465_cycle_1_18",1
"34044","virus_comp_1465_cycle_1_19",1
"34045","virus_comp_1465_cycle_1_2",1
"34046","virus_comp_1465_cycle_1_22",1
"34047","virus_comp_1465_cycle_1_4",1
"34048","virus_comp_14660_cycle_1_1",1
"34049","virus_comp_14660_cycle_1_2",1
"34050","virus_comp_14660_cycle_1_3",1
"34051","virus_comp_14676_cycle_1_1",1
"34052","virus_comp_1468_cycle_1_1",1
"34053","virus_comp_1468_cycle_1_10",1
"34054","virus_comp_1468_cycle_1_11",1
"34055","virus_comp_1468_cycle_1_12",1
"34056","virus_comp_1468_cycle_1_13",1
"34057","virus_comp_1468_cycle_1_14",1
"34058","virus_comp_1468_cycle_1_15",1
"34059","virus_comp_1468_cycle_1_17",1
"34060","virus_comp_1468_cycle_1_2",1
"34061","virus_comp_1468_cycle_1_20",1
"34062","virus_comp_1468_cycle_1_21",1
"34063","virus_comp_1468_cycle_1_3",1
"34064","virus_comp_1468_cycle_1_4",1
"34065","virus_comp_1468_cycle_1_5",1
"34066","virus_comp_1468_cycle_1_6",1
"34067","virus_comp_1468_cycle_1_7",1
"34068","virus_comp_1468_cycle_1_8",1
"34069","virus_comp_1468_cycle_1_9",1
"34070","virus_comp_1469_cycle_1_1",1
"34071","virus_comp_1469_cycle_1_10",1
"34072","virus_comp_1469_cycle_1_11",1
"34073","virus_comp_1469_cycle_1_12",1
"34074","virus_comp_1469_cycle_1_13",1
"34075","virus_comp_1469_cycle_1_14",1
"34076","virus_comp_1469_cycle_1_15",1
"34077","virus_comp_1469_cycle_1_16",1
"34078","virus_comp_1469_cycle_1_17",1
"34079","virus_comp_1469_cycle_1_2",1
"34080","virus_comp_1469_cycle_1_3",1
"34081","virus_comp_1469_cycle_1_4",1
"34082","virus_comp_1469_cycle_1_5",1
"34083","virus_comp_1469_cycle_1_7",1
"34084","virus_comp_1469_cycle_1_8",1
"34085","virus_comp_1470_cycle_1_11",1
"34086","virus_comp_1470_cycle_1_14",1
"34087","virus_comp_1470_cycle_1_15",1
"34088","virus_comp_1470_cycle_1_7",1
"34089","virus_comp_1470_cycle_1_8",1
"34090","virus_comp_1471_cycle_1_4",1
"34091","virus_comp_14710_cycle_1_2",1
"34092","virus_comp_14715_cycle_1_1",1
"34093","virus_comp_14715_cycle_1_2",1
"34094","virus_comp_1472_cycle_1_1",1
"34095","virus_comp_1472_cycle_1_2",1
"34096","virus_comp_1472_cycle_1_3",1
"34097","virus_comp_14727_cycle_1_4",1
"34098","virus_comp_14741_cycle_1_2",1
"34099","virus_comp_14755_cycle_1_1",1
"34100","virus_comp_14767_cycle_1_2",1
"34101","virus_comp_14775_cycle_1_1",1
"34102","virus_comp_14775_cycle_1_3",1
"34103","virus_comp_14792_cycle_1_1",1
"34104","virus_comp_14794_cycle_1_2",1
"34105","virus_comp_14799_cycle_1_1",1
"34106","virus_comp_14799_cycle_1_2",1
"34107","virus_comp_148_cycle_1_1",1
"34108","virus_comp_148_cycle_1_11",1
"34109","virus_comp_148_cycle_1_12",1
"34110","virus_comp_148_cycle_1_13",1
"34111","virus_comp_148_cycle_1_6",1
"34112","virus_comp_148_cycle_1_7",1
"34113","virus_comp_148_cycle_1_9",1
"34114","virus_comp_14802_cycle_1_1",1
"34115","virus_comp_14802_cycle_1_2",1
"34116","virus_comp_14802_cycle_1_3",1
"34117","virus_comp_14816_cycle_1_1",1
"34118","virus_comp_14816_cycle_1_3",1
"34119","virus_comp_14825_cycle_1_1",1
"34120","virus_comp_1483_cycle_1_1",1
"34121","virus_comp_1483_cycle_1_10",1
"34122","virus_comp_1483_cycle_1_12",1
"34123","virus_comp_1483_cycle_1_13",1
"34124","virus_comp_1483_cycle_1_2",1
"34125","virus_comp_1483_cycle_1_3",1
"34126","virus_comp_1483_cycle_1_4",1
"34127","virus_comp_1483_cycle_1_5",1
"34128","virus_comp_1483_cycle_1_6",1
"34129","virus_comp_1483_cycle_1_7",1
"34130","virus_comp_1483_cycle_1_8",1
"34131","virus_comp_14842_cycle_1_1",1
"34132","virus_comp_14846_cycle_1_1",1
"34133","virus_comp_14847_cycle_1_1",1
"34134","virus_comp_14847_cycle_1_2",1
"34135","virus_comp_1485_cycle_1_14",1
"34136","virus_comp_1485_cycle_1_19",1
"34137","virus_comp_1485_cycle_1_2",1
"34138","virus_comp_1485_cycle_1_3",1
"34139","virus_comp_1485_cycle_1_4",1
"34140","virus_comp_1485_cycle_1_6",1
"34141","virus_comp_1485_cycle_1_7",1
"34142","virus_comp_1485_cycle_1_8",1
"34143","virus_comp_14856_cycle_1_2",1
"34144","virus_comp_14859_cycle_1_1",1
"34145","virus_comp_1487_cycle_1_1",1
"34146","virus_comp_1487_cycle_1_10",1
"34147","virus_comp_1487_cycle_1_11",1
"34148","virus_comp_1487_cycle_1_2",1
"34149","virus_comp_1487_cycle_1_3",1
"34150","virus_comp_1487_cycle_1_4",1
"34151","virus_comp_1487_cycle_1_5",1
"34152","virus_comp_1487_cycle_1_6",1
"34153","virus_comp_1487_cycle_1_8",1
"34154","virus_comp_1487_cycle_1_9",1
"34155","virus_comp_14870_cycle_1_2",1
"34156","virus_comp_14870_cycle_1_3",1
"34157","virus_comp_14875_cycle_1_1",1
"34158","virus_comp_1488_cycle_1_10",1
"34159","virus_comp_1488_cycle_1_11",1
"34160","virus_comp_1488_cycle_1_16",1
"34161","virus_comp_1488_cycle_1_3",1
"34162","virus_comp_1488_cycle_1_5",1
"34163","virus_comp_1488_cycle_1_6",1
"34164","virus_comp_1488_cycle_1_9",1
"34165","virus_comp_14880_cycle_1_1",1
"34166","virus_comp_1491_cycle_1_1",1
"34167","virus_comp_1491_cycle_1_11",1
"34168","virus_comp_1491_cycle_1_13",1
"34169","virus_comp_1491_cycle_1_2",1
"34170","virus_comp_1491_cycle_1_3",1
"34171","virus_comp_1491_cycle_1_4",1
"34172","virus_comp_1491_cycle_1_5",1
"34173","virus_comp_1491_cycle_1_6",1
"34174","virus_comp_1491_cycle_1_7",1
"34175","virus_comp_1491_cycle_1_8",1
"34176","virus_comp_1491_cycle_1_9",1
"34177","virus_comp_1492_cycle_1_1",1
"34178","virus_comp_1492_cycle_1_15",1
"34179","virus_comp_1492_cycle_1_6",1
"34180","virus_comp_14921_cycle_1_1",1
"34181","virus_comp_14921_cycle_1_2",1
"34182","virus_comp_14924_cycle_1_1",1
"34183","virus_comp_14924_cycle_1_2",1
"34184","virus_comp_14924_cycle_1_3",1
"34185","virus_comp_14924_cycle_1_4",1
"34186","virus_comp_14924_cycle_1_5",1
"34187","virus_comp_1493_cycle_1_19",1
"34188","virus_comp_1493_cycle_1_4",1
"34189","virus_comp_1493_cycle_1_5",1
"34190","virus_comp_14932_cycle_1_1",1
"34191","virus_comp_14933_cycle_1_1",1
"34192","virus_comp_14933_cycle_1_2",1
"34193","virus_comp_14936_cycle_1_1",1
"34194","virus_comp_14936_cycle_1_2",1
"34195","virus_comp_14936_cycle_1_3",1
"34196","virus_comp_14941_cycle_1_2",1
"34197","virus_comp_14947_cycle_1_1",1
"34198","virus_comp_14947_cycle_1_2",1
"34199","virus_comp_14948_cycle_1_2",1
"34200","virus_comp_14956_cycle_1_1",1
"34201","virus_comp_14956_cycle_1_2",1
"34202","virus_comp_14958_cycle_1_2",1
"34203","virus_comp_1496_cycle_1_1",1
"34204","virus_comp_1496_cycle_1_2",1
"34205","virus_comp_1496_cycle_1_3",1
"34206","virus_comp_1496_cycle_1_4",1
"34207","virus_comp_1496_cycle_1_5",1
"34208","virus_comp_1496_cycle_1_6",1
"34209","virus_comp_1496_cycle_1_7",1
"34210","virus_comp_14979_cycle_1_1",1
"34211","virus_comp_14979_cycle_1_2",1
"34212","virus_comp_1499_cycle_1_3",1
"34213","virus_comp_1499_cycle_1_4",1
"34214","virus_comp_1499_cycle_1_5",1
"34215","virus_comp_1499_cycle_1_7",1
"34216","virus_comp_1499_cycle_1_8",1
"34217","virus_comp_14994_cycle_1_1",1
"34218","virus_comp_14994_cycle_1_2",1
"34219","virus_comp_14995_cycle_1_1",1
"34220","virus_comp_14995_cycle_1_2",1
"34221","virus_comp_150_cycle_1_109",1
"34222","virus_comp_150_cycle_1_110",1
"34223","virus_comp_150_cycle_1_111",1
"34224","virus_comp_150_cycle_1_169",1
"34225","virus_comp_150_cycle_1_17",1
"34226","virus_comp_150_cycle_1_22",1
"34227","virus_comp_150_cycle_1_92",1
"34228","virus_comp_15000_cycle_1_1",1
"34229","virus_comp_15000_cycle_1_2",1
"34230","virus_comp_15035_cycle_1_1",1
"34231","virus_comp_1504_cycle_1_1",1
"34232","virus_comp_1504_cycle_1_4",1
"34233","virus_comp_1504_cycle_1_5",1
"34234","virus_comp_15040_cycle_1_1",1
"34235","virus_comp_15042_cycle_1_1",1
"34236","virus_comp_15079_cycle_1_1",1
"34237","virus_comp_15084_cycle_1_1",1
"34238","virus_comp_15084_cycle_1_2",1
"34239","virus_comp_15092_cycle_1_1",1
"34240","virus_comp_15134_cycle_1_1",1
"34241","virus_comp_15134_cycle_1_2",1
"34242","virus_comp_1514_cycle_1_1",1
"34243","virus_comp_1514_cycle_1_11",1
"34244","virus_comp_1514_cycle_1_12",1
"34245","virus_comp_1514_cycle_1_2",1
"34246","virus_comp_1514_cycle_1_3",1
"34247","virus_comp_1514_cycle_1_4",1
"34248","virus_comp_1514_cycle_1_5",1
"34249","virus_comp_1514_cycle_1_6",1
"34250","virus_comp_1514_cycle_1_7",1
"34251","virus_comp_1514_cycle_1_8",1
"34252","virus_comp_1514_cycle_1_9",1
"34253","virus_comp_1516_cycle_1_5",1
"34254","virus_comp_1516_cycle_1_7",1
"34255","virus_comp_15163_cycle_1_1",1
"34256","virus_comp_1517_cycle_1_13",1
"34257","virus_comp_1517_cycle_1_14",1
"34258","virus_comp_1517_cycle_1_2",1
"34259","virus_comp_1518_cycle_1_10",1
"34260","virus_comp_1518_cycle_1_11",1
"34261","virus_comp_1518_cycle_1_15",1
"34262","virus_comp_1518_cycle_1_5",1
"34263","virus_comp_1518_cycle_1_6",1
"34264","virus_comp_1518_cycle_1_9",1
"34265","virus_comp_152_cycle_1_10",1
"34266","virus_comp_152_cycle_1_4",1
"34267","virus_comp_15200_cycle_1_1",1
"34268","virus_comp_15200_cycle_1_2",1
"34269","virus_comp_15200_cycle_1_3",1
"34270","virus_comp_15205_cycle_1_1",1
"34271","virus_comp_15209_cycle_1_1",1
"34272","virus_comp_15209_cycle_1_2",1
"34273","virus_comp_15209_cycle_1_3",1
"34274","virus_comp_15211_cycle_1_2",1
"34275","virus_comp_15211_cycle_1_3",1
"34276","virus_comp_15211_cycle_1_4",1
"34277","virus_comp_15212_cycle_1_2",1
"34278","virus_comp_15215_cycle_1_2",1
"34279","virus_comp_1522_cycle_1_1",1
"34280","virus_comp_1522_cycle_1_10",1
"34281","virus_comp_1522_cycle_1_11",1
"34282","virus_comp_1522_cycle_1_12",1
"34283","virus_comp_1522_cycle_1_13",1
"34284","virus_comp_1522_cycle_1_14",1
"34285","virus_comp_1522_cycle_1_2",1
"34286","virus_comp_1522_cycle_1_3",1
"34287","virus_comp_1522_cycle_1_5",1
"34288","virus_comp_1522_cycle_1_7",1
"34289","virus_comp_1522_cycle_1_8",1
"34290","virus_comp_1522_cycle_1_9",1
"34291","virus_comp_15222_cycle_1_2",1
"34292","virus_comp_15224_cycle_1_2",1
"34293","virus_comp_15224_cycle_1_3",1
"34294","virus_comp_1523_cycle_1_1",1
"34295","virus_comp_1523_cycle_1_12",1
"34296","virus_comp_1523_cycle_1_13",1
"34297","virus_comp_1523_cycle_1_14",1
"34298","virus_comp_1523_cycle_1_15",1
"34299","virus_comp_1523_cycle_1_16",1
"34300","virus_comp_1523_cycle_1_2",1
"34301","virus_comp_1523_cycle_1_20",1
"34302","virus_comp_1523_cycle_1_21",1
"34303","virus_comp_1523_cycle_1_8",1
"34304","virus_comp_1523_cycle_1_9",1
"34305","virus_comp_15236_cycle_1_1",1
"34306","virus_comp_15236_cycle_1_2",1
"34307","virus_comp_15237_cycle_1_2",1
"34308","virus_comp_1524_cycle_1_1",1
"34309","virus_comp_1524_cycle_1_11",1
"34310","virus_comp_1524_cycle_1_12",1
"34311","virus_comp_1524_cycle_1_13",1
"34312","virus_comp_1524_cycle_1_4",1
"34313","virus_comp_1524_cycle_1_5",1
"34314","virus_comp_1524_cycle_1_7",1
"34315","virus_comp_1524_cycle_1_8",1
"34316","virus_comp_1524_cycle_1_9",1
"34317","virus_comp_15240_cycle_1_1",1
"34318","virus_comp_15240_cycle_1_2",1
"34319","virus_comp_15240_cycle_1_3",1
"34320","virus_comp_15243_cycle_1_3",1
"34321","virus_comp_15245_cycle_1_1",1
"34322","virus_comp_1525_cycle_1_1",1
"34323","virus_comp_1525_cycle_1_10",1
"34324","virus_comp_1525_cycle_1_11",1
"34325","virus_comp_1525_cycle_1_12",1
"34326","virus_comp_1525_cycle_1_13",1
"34327","virus_comp_1525_cycle_1_14",1
"34328","virus_comp_1525_cycle_1_15",1
"34329","virus_comp_1525_cycle_1_2",1
"34330","virus_comp_1525_cycle_1_3",1
"34331","virus_comp_1525_cycle_1_4",1
"34332","virus_comp_1525_cycle_1_5",1
"34333","virus_comp_1525_cycle_1_6",1
"34334","virus_comp_1525_cycle_1_7",1
"34335","virus_comp_1525_cycle_1_8",1
"34336","virus_comp_1525_cycle_1_9",1
"34337","virus_comp_15259_cycle_1_1",1
"34338","virus_comp_15274_cycle_1_1",1
"34339","virus_comp_15274_cycle_1_2",1
"34340","virus_comp_1528_cycle_1_1",1
"34341","virus_comp_1528_cycle_1_5",1
"34342","virus_comp_15288_cycle_1_1",1
"34343","virus_comp_15298_cycle_1_3",1
"34344","virus_comp_15315_cycle_1_1",1
"34345","virus_comp_15315_cycle_1_2",1
"34346","virus_comp_15316_cycle_1_1",1
"34347","virus_comp_15316_cycle_1_2",1
"34348","virus_comp_15319_cycle_1_1",1
"34349","virus_comp_15319_cycle_1_2",1
"34350","virus_comp_15319_cycle_1_3",1
"34351","virus_comp_15335_cycle_1_1",1
"34352","virus_comp_15335_cycle_1_2",1
"34353","virus_comp_1535_cycle_1_2",1
"34354","virus_comp_15354_cycle_1_1",1
"34355","virus_comp_15354_cycle_1_2",1
"34356","virus_comp_1536_cycle_1_1",1
"34357","virus_comp_1536_cycle_1_10",1
"34358","virus_comp_1536_cycle_1_3",1
"34359","virus_comp_1536_cycle_1_4",1
"34360","virus_comp_1536_cycle_1_5",1
"34361","virus_comp_15363_cycle_1_1",1
"34362","virus_comp_15366_cycle_1_2",1
"34363","virus_comp_1537_cycle_1_12",1
"34364","virus_comp_1537_cycle_1_3",1
"34365","virus_comp_1537_cycle_1_9",1
"34366","virus_comp_15372_cycle_1_2",1
"34367","virus_comp_15372_cycle_1_3",1
"34368","virus_comp_15372_cycle_1_4",1
"34369","virus_comp_15376_cycle_1_1",1
"34370","virus_comp_15376_cycle_1_2",1
"34371","virus_comp_15376_cycle_1_3",1
"34372","virus_comp_15379_cycle_1_1",1
"34373","virus_comp_15379_cycle_1_2",1
"34374","virus_comp_1538_cycle_1_1",1
"34375","virus_comp_1538_cycle_1_10",1
"34376","virus_comp_1538_cycle_1_11",1
"34377","virus_comp_1538_cycle_1_12",1
"34378","virus_comp_1538_cycle_1_2",1
"34379","virus_comp_1538_cycle_1_3",1
"34380","virus_comp_1538_cycle_1_4",1
"34381","virus_comp_1538_cycle_1_5",1
"34382","virus_comp_1538_cycle_1_6",1
"34383","virus_comp_1538_cycle_1_7",1
"34384","virus_comp_1538_cycle_1_8",1
"34385","virus_comp_1538_cycle_1_9",1
"34386","virus_comp_15393_cycle_1_1",1
"34387","virus_comp_15393_cycle_1_2",1
"34388","virus_comp_15393_cycle_1_3",1
"34389","virus_comp_15395_cycle_1_1",1
"34390","virus_comp_15395_cycle_1_2",1
"34391","virus_comp_15408_cycle_1_1",1
"34392","virus_comp_15408_cycle_1_2",1
"34393","virus_comp_15408_cycle_1_3",1
"34394","virus_comp_1541_cycle_1_8",1
"34395","virus_comp_15418_cycle_1_2",1
"34396","virus_comp_1542_cycle_1_2",1
"34397","virus_comp_15437_cycle_1_1",1
"34398","virus_comp_15441_cycle_1_3",1
"34399","virus_comp_15447_cycle_1_1",1
"34400","virus_comp_15447_cycle_1_2",1
"34401","virus_comp_1546_cycle_1_1",1
"34402","virus_comp_1546_cycle_1_11",1
"34403","virus_comp_1546_cycle_1_12",1
"34404","virus_comp_1546_cycle_1_16",1
"34405","virus_comp_1546_cycle_1_2",1
"34406","virus_comp_1546_cycle_1_3",1
"34407","virus_comp_1546_cycle_1_5",1
"34408","virus_comp_1546_cycle_1_7",1
"34409","virus_comp_1547_cycle_1_1",1
"34410","virus_comp_15479_cycle_1_1",1
"34411","virus_comp_15488_cycle_1_1",1
"34412","virus_comp_15488_cycle_1_2",1
"34413","virus_comp_1549_cycle_1_1",1
"34414","virus_comp_1549_cycle_1_10",1
"34415","virus_comp_1549_cycle_1_11",1
"34416","virus_comp_1549_cycle_1_12",1
"34417","virus_comp_1549_cycle_1_14",1
"34418","virus_comp_1549_cycle_1_15",1
"34419","virus_comp_1549_cycle_1_2",1
"34420","virus_comp_1549_cycle_1_3",1
"34421","virus_comp_1549_cycle_1_4",1
"34422","virus_comp_1549_cycle_1_5",1
"34423","virus_comp_1549_cycle_1_7",1
"34424","virus_comp_1549_cycle_1_8",1
"34425","virus_comp_1549_cycle_1_9",1
"34426","virus_comp_15494_cycle_1_1",1
"34427","virus_comp_15494_cycle_1_2",1
"34428","virus_comp_155_cycle_2_66",1
"34429","virus_comp_15507_cycle_1_1",1
"34430","virus_comp_15510_cycle_1_1",1
"34431","virus_comp_15511_cycle_1_1",1
"34432","virus_comp_15511_cycle_1_2",1
"34433","virus_comp_15514_cycle_1_2",1
"34434","virus_comp_1552_cycle_1_14",1
"34435","virus_comp_1552_cycle_1_5",1
"34436","virus_comp_1552_cycle_1_8",1
"34437","virus_comp_15541_cycle_1_1",1
"34438","virus_comp_15541_cycle_1_2",1
"34439","virus_comp_15547_cycle_1_1",1
"34440","virus_comp_15548_cycle_1_1",1
"34441","virus_comp_15548_cycle_1_2",1
"34442","virus_comp_1556_cycle_1_1",1
"34443","virus_comp_15561_cycle_1_1",1
"34444","virus_comp_15561_cycle_1_2",1
"34445","virus_comp_15562_cycle_1_1",1
"34446","virus_comp_15562_cycle_1_2",1
"34447","virus_comp_15564_cycle_1_1",1
"34448","virus_comp_15564_cycle_1_4",1
"34449","virus_comp_15566_cycle_1_1",1
"34450","virus_comp_15566_cycle_1_2",1
"34451","virus_comp_15566_cycle_1_3",1
"34452","virus_comp_15574_cycle_1_2",1
"34453","virus_comp_15575_cycle_1_4",1
"34454","virus_comp_1559_cycle_1_3",1
"34455","virus_comp_1559_cycle_1_5",1
"34456","virus_comp_1559_cycle_1_6",1
"34457","virus_comp_15591_cycle_1_1",1
"34458","virus_comp_15591_cycle_1_2",1
"34459","virus_comp_15594_cycle_1_1",1
"34460","virus_comp_15594_cycle_1_2",1
"34461","virus_comp_1560_cycle_1_1",1
"34462","virus_comp_1560_cycle_1_10",1
"34463","virus_comp_1560_cycle_1_2",1
"34464","virus_comp_1560_cycle_1_5",1
"34465","virus_comp_1560_cycle_1_6",1
"34466","virus_comp_1560_cycle_1_9",1
"34467","virus_comp_15619_cycle_1_1",1
"34468","virus_comp_15619_cycle_1_2",1
"34469","virus_comp_1562_cycle_1_1",1
"34470","virus_comp_1562_cycle_1_12",1
"34471","virus_comp_1562_cycle_1_13",1
"34472","virus_comp_1562_cycle_1_14",1
"34473","virus_comp_1562_cycle_1_15",1
"34474","virus_comp_1562_cycle_1_16",1
"34475","virus_comp_1562_cycle_1_17",1
"34476","virus_comp_1562_cycle_1_18",1
"34477","virus_comp_1562_cycle_1_19",1
"34478","virus_comp_1562_cycle_1_2",1
"34479","virus_comp_1562_cycle_1_20",1
"34480","virus_comp_1562_cycle_1_21",1
"34481","virus_comp_1562_cycle_1_22",1
"34482","virus_comp_1562_cycle_1_23",1
"34483","virus_comp_1562_cycle_1_3",1
"34484","virus_comp_1562_cycle_1_4",1
"34485","virus_comp_1562_cycle_1_5",1
"34486","virus_comp_15625_cycle_1_1",1
"34487","virus_comp_1563_cycle_1_10",1
"34488","virus_comp_1563_cycle_1_11",1
"34489","virus_comp_1563_cycle_1_12",1
"34490","virus_comp_1563_cycle_1_13",1
"34491","virus_comp_1563_cycle_1_14",1
"34492","virus_comp_1563_cycle_1_15",1
"34493","virus_comp_1563_cycle_1_16",1
"34494","virus_comp_1563_cycle_1_19",1
"34495","virus_comp_1563_cycle_1_2",1
"34496","virus_comp_1563_cycle_1_20",1
"34497","virus_comp_1563_cycle_1_24",1
"34498","virus_comp_1563_cycle_1_25",1
"34499","virus_comp_1563_cycle_1_5",1
"34500","virus_comp_1563_cycle_1_6",1
"34501","virus_comp_1563_cycle_1_8",1
"34502","virus_comp_1563_cycle_1_9",1
"34503","virus_comp_15630_cycle_1_1",1
"34504","virus_comp_15630_cycle_1_3",1
"34505","virus_comp_15634_cycle_1_1",1
"34506","virus_comp_1564_cycle_1_1",1
"34507","virus_comp_1564_cycle_1_10",1
"34508","virus_comp_1564_cycle_1_2",1
"34509","virus_comp_1564_cycle_1_3",1
"34510","virus_comp_1564_cycle_1_4",1
"34511","virus_comp_1564_cycle_1_5",1
"34512","virus_comp_1564_cycle_1_6",1
"34513","virus_comp_1564_cycle_1_7",1
"34514","virus_comp_1564_cycle_1_8",1
"34515","virus_comp_1564_cycle_1_9",1
"34516","virus_comp_15641_cycle_1_1",1
"34517","virus_comp_15641_cycle_1_2",1
"34518","virus_comp_15652_cycle_1_1",1
"34519","virus_comp_15654_cycle_1_1",1
"34520","virus_comp_1566_cycle_1_10",1
"34521","virus_comp_1566_cycle_1_13",1
"34522","virus_comp_1566_cycle_1_14",1
"34523","virus_comp_1566_cycle_1_15",1
"34524","virus_comp_1566_cycle_1_16",1
"34525","virus_comp_1566_cycle_1_17",1
"34526","virus_comp_1566_cycle_1_18",1
"34527","virus_comp_1566_cycle_1_2",1
"34528","virus_comp_1566_cycle_1_20",1
"34529","virus_comp_1566_cycle_1_3",1
"34530","virus_comp_1566_cycle_1_4",1
"34531","virus_comp_15665_cycle_1_1",1
"34532","virus_comp_15665_cycle_1_2",1
"34533","virus_comp_1567_cycle_1_10",1
"34534","virus_comp_1567_cycle_1_11",1
"34535","virus_comp_1567_cycle_1_12",1
"34536","virus_comp_1567_cycle_1_14",1
"34537","virus_comp_1567_cycle_1_17",1
"34538","virus_comp_1567_cycle_1_19",1
"34539","virus_comp_1567_cycle_1_2",1
"34540","virus_comp_1567_cycle_1_20",1
"34541","virus_comp_1567_cycle_1_21",1
"34542","virus_comp_1567_cycle_1_3",1
"34543","virus_comp_1567_cycle_1_4",1
"34544","virus_comp_1567_cycle_1_6",1
"34545","virus_comp_1567_cycle_1_7",1
"34546","virus_comp_1567_cycle_1_8",1
"34547","virus_comp_15679_cycle_1_1",1
"34548","virus_comp_15679_cycle_1_2",1
"34549","virus_comp_15679_cycle_1_3",1
"34550","virus_comp_1568_cycle_1_1",1
"34551","virus_comp_1568_cycle_1_10",1
"34552","virus_comp_1568_cycle_1_11",1
"34553","virus_comp_1568_cycle_1_12",1
"34554","virus_comp_1568_cycle_1_13",1
"34555","virus_comp_1568_cycle_1_14",1
"34556","virus_comp_1568_cycle_1_2",1
"34557","virus_comp_1568_cycle_1_3",1
"34558","virus_comp_1568_cycle_1_4",1
"34559","virus_comp_1568_cycle_1_5",1
"34560","virus_comp_1568_cycle_1_6",1
"34561","virus_comp_1568_cycle_1_7",1
"34562","virus_comp_1568_cycle_1_8",1
"34563","virus_comp_1568_cycle_1_9",1
"34564","virus_comp_1569_cycle_1_1",1
"34565","virus_comp_1569_cycle_1_10",1
"34566","virus_comp_1569_cycle_1_11",1
"34567","virus_comp_1569_cycle_1_2",1
"34568","virus_comp_1569_cycle_1_3",1
"34569","virus_comp_1569_cycle_1_4",1
"34570","virus_comp_1569_cycle_1_5",1
"34571","virus_comp_1569_cycle_1_6",1
"34572","virus_comp_1569_cycle_1_7",1
"34573","virus_comp_1569_cycle_1_8",1
"34574","virus_comp_1569_cycle_1_9",1
"34575","virus_comp_15694_cycle_1_1",1
"34576","virus_comp_15694_cycle_1_2",1
"34577","virus_comp_1570_cycle_1_11",1
"34578","virus_comp_1571_cycle_1_1",1
"34579","virus_comp_1571_cycle_1_10",1
"34580","virus_comp_1571_cycle_1_11",1
"34581","virus_comp_1571_cycle_1_12",1
"34582","virus_comp_1571_cycle_1_15",1
"34583","virus_comp_1571_cycle_1_16",1
"34584","virus_comp_1571_cycle_1_17",1
"34585","virus_comp_1571_cycle_1_18",1
"34586","virus_comp_1571_cycle_1_19",1
"34587","virus_comp_1571_cycle_1_2",1
"34588","virus_comp_1571_cycle_1_3",1
"34589","virus_comp_1571_cycle_1_4",1
"34590","virus_comp_1571_cycle_1_5",1
"34591","virus_comp_1571_cycle_1_6",1
"34592","virus_comp_1571_cycle_1_7",1
"34593","virus_comp_1571_cycle_1_8",1
"34594","virus_comp_15731_cycle_1_1",1
"34595","virus_comp_15731_cycle_1_2",1
"34596","virus_comp_1574_cycle_1_1",1
"34597","virus_comp_1574_cycle_1_10",1
"34598","virus_comp_1574_cycle_1_11",1
"34599","virus_comp_1574_cycle_1_12",1
"34600","virus_comp_1574_cycle_1_13",1
"34601","virus_comp_1574_cycle_1_14",1
"34602","virus_comp_1574_cycle_1_15",1
"34603","virus_comp_1574_cycle_1_2",1
"34604","virus_comp_1574_cycle_1_3",1
"34605","virus_comp_1574_cycle_1_5",1
"34606","virus_comp_1574_cycle_1_6",1
"34607","virus_comp_1574_cycle_1_7",1
"34608","virus_comp_1574_cycle_1_8",1
"34609","virus_comp_1574_cycle_1_9",1
"34610","virus_comp_1575_cycle_1_1",1
"34611","virus_comp_1575_cycle_1_10",1
"34612","virus_comp_1575_cycle_1_11",1
"34613","virus_comp_1575_cycle_1_14",1
"34614","virus_comp_1575_cycle_1_15",1
"34615","virus_comp_1575_cycle_1_2",1
"34616","virus_comp_1575_cycle_1_3",1
"34617","virus_comp_1575_cycle_1_5",1
"34618","virus_comp_1575_cycle_1_7",1
"34619","virus_comp_1575_cycle_1_8",1
"34620","virus_comp_1575_cycle_1_9",1
"34621","virus_comp_15755_cycle_1_1",1
"34622","virus_comp_15770_cycle_1_1",1
"34623","virus_comp_15783_cycle_1_1",1
"34624","virus_comp_15795_cycle_1_1",1
"34625","virus_comp_15798_cycle_1_1",1
"34626","virus_comp_158_cycle_1_8",1
"34627","virus_comp_1580_cycle_1_2",1
"34628","virus_comp_1580_cycle_1_3",1
"34629","virus_comp_1580_cycle_1_8",1
"34630","virus_comp_1581_cycle_1_5",1
"34631","virus_comp_15810_cycle_1_4",1
"34632","virus_comp_15822_cycle_1_1",1
"34633","virus_comp_15822_cycle_1_2",1
"34634","virus_comp_15822_cycle_1_3",1
"34635","virus_comp_15826_cycle_1_1",1
"34636","virus_comp_15826_cycle_1_2",1
"34637","virus_comp_1583_cycle_1_1",1
"34638","virus_comp_15838_cycle_1_1",1
"34639","virus_comp_1584_cycle_1_10",1
"34640","virus_comp_1584_cycle_1_11",1
"34641","virus_comp_1584_cycle_1_12",1
"34642","virus_comp_1584_cycle_1_13",1
"34643","virus_comp_1584_cycle_1_15",1
"34644","virus_comp_1584_cycle_1_16",1
"34645","virus_comp_1584_cycle_1_5",1
"34646","virus_comp_1584_cycle_1_6",1
"34647","virus_comp_1584_cycle_1_8",1
"34648","virus_comp_1584_cycle_1_9",1
"34649","virus_comp_15854_cycle_1_2",1
"34650","virus_comp_15854_cycle_1_3",1
"34651","virus_comp_15859_cycle_1_1",1
"34652","virus_comp_1586_cycle_1_1",1
"34653","virus_comp_1586_cycle_1_10",1
"34654","virus_comp_1586_cycle_1_11",1
"34655","virus_comp_1586_cycle_1_2",1
"34656","virus_comp_1586_cycle_1_3",1
"34657","virus_comp_1586_cycle_1_4",1
"34658","virus_comp_1586_cycle_1_5",1
"34659","virus_comp_1586_cycle_1_6",1
"34660","virus_comp_1586_cycle_1_7",1
"34661","virus_comp_1586_cycle_1_8",1
"34662","virus_comp_1586_cycle_1_9",1
"34663","virus_comp_15861_cycle_1_1",1
"34664","virus_comp_15861_cycle_1_2",1
"34665","virus_comp_15862_cycle_1_1",1
"34666","virus_comp_15879_cycle_1_1",1
"34667","virus_comp_15879_cycle_1_2",1
"34668","virus_comp_15879_cycle_1_3",1
"34669","virus_comp_1588_cycle_1_1",1
"34670","virus_comp_1588_cycle_1_10",1
"34671","virus_comp_1588_cycle_1_11",1
"34672","virus_comp_1588_cycle_1_2",1
"34673","virus_comp_1588_cycle_1_3",1
"34674","virus_comp_1588_cycle_1_4",1
"34675","virus_comp_1588_cycle_1_5",1
"34676","virus_comp_1588_cycle_1_6",1
"34677","virus_comp_1588_cycle_1_7",1
"34678","virus_comp_1588_cycle_1_8",1
"34679","virus_comp_1588_cycle_1_9",1
"34680","virus_comp_15883_cycle_1_2",1
"34681","virus_comp_15883_cycle_1_3",1
"34682","virus_comp_15891_cycle_1_1",1
"34683","virus_comp_15896_cycle_1_2",1
"34684","virus_comp_1592_cycle_1_1",1
"34685","virus_comp_1592_cycle_1_13",1
"34686","virus_comp_1592_cycle_1_14",1
"34687","virus_comp_1592_cycle_1_15",1
"34688","virus_comp_1592_cycle_1_22",1
"34689","virus_comp_1592_cycle_1_4",1
"34690","virus_comp_1593_cycle_1_10",1
"34691","virus_comp_1593_cycle_1_11",1
"34692","virus_comp_1593_cycle_1_13",1
"34693","virus_comp_1593_cycle_1_14",1
"34694","virus_comp_1593_cycle_1_16",1
"34695","virus_comp_1593_cycle_1_18",1
"34696","virus_comp_1593_cycle_1_19",1
"34697","virus_comp_1593_cycle_1_21",1
"34698","virus_comp_1593_cycle_1_22",1
"34699","virus_comp_1593_cycle_1_23",1
"34700","virus_comp_1593_cycle_1_3",1
"34701","virus_comp_1593_cycle_1_4",1
"34702","virus_comp_1593_cycle_1_7",1
"34703","virus_comp_1593_cycle_1_8",1
"34704","virus_comp_1593_cycle_1_9",1
"34705","virus_comp_15940_cycle_1_1",1
"34706","virus_comp_15942_cycle_1_1",1
"34707","virus_comp_15942_cycle_1_2",1
"34708","virus_comp_15942_cycle_1_3",1
"34709","virus_comp_15951_cycle_1_1",1
"34710","virus_comp_15956_cycle_1_2",1
"34711","virus_comp_1597_cycle_1_2",1
"34712","virus_comp_1597_cycle_1_8",1
"34713","virus_comp_1598_cycle_1_1",1
"34714","virus_comp_1598_cycle_1_10",1
"34715","virus_comp_1598_cycle_1_11",1
"34716","virus_comp_1598_cycle_1_12",1
"34717","virus_comp_1598_cycle_1_13",1
"34718","virus_comp_1598_cycle_1_2",1
"34719","virus_comp_1598_cycle_1_3",1
"34720","virus_comp_1598_cycle_1_4",1
"34721","virus_comp_1598_cycle_1_5",1
"34722","virus_comp_1598_cycle_1_6",1
"34723","virus_comp_1598_cycle_1_7",1
"34724","virus_comp_1598_cycle_1_8",1
"34725","virus_comp_1598_cycle_1_9",1
"34726","virus_comp_15983_cycle_1_1",1
"34727","virus_comp_15996_cycle_1_1",1
"34728","virus_comp_15996_cycle_1_2",1
"34729","virus_comp_15997_cycle_1_1",1
"34730","virus_comp_1600_cycle_1_10",1
"34731","virus_comp_1600_cycle_1_14",1
"34732","virus_comp_1600_cycle_1_9",1
"34733","virus_comp_1601_cycle_1_1",1
"34734","virus_comp_1601_cycle_1_5",1
"34735","virus_comp_16029_cycle_1_2",1
"34736","virus_comp_16031_cycle_1_1",1
"34737","virus_comp_16031_cycle_1_3",1
"34738","virus_comp_16036_cycle_1_1",1
"34739","virus_comp_1604_cycle_1_1",1
"34740","virus_comp_1604_cycle_1_10",1
"34741","virus_comp_1604_cycle_1_2",1
"34742","virus_comp_1604_cycle_1_7",1
"34743","virus_comp_1604_cycle_1_9",1
"34744","virus_comp_16046_cycle_1_1",1
"34745","virus_comp_16046_cycle_1_2",1
"34746","virus_comp_16052_cycle_1_1",1
"34747","virus_comp_16052_cycle_1_2",1
"34748","virus_comp_16068_cycle_1_3",1
"34749","virus_comp_1607_cycle_1_1",1
"34750","virus_comp_1607_cycle_1_10",1
"34751","virus_comp_1607_cycle_1_11",1
"34752","virus_comp_1607_cycle_1_12",1
"34753","virus_comp_1607_cycle_1_13",1
"34754","virus_comp_1607_cycle_1_14",1
"34755","virus_comp_1607_cycle_1_15",1
"34756","virus_comp_1607_cycle_1_16",1
"34757","virus_comp_1607_cycle_1_17",1
"34758","virus_comp_1607_cycle_1_18",1
"34759","virus_comp_1607_cycle_1_19",1
"34760","virus_comp_1607_cycle_1_2",1
"34761","virus_comp_1607_cycle_1_3",1
"34762","virus_comp_1607_cycle_1_4",1
"34763","virus_comp_1607_cycle_1_5",1
"34764","virus_comp_1607_cycle_1_6",1
"34765","virus_comp_1607_cycle_1_7",1
"34766","virus_comp_1607_cycle_1_8",1
"34767","virus_comp_1607_cycle_1_9",1
"34768","virus_comp_16077_cycle_1_1",1
"34769","virus_comp_16078_cycle_1_1",1
"34770","virus_comp_16081_cycle_1_1",1
"34771","virus_comp_1611_cycle_1_10",1
"34772","virus_comp_1611_cycle_1_11",1
"34773","virus_comp_1611_cycle_1_16",1
"34774","virus_comp_1611_cycle_1_20",1
"34775","virus_comp_1611_cycle_1_21",1
"34776","virus_comp_1611_cycle_1_22",1
"34777","virus_comp_1611_cycle_1_3",1
"34778","virus_comp_1611_cycle_1_4",1
"34779","virus_comp_1611_cycle_1_5",1
"34780","virus_comp_1611_cycle_1_6",1
"34781","virus_comp_16112_cycle_1_1",1
"34782","virus_comp_16114_cycle_1_1",1
"34783","virus_comp_16114_cycle_1_2",1
"34784","virus_comp_16118_cycle_1_1",1
"34785","virus_comp_1612_cycle_1_10",1
"34786","virus_comp_1612_cycle_1_11",1
"34787","virus_comp_1612_cycle_1_2",1
"34788","virus_comp_1612_cycle_1_3",1
"34789","virus_comp_1612_cycle_1_4",1
"34790","virus_comp_1612_cycle_1_5",1
"34791","virus_comp_1612_cycle_1_7",1
"34792","virus_comp_1612_cycle_1_8",1
"34793","virus_comp_1612_cycle_1_9",1
"34794","virus_comp_16132_cycle_1_1",1
"34795","virus_comp_16141_cycle_1_1",1
"34796","virus_comp_1616_cycle_1_4",1
"34797","virus_comp_1616_cycle_1_5",1
"34798","virus_comp_1616_cycle_1_8",1
"34799","virus_comp_16167_cycle_1_1",1
"34800","virus_comp_16167_cycle_1_3",1
"34801","virus_comp_1617_cycle_1_1",1
"34802","virus_comp_1617_cycle_1_6",1
"34803","virus_comp_1617_cycle_1_7",1
"34804","virus_comp_16173_cycle_1_1",1
"34805","virus_comp_16179_cycle_1_1",1
"34806","virus_comp_1618_cycle_1_3",1
"34807","virus_comp_1618_cycle_1_4",1
"34808","virus_comp_1618_cycle_1_5",1
"34809","virus_comp_16190_cycle_1_1",1
"34810","virus_comp_16193_cycle_1_2",1
"34811","virus_comp_16193_cycle_1_3",1
"34812","virus_comp_16201_cycle_1_1",1
"34813","virus_comp_16216_cycle_1_1",1
"34814","virus_comp_1622_cycle_1_1",1
"34815","virus_comp_1622_cycle_1_14",1
"34816","virus_comp_1622_cycle_1_16",1
"34817","virus_comp_1622_cycle_1_17",1
"34818","virus_comp_1622_cycle_1_18",1
"34819","virus_comp_1622_cycle_1_19",1
"34820","virus_comp_1622_cycle_1_2",1
"34821","virus_comp_1622_cycle_1_20",1
"34822","virus_comp_1622_cycle_1_5",1
"34823","virus_comp_16232_cycle_1_1",1
"34824","virus_comp_16232_cycle_1_2",1
"34825","virus_comp_16235_cycle_1_1",1
"34826","virus_comp_16239_cycle_1_1",1
"34827","virus_comp_16239_cycle_1_2",1
"34828","virus_comp_16239_cycle_1_3",1
"34829","virus_comp_16243_cycle_1_1",1
"34830","virus_comp_16243_cycle_1_2",1
"34831","virus_comp_16246_cycle_1_1",1
"34832","virus_comp_16248_cycle_1_2",1
"34833","virus_comp_16248_cycle_1_3",1
"34834","virus_comp_16248_cycle_1_4",1
"34835","virus_comp_1626_cycle_1_4",1
"34836","virus_comp_16280_cycle_1_1",1
"34837","virus_comp_16280_cycle_1_2",1
"34838","virus_comp_16294_cycle_1_1",1
"34839","virus_comp_16306_cycle_1_1",1
"34840","virus_comp_16306_cycle_1_2",1
"34841","virus_comp_16306_cycle_1_3",1
"34842","virus_comp_16312_cycle_1_1",1
"34843","virus_comp_16312_cycle_1_2",1
"34844","virus_comp_16319_cycle_1_1",1
"34845","virus_comp_16329_cycle_1_1",1
"34846","virus_comp_1634_cycle_1_1",1
"34847","virus_comp_1634_cycle_1_10",1
"34848","virus_comp_1634_cycle_1_11",1
"34849","virus_comp_1634_cycle_1_2",1
"34850","virus_comp_1634_cycle_1_5",1
"34851","virus_comp_1634_cycle_1_6",1
"34852","virus_comp_1634_cycle_1_7",1
"34853","virus_comp_1634_cycle_1_8",1
"34854","virus_comp_1634_cycle_1_9",1
"34855","virus_comp_16349_cycle_1_1",1
"34856","virus_comp_1635_cycle_1_1",1
"34857","virus_comp_1635_cycle_1_10",1
"34858","virus_comp_1635_cycle_1_11",1
"34859","virus_comp_1635_cycle_1_12",1
"34860","virus_comp_1635_cycle_1_13",1
"34861","virus_comp_1635_cycle_1_2",1
"34862","virus_comp_1635_cycle_1_3",1
"34863","virus_comp_1635_cycle_1_4",1
"34864","virus_comp_1635_cycle_1_5",1
"34865","virus_comp_1635_cycle_1_6",1
"34866","virus_comp_1635_cycle_1_7",1
"34867","virus_comp_1635_cycle_1_8",1
"34868","virus_comp_1635_cycle_1_9",1
"34869","virus_comp_16350_cycle_1_2",1
"34870","virus_comp_16355_cycle_1_1",1
"34871","virus_comp_16373_cycle_1_3",1
"34872","virus_comp_1638_cycle_1_1",1
"34873","virus_comp_16399_cycle_1_1",1
"34874","virus_comp_1640_cycle_1_13",1
"34875","virus_comp_1640_cycle_1_4",1
"34876","virus_comp_1641_cycle_1_12",1
"34877","virus_comp_1641_cycle_1_14",1
"34878","virus_comp_1641_cycle_1_2",1
"34879","virus_comp_1642_cycle_1_3",1
"34880","virus_comp_1642_cycle_1_4",1
"34881","virus_comp_1644_cycle_1_7",1
"34882","virus_comp_1645_cycle_1_1",1
"34883","virus_comp_1645_cycle_1_10",1
"34884","virus_comp_1645_cycle_1_2",1
"34885","virus_comp_1645_cycle_1_3",1
"34886","virus_comp_1645_cycle_1_4",1
"34887","virus_comp_1645_cycle_1_5",1
"34888","virus_comp_1645_cycle_1_6",1
"34889","virus_comp_1645_cycle_1_7",1
"34890","virus_comp_1645_cycle_1_8",1
"34891","virus_comp_1645_cycle_1_9",1
"34892","virus_comp_16454_cycle_1_3",1
"34893","virus_comp_1646_cycle_1_1",1
"34894","virus_comp_1646_cycle_1_10",1
"34895","virus_comp_1646_cycle_1_11",1
"34896","virus_comp_1646_cycle_1_12",1
"34897","virus_comp_1646_cycle_1_13",1
"34898","virus_comp_1646_cycle_1_14",1
"34899","virus_comp_1646_cycle_1_15",1
"34900","virus_comp_1646_cycle_1_16",1
"34901","virus_comp_1646_cycle_1_17",1
"34902","virus_comp_1646_cycle_1_18",1
"34903","virus_comp_1646_cycle_1_19",1
"34904","virus_comp_1646_cycle_1_2",1
"34905","virus_comp_1646_cycle_1_20",1
"34906","virus_comp_1646_cycle_1_21",1
"34907","virus_comp_1646_cycle_1_3",1
"34908","virus_comp_1646_cycle_1_4",1
"34909","virus_comp_1646_cycle_1_5",1
"34910","virus_comp_1646_cycle_1_6",1
"34911","virus_comp_1646_cycle_1_7",1
"34912","virus_comp_1646_cycle_1_8",1
"34913","virus_comp_1646_cycle_1_9",1
"34914","virus_comp_16464_cycle_1_1",1
"34915","virus_comp_16468_cycle_1_2",1
"34916","virus_comp_1648_cycle_1_1",1
"34917","virus_comp_1648_cycle_1_10",1
"34918","virus_comp_1648_cycle_1_11",1
"34919","virus_comp_1648_cycle_1_12",1
"34920","virus_comp_1648_cycle_1_13",1
"34921","virus_comp_1648_cycle_1_14",1
"34922","virus_comp_1648_cycle_1_15",1
"34923","virus_comp_1648_cycle_1_16",1
"34924","virus_comp_1648_cycle_1_17",1
"34925","virus_comp_1648_cycle_1_18",1
"34926","virus_comp_1648_cycle_1_19",1
"34927","virus_comp_1648_cycle_1_2",1
"34928","virus_comp_1648_cycle_1_20",1
"34929","virus_comp_1648_cycle_1_4",1
"34930","virus_comp_1648_cycle_1_5",1
"34931","virus_comp_1648_cycle_1_6",1
"34932","virus_comp_1648_cycle_1_7",1
"34933","virus_comp_1648_cycle_1_8",1
"34934","virus_comp_1648_cycle_1_9",1
"34935","virus_comp_16481_cycle_1_1",1
"34936","virus_comp_16481_cycle_1_2",1
"34937","virus_comp_16493_cycle_1_1",1
"34938","virus_comp_1651_cycle_1_1",1
"34939","virus_comp_1651_cycle_1_2",1
"34940","virus_comp_1651_cycle_1_3",1
"34941","virus_comp_1651_cycle_1_5",1
"34942","virus_comp_16524_cycle_1_1",1
"34943","virus_comp_16534_cycle_1_4",1
"34944","virus_comp_1654_cycle_1_1",1
"34945","virus_comp_1654_cycle_1_10",1
"34946","virus_comp_1654_cycle_1_11",1
"34947","virus_comp_1654_cycle_1_12",1
"34948","virus_comp_1654_cycle_1_13",1
"34949","virus_comp_1654_cycle_1_14",1
"34950","virus_comp_1654_cycle_1_15",1
"34951","virus_comp_1654_cycle_1_2",1
"34952","virus_comp_1654_cycle_1_3",1
"34953","virus_comp_1654_cycle_1_4",1
"34954","virus_comp_1654_cycle_1_5",1
"34955","virus_comp_1654_cycle_1_6",1
"34956","virus_comp_1654_cycle_1_7",1
"34957","virus_comp_1654_cycle_1_8",1
"34958","virus_comp_1654_cycle_1_9",1
"34959","virus_comp_16550_cycle_1_1",1
"34960","virus_comp_16550_cycle_1_2",1
"34961","virus_comp_16564_cycle_1_1",1
"34962","virus_comp_16564_cycle_1_2",1
"34963","virus_comp_16580_cycle_1_1",1
"34964","virus_comp_16580_cycle_1_2",1
"34965","virus_comp_16588_cycle_1_1",1
"34966","virus_comp_16588_cycle_1_2",1
"34967","virus_comp_16593_cycle_1_1",1
"34968","virus_comp_16594_cycle_1_1",1
"34969","virus_comp_16594_cycle_1_2",1
"34970","virus_comp_16603_cycle_1_1",1
"34971","virus_comp_1661_cycle_1_1",1
"34972","virus_comp_16613_cycle_1_2",1
"34973","virus_comp_16613_cycle_1_3",1
"34974","virus_comp_1662_cycle_1_1",1
"34975","virus_comp_16628_cycle_1_1",1
"34976","virus_comp_16628_cycle_1_2",1
"34977","virus_comp_16628_cycle_1_3",1
"34978","virus_comp_16630_cycle_1_1",1
"34979","virus_comp_16634_cycle_1_2",1
"34980","virus_comp_16636_cycle_1_1",1
"34981","virus_comp_16636_cycle_1_2",1
"34982","virus_comp_16637_cycle_1_1",1
"34983","virus_comp_16637_cycle_1_2",1
"34984","virus_comp_16637_cycle_1_3",1
"34985","virus_comp_16639_cycle_1_1",1
"34986","virus_comp_16642_cycle_1_1",1
"34987","virus_comp_16647_cycle_1_1",1
"34988","virus_comp_16647_cycle_1_2",1
"34989","virus_comp_1665_cycle_1_7",1
"34990","virus_comp_16651_cycle_1_1",1
"34991","virus_comp_16674_cycle_1_1",1
"34992","virus_comp_16674_cycle_1_2",1
"34993","virus_comp_16678_cycle_1_1",1
"34994","virus_comp_16678_cycle_1_2",1
"34995","virus_comp_16678_cycle_1_3",1
"34996","virus_comp_16689_cycle_1_1",1
"34997","virus_comp_16689_cycle_1_2",1
"34998","virus_comp_1669_cycle_1_1",1
"34999","virus_comp_1669_cycle_1_10",1
"35000","virus_comp_1669_cycle_1_11",1
"35001","virus_comp_1669_cycle_1_12",1
"35002","virus_comp_1669_cycle_1_13",1
"35003","virus_comp_1669_cycle_1_2",1
"35004","virus_comp_1669_cycle_1_3",1
"35005","virus_comp_1669_cycle_1_4",1
"35006","virus_comp_1669_cycle_1_5",1
"35007","virus_comp_1669_cycle_1_6",1
"35008","virus_comp_1669_cycle_1_7",1
"35009","virus_comp_1669_cycle_1_8",1
"35010","virus_comp_1669_cycle_1_9",1
"35011","virus_comp_16691_cycle_1_3",1
"35012","virus_comp_16701_cycle_1_1",1
"35013","virus_comp_16704_cycle_1_1",1
"35014","virus_comp_16704_cycle_1_3",1
"35015","virus_comp_16715_cycle_1_1",1
"35016","virus_comp_16720_cycle_1_1",1
"35017","virus_comp_16720_cycle_1_2",1
"35018","virus_comp_16721_cycle_1_1",1
"35019","virus_comp_16721_cycle_1_2",1
"35020","virus_comp_16724_cycle_1_1",1
"35021","virus_comp_16724_cycle_1_3",1
"35022","virus_comp_1673_cycle_1_1",1
"35023","virus_comp_1673_cycle_1_12",1
"35024","virus_comp_1673_cycle_1_14",1
"35025","virus_comp_1673_cycle_1_3",1
"35026","virus_comp_1673_cycle_1_4",1
"35027","virus_comp_1673_cycle_1_6",1
"35028","virus_comp_1673_cycle_1_7",1
"35029","virus_comp_1673_cycle_1_8",1
"35030","virus_comp_1673_cycle_1_9",1
"35031","virus_comp_16743_cycle_1_1",1
"35032","virus_comp_16744_cycle_1_1",1
"35033","virus_comp_16749_cycle_1_2",1
"35034","virus_comp_16756_cycle_1_3",1
"35035","virus_comp_1676_cycle_1_1",1
"35036","virus_comp_1676_cycle_1_14",1
"35037","virus_comp_1676_cycle_1_8",1
"35038","virus_comp_16769_cycle_1_2",1
"35039","virus_comp_1677_cycle_1_1",1
"35040","virus_comp_1677_cycle_1_10",1
"35041","virus_comp_1677_cycle_1_11",1
"35042","virus_comp_1677_cycle_1_12",1
"35043","virus_comp_1677_cycle_1_13",1
"35044","virus_comp_1677_cycle_1_14",1
"35045","virus_comp_1677_cycle_1_15",1
"35046","virus_comp_1677_cycle_1_2",1
"35047","virus_comp_1677_cycle_1_3",1
"35048","virus_comp_1677_cycle_1_4",1
"35049","virus_comp_1677_cycle_1_5",1
"35050","virus_comp_1677_cycle_1_6",1
"35051","virus_comp_1677_cycle_1_7",1
"35052","virus_comp_1677_cycle_1_8",1
"35053","virus_comp_1677_cycle_1_9",1
"35054","virus_comp_16774_cycle_1_1",1
"35055","virus_comp_16792_cycle_1_2",1
"35056","virus_comp_16798_cycle_1_1",1
"35057","virus_comp_16801_cycle_1_1",1
"35058","virus_comp_16801_cycle_1_2",1
"35059","virus_comp_1682_cycle_1_1",1
"35060","virus_comp_1682_cycle_1_11",1
"35061","virus_comp_1682_cycle_1_13",1
"35062","virus_comp_1682_cycle_1_14",1
"35063","virus_comp_1682_cycle_1_3",1
"35064","virus_comp_1682_cycle_1_4",1
"35065","virus_comp_1682_cycle_1_7",1
"35066","virus_comp_1682_cycle_1_8",1
"35067","virus_comp_1683_cycle_1_1",1
"35068","virus_comp_1683_cycle_1_10",1
"35069","virus_comp_1683_cycle_1_11",1
"35070","virus_comp_1683_cycle_1_12",1
"35071","virus_comp_1683_cycle_1_13",1
"35072","virus_comp_1683_cycle_1_14",1
"35073","virus_comp_1683_cycle_1_15",1
"35074","virus_comp_1683_cycle_1_16",1
"35075","virus_comp_1683_cycle_1_2",1
"35076","virus_comp_1683_cycle_1_3",1
"35077","virus_comp_1683_cycle_1_4",1
"35078","virus_comp_1683_cycle_1_5",1
"35079","virus_comp_1683_cycle_1_6",1
"35080","virus_comp_1683_cycle_1_7",1
"35081","virus_comp_1683_cycle_1_8",1
"35082","virus_comp_1683_cycle_1_9",1
"35083","virus_comp_16832_cycle_1_2",1
"35084","virus_comp_16832_cycle_1_3",1
"35085","virus_comp_16836_cycle_1_1",1
"35086","virus_comp_16836_cycle_1_2",1
"35087","virus_comp_16837_cycle_1_2",1
"35088","virus_comp_1685_cycle_1_1",1
"35089","virus_comp_1685_cycle_1_10",1
"35090","virus_comp_1685_cycle_1_12",1
"35091","virus_comp_1685_cycle_1_13",1
"35092","virus_comp_1685_cycle_1_14",1
"35093","virus_comp_1685_cycle_1_15",1
"35094","virus_comp_1685_cycle_1_2",1
"35095","virus_comp_1685_cycle_1_4",1
"35096","virus_comp_1685_cycle_1_5",1
"35097","virus_comp_1685_cycle_1_6",1
"35098","virus_comp_1685_cycle_1_7",1
"35099","virus_comp_1685_cycle_1_8",1
"35100","virus_comp_1685_cycle_1_9",1
"35101","virus_comp_16852_cycle_1_1",1
"35102","virus_comp_16859_cycle_1_2",1
"35103","virus_comp_16860_cycle_1_1",1
"35104","virus_comp_16860_cycle_1_3",1
"35105","virus_comp_16862_cycle_1_1",1
"35106","virus_comp_16869_cycle_1_1",1
"35107","virus_comp_1687_cycle_1_10",1
"35108","virus_comp_1687_cycle_1_12",1
"35109","virus_comp_1687_cycle_1_13",1
"35110","virus_comp_1687_cycle_1_18",1
"35111","virus_comp_1687_cycle_1_8",1
"35112","virus_comp_16879_cycle_1_1",1
"35113","virus_comp_16881_cycle_1_1",1
"35114","virus_comp_16885_cycle_1_1",1
"35115","virus_comp_16885_cycle_1_2",1
"35116","virus_comp_16885_cycle_1_3",1
"35117","virus_comp_16885_cycle_1_4",1
"35118","virus_comp_1689_cycle_1_11",1
"35119","virus_comp_1689_cycle_1_12",1
"35120","virus_comp_1689_cycle_1_4",1
"35121","virus_comp_1689_cycle_1_8",1
"35122","virus_comp_16890_cycle_1_1",1
"35123","virus_comp_1692_cycle_1_3",1
"35124","virus_comp_16926_cycle_1_1",1
"35125","virus_comp_1693_cycle_1_1",1
"35126","virus_comp_1693_cycle_1_11",1
"35127","virus_comp_1693_cycle_1_4",1
"35128","virus_comp_1693_cycle_1_5",1
"35129","virus_comp_1693_cycle_1_6",1
"35130","virus_comp_1693_cycle_1_7",1
"35131","virus_comp_1694_cycle_1_11",1
"35132","virus_comp_1694_cycle_1_12",1
"35133","virus_comp_1694_cycle_1_13",1
"35134","virus_comp_1694_cycle_1_14",1
"35135","virus_comp_1694_cycle_1_15",1
"35136","virus_comp_1694_cycle_1_3",1
"35137","virus_comp_1694_cycle_1_4",1
"35138","virus_comp_1694_cycle_1_7",1
"35139","virus_comp_1694_cycle_1_8",1
"35140","virus_comp_1694_cycle_1_9",1
"35141","virus_comp_16940_cycle_1_1",1
"35142","virus_comp_16940_cycle_1_2",1
"35143","virus_comp_16953_cycle_1_1",1
"35144","virus_comp_16956_cycle_1_1",1
"35145","virus_comp_16956_cycle_1_2",1
"35146","virus_comp_16968_cycle_1_1",1
"35147","virus_comp_1697_cycle_1_1",1
"35148","virus_comp_1697_cycle_1_16",1
"35149","virus_comp_1697_cycle_1_18",1
"35150","virus_comp_1697_cycle_1_5",1
"35151","virus_comp_16971_cycle_1_1",1
"35152","virus_comp_1698_cycle_1_1",1
"35153","virus_comp_1698_cycle_1_10",1
"35154","virus_comp_1698_cycle_1_2",1
"35155","virus_comp_1698_cycle_1_3",1
"35156","virus_comp_1698_cycle_1_4",1
"35157","virus_comp_1698_cycle_1_5",1
"35158","virus_comp_1698_cycle_1_7",1
"35159","virus_comp_1698_cycle_1_8",1
"35160","virus_comp_16983_cycle_1_1",1
"35161","virus_comp_16986_cycle_1_1",1
"35162","virus_comp_1699_cycle_1_1",1
"35163","virus_comp_17000_cycle_1_1",1
"35164","virus_comp_17000_cycle_1_2",1
"35165","virus_comp_17002_cycle_1_1",1
"35166","virus_comp_17002_cycle_1_2",1
"35167","virus_comp_1701_cycle_1_2",1
"35168","virus_comp_1701_cycle_1_3",1
"35169","virus_comp_1701_cycle_1_9",1
"35170","virus_comp_17020_cycle_1_1",1
"35171","virus_comp_17020_cycle_1_2",1
"35172","virus_comp_1703_cycle_1_6",1
"35173","virus_comp_1703_cycle_1_7",1
"35174","virus_comp_1703_cycle_1_8",1
"35175","virus_comp_17030_cycle_1_1",1
"35176","virus_comp_1704_cycle_1_1",1
"35177","virus_comp_1704_cycle_1_10",1
"35178","virus_comp_1704_cycle_1_2",1
"35179","virus_comp_1704_cycle_1_3",1
"35180","virus_comp_1704_cycle_1_4",1
"35181","virus_comp_1704_cycle_1_5",1
"35182","virus_comp_1704_cycle_1_6",1
"35183","virus_comp_1704_cycle_1_7",1
"35184","virus_comp_1704_cycle_1_8",1
"35185","virus_comp_1704_cycle_1_9",1
"35186","virus_comp_17046_cycle_1_1",1
"35187","virus_comp_17046_cycle_1_2",1
"35188","virus_comp_17047_cycle_1_1",1
"35189","virus_comp_17063_cycle_1_1",1
"35190","virus_comp_17091_cycle_1_3",1
"35191","virus_comp_17110_cycle_1_1",1
"35192","virus_comp_17159_cycle_1_1",1
"35193","virus_comp_1717_cycle_1_1",1
"35194","virus_comp_1717_cycle_1_10",1
"35195","virus_comp_1717_cycle_1_11",1
"35196","virus_comp_1717_cycle_1_2",1
"35197","virus_comp_1717_cycle_1_3",1
"35198","virus_comp_1717_cycle_1_4",1
"35199","virus_comp_1717_cycle_1_5",1
"35200","virus_comp_1717_cycle_1_6",1
"35201","virus_comp_1717_cycle_1_7",1
"35202","virus_comp_1717_cycle_1_8",1
"35203","virus_comp_1717_cycle_1_9",1
"35204","virus_comp_17175_cycle_1_2",1
"35205","virus_comp_1718_cycle_1_1",1
"35206","virus_comp_1718_cycle_1_2",1
"35207","virus_comp_1718_cycle_1_3",1
"35208","virus_comp_1718_cycle_1_4",1
"35209","virus_comp_1718_cycle_1_5",1
"35210","virus_comp_17188_cycle_1_1",1
"35211","virus_comp_1720_cycle_1_1",1
"35212","virus_comp_1720_cycle_1_2",1
"35213","virus_comp_17236_cycle_1_1",1
"35214","virus_comp_17242_cycle_1_1",1
"35215","virus_comp_17242_cycle_1_2",1
"35216","virus_comp_17242_cycle_1_3",1
"35217","virus_comp_17247_cycle_1_1",1
"35218","virus_comp_1725_cycle_1_1",1
"35219","virus_comp_1725_cycle_1_10",1
"35220","virus_comp_1725_cycle_1_11",1
"35221","virus_comp_1725_cycle_1_12",1
"35222","virus_comp_1725_cycle_1_13",1
"35223","virus_comp_1725_cycle_1_14",1
"35224","virus_comp_1725_cycle_1_15",1
"35225","virus_comp_1725_cycle_1_16",1
"35226","virus_comp_1725_cycle_1_17",1
"35227","virus_comp_1725_cycle_1_18",1
"35228","virus_comp_1725_cycle_1_19",1
"35229","virus_comp_1725_cycle_1_2",1
"35230","virus_comp_1725_cycle_1_20",1
"35231","virus_comp_1725_cycle_1_21",1
"35232","virus_comp_1725_cycle_1_22",1
"35233","virus_comp_1725_cycle_1_3",1
"35234","virus_comp_1725_cycle_1_4",1
"35235","virus_comp_1725_cycle_1_5",1
"35236","virus_comp_1725_cycle_1_6",1
"35237","virus_comp_1725_cycle_1_7",1
"35238","virus_comp_1725_cycle_1_8",1
"35239","virus_comp_1725_cycle_1_9",1
"35240","virus_comp_17253_cycle_1_1",1
"35241","virus_comp_17253_cycle_1_2",1
"35242","virus_comp_17258_cycle_1_1",1
"35243","virus_comp_1726_cycle_1_1",1
"35244","virus_comp_1726_cycle_1_10",1
"35245","virus_comp_1726_cycle_1_2",1
"35246","virus_comp_1726_cycle_1_4",1
"35247","virus_comp_1726_cycle_1_5",1
"35248","virus_comp_1726_cycle_1_6",1
"35249","virus_comp_1726_cycle_1_7",1
"35250","virus_comp_1726_cycle_1_9",1
"35251","virus_comp_1727_cycle_1_10",1
"35252","virus_comp_1727_cycle_1_3",1
"35253","virus_comp_1727_cycle_1_4",1
"35254","virus_comp_1727_cycle_1_5",1
"35255","virus_comp_1727_cycle_1_6",1
"35256","virus_comp_17288_cycle_1_1",1
"35257","virus_comp_1729_cycle_1_2",1
"35258","virus_comp_17290_cycle_1_1",1
"35259","virus_comp_17290_cycle_1_2",1
"35260","virus_comp_17290_cycle_1_3",1
"35261","virus_comp_17290_cycle_1_4",1
"35262","virus_comp_17318_cycle_1_1",1
"35263","virus_comp_17318_cycle_1_2",1
"35264","virus_comp_17318_cycle_1_3",1
"35265","virus_comp_1732_cycle_1_1",1
"35266","virus_comp_1732_cycle_1_6",1
"35267","virus_comp_1733_cycle_1_1",1
"35268","virus_comp_1733_cycle_1_10",1
"35269","virus_comp_1733_cycle_1_11",1
"35270","virus_comp_1733_cycle_1_12",1
"35271","virus_comp_1733_cycle_1_3",1
"35272","virus_comp_1733_cycle_1_4",1
"35273","virus_comp_1733_cycle_1_5",1
"35274","virus_comp_1733_cycle_1_6",1
"35275","virus_comp_1733_cycle_1_7",1
"35276","virus_comp_1733_cycle_1_8",1
"35277","virus_comp_1733_cycle_1_9",1
"35278","virus_comp_1734_cycle_1_1",1
"35279","virus_comp_1734_cycle_1_11",1
"35280","virus_comp_1734_cycle_1_14",1
"35281","virus_comp_1734_cycle_1_17",1
"35282","virus_comp_1734_cycle_1_19",1
"35283","virus_comp_1734_cycle_1_2",1
"35284","virus_comp_1734_cycle_1_3",1
"35285","virus_comp_1734_cycle_1_4",1
"35286","virus_comp_1734_cycle_1_5",1
"35287","virus_comp_1734_cycle_1_6",1
"35288","virus_comp_1734_cycle_1_8",1
"35289","virus_comp_1735_cycle_1_1",1
"35290","virus_comp_1735_cycle_1_10",1
"35291","virus_comp_1735_cycle_1_2",1
"35292","virus_comp_1735_cycle_1_3",1
"35293","virus_comp_1735_cycle_1_4",1
"35294","virus_comp_1735_cycle_1_5",1
"35295","virus_comp_1735_cycle_1_6",1
"35296","virus_comp_1735_cycle_1_7",1
"35297","virus_comp_1735_cycle_1_8",1
"35298","virus_comp_1735_cycle_1_9",1
"35299","virus_comp_17352_cycle_1_2",1
"35300","virus_comp_1736_cycle_1_1",1
"35301","virus_comp_1736_cycle_1_13",1
"35302","virus_comp_1736_cycle_1_18",1
"35303","virus_comp_1736_cycle_1_2",1
"35304","virus_comp_1736_cycle_1_6",1
"35305","virus_comp_17365_cycle_1_1",1
"35306","virus_comp_17366_cycle_1_1",1
"35307","virus_comp_1737_cycle_1_1",1
"35308","virus_comp_1737_cycle_1_2",1
"35309","virus_comp_1737_cycle_1_3",1
"35310","virus_comp_1737_cycle_1_4",1
"35311","virus_comp_1737_cycle_1_5",1
"35312","virus_comp_1737_cycle_1_6",1
"35313","virus_comp_1737_cycle_1_7",1
"35314","virus_comp_1737_cycle_1_8",1
"35315","virus_comp_1737_cycle_1_9",1
"35316","virus_comp_17377_cycle_1_2",1
"35317","virus_comp_17377_cycle_1_3",1
"35318","virus_comp_1739_cycle_1_1",1
"35319","virus_comp_1740_cycle_1_15",1
"35320","virus_comp_17412_cycle_1_1",1
"35321","virus_comp_17423_cycle_1_1",1
"35322","virus_comp_17425_cycle_1_1",1
"35323","virus_comp_17425_cycle_1_2",1
"35324","virus_comp_17432_cycle_1_1",1
"35325","virus_comp_17437_cycle_1_1",1
"35326","virus_comp_17437_cycle_1_2",1
"35327","virus_comp_17439_cycle_1_1",1
"35328","virus_comp_1744_cycle_1_1",1
"35329","virus_comp_1744_cycle_1_13",1
"35330","virus_comp_1744_cycle_1_2",1
"35331","virus_comp_1744_cycle_1_3",1
"35332","virus_comp_1744_cycle_1_5",1
"35333","virus_comp_1744_cycle_1_6",1
"35334","virus_comp_1744_cycle_1_7",1
"35335","virus_comp_1744_cycle_1_9",1
"35336","virus_comp_17449_cycle_1_1",1
"35337","virus_comp_17449_cycle_1_2",1
"35338","virus_comp_17456_cycle_1_1",1
"35339","virus_comp_17461_cycle_1_1",1
"35340","virus_comp_17461_cycle_1_2",1
"35341","virus_comp_17467_cycle_1_1",1
"35342","virus_comp_17491_cycle_1_1",1
"35343","virus_comp_17491_cycle_1_2",1
"35344","virus_comp_17513_cycle_1_1",1
"35345","virus_comp_17513_cycle_1_2",1
"35346","virus_comp_17513_cycle_1_4",1
"35347","virus_comp_1752_cycle_1_1",1
"35348","virus_comp_1752_cycle_1_10",1
"35349","virus_comp_1752_cycle_1_11",1
"35350","virus_comp_1752_cycle_1_14",1
"35351","virus_comp_1752_cycle_1_2",1
"35352","virus_comp_1752_cycle_1_6",1
"35353","virus_comp_1752_cycle_1_7",1
"35354","virus_comp_1752_cycle_1_8",1
"35355","virus_comp_1752_cycle_1_9",1
"35356","virus_comp_1753_cycle_1_1",1
"35357","virus_comp_1753_cycle_1_3",1
"35358","virus_comp_1753_cycle_1_5",1
"35359","virus_comp_17549_cycle_1_1",1
"35360","virus_comp_17551_cycle_1_1",1
"35361","virus_comp_17551_cycle_1_2",1
"35362","virus_comp_17576_cycle_1_1",1
"35363","virus_comp_17576_cycle_1_2",1
"35364","virus_comp_17579_cycle_1_1",1
"35365","virus_comp_17585_cycle_1_1",1
"35366","virus_comp_17585_cycle_1_2",1
"35367","virus_comp_17586_cycle_1_1",1
"35368","virus_comp_17598_cycle_1_1",1
"35369","virus_comp_17602_cycle_1_1",1
"35370","virus_comp_17602_cycle_1_2",1
"35371","virus_comp_17602_cycle_1_3",1
"35372","virus_comp_1761_cycle_1_1",1
"35373","virus_comp_1761_cycle_1_10",1
"35374","virus_comp_1761_cycle_1_11",1
"35375","virus_comp_1761_cycle_1_2",1
"35376","virus_comp_1761_cycle_1_3",1
"35377","virus_comp_1761_cycle_1_4",1
"35378","virus_comp_1761_cycle_1_5",1
"35379","virus_comp_1761_cycle_1_6",1
"35380","virus_comp_1761_cycle_1_7",1
"35381","virus_comp_1761_cycle_1_8",1
"35382","virus_comp_1761_cycle_1_9",1
"35383","virus_comp_17619_cycle_1_2",1
"35384","virus_comp_17624_cycle_1_1",1
"35385","virus_comp_17624_cycle_1_3",1
"35386","virus_comp_17625_cycle_1_1",1
"35387","virus_comp_17625_cycle_1_2",1
"35388","virus_comp_17634_cycle_1_1",1
"35389","virus_comp_1764_cycle_1_11",1
"35390","virus_comp_1764_cycle_1_12",1
"35391","virus_comp_1764_cycle_1_13",1
"35392","virus_comp_1764_cycle_1_6",1
"35393","virus_comp_1764_cycle_1_8",1
"35394","virus_comp_1764_cycle_1_9",1
"35395","virus_comp_17664_cycle_1_2",1
"35396","virus_comp_17665_cycle_1_1",1
"35397","virus_comp_17679_cycle_1_1",1
"35398","virus_comp_17679_cycle_1_2",1
"35399","virus_comp_17679_cycle_1_3",1
"35400","virus_comp_1770_cycle_1_1",1
"35401","virus_comp_1770_cycle_1_10",1
"35402","virus_comp_1770_cycle_1_11",1
"35403","virus_comp_1770_cycle_1_2",1
"35404","virus_comp_1770_cycle_1_6",1
"35405","virus_comp_1770_cycle_1_7",1
"35406","virus_comp_1771_cycle_1_1",1
"35407","virus_comp_1771_cycle_1_10",1
"35408","virus_comp_1771_cycle_1_11",1
"35409","virus_comp_1771_cycle_1_12",1
"35410","virus_comp_1771_cycle_1_13",1
"35411","virus_comp_1771_cycle_1_14",1
"35412","virus_comp_1771_cycle_1_15",1
"35413","virus_comp_1771_cycle_1_16",1
"35414","virus_comp_1771_cycle_1_17",1
"35415","virus_comp_1771_cycle_1_18",1
"35416","virus_comp_1771_cycle_1_19",1
"35417","virus_comp_1771_cycle_1_2",1
"35418","virus_comp_1771_cycle_1_20",1
"35419","virus_comp_1771_cycle_1_21",1
"35420","virus_comp_1771_cycle_1_22",1
"35421","virus_comp_1771_cycle_1_23",1
"35422","virus_comp_1771_cycle_1_24",1
"35423","virus_comp_1771_cycle_1_3",1
"35424","virus_comp_1771_cycle_1_4",1
"35425","virus_comp_1771_cycle_1_5",1
"35426","virus_comp_1771_cycle_1_6",1
"35427","virus_comp_1771_cycle_1_7",1
"35428","virus_comp_1771_cycle_1_8",1
"35429","virus_comp_1771_cycle_1_9",1
"35430","virus_comp_17712_cycle_1_1",1
"35431","virus_comp_1772_cycle_1_1",1
"35432","virus_comp_1772_cycle_1_12",1
"35433","virus_comp_1772_cycle_1_5",1
"35434","virus_comp_1772_cycle_1_7",1
"35435","virus_comp_1772_cycle_1_8",1
"35436","virus_comp_17728_cycle_1_1",1
"35437","virus_comp_17728_cycle_1_2",1
"35438","virus_comp_17730_cycle_1_1",1
"35439","virus_comp_17731_cycle_1_1",1
"35440","virus_comp_17740_cycle_1_3",1
"35441","virus_comp_17744_cycle_1_1",1
"35442","virus_comp_17744_cycle_1_2",1
"35443","virus_comp_17764_cycle_1_1",1
"35444","virus_comp_17764_cycle_1_2",1
"35445","virus_comp_17777_cycle_1_13",1
"35446","virus_comp_17777_cycle_1_14",1
"35447","virus_comp_17777_cycle_1_9",1
"35448","virus_comp_17778_cycle_1_1",1
"35449","virus_comp_17778_cycle_1_8",1
"35450","virus_comp_17784_cycle_1_8",1
"35451","virus_comp_17785_cycle_1_3",1
"35452","virus_comp_17787_cycle_1_16",1
"35453","virus_comp_17792_cycle_1_11",1
"35454","virus_comp_17792_cycle_1_12",1
"35455","virus_comp_17792_cycle_1_15",1
"35456","virus_comp_17792_cycle_1_5",1
"35457","virus_comp_17798_cycle_1_2",1
"35458","virus_comp_17798_cycle_1_3",1
"35459","virus_comp_17798_cycle_1_4",1
"35460","virus_comp_17798_cycle_1_5",1
"35461","virus_comp_17798_cycle_1_6",1
"35462","virus_comp_17800_cycle_1_166",1
"35463","virus_comp_17805_cycle_1_46",1
"35464","virus_comp_17811_cycle_1_3",1
"35465","virus_comp_17811_cycle_1_4",1
"35466","virus_comp_17814_cycle_1_10",1
"35467","virus_comp_17814_cycle_1_11",1
"35468","virus_comp_17814_cycle_1_2",1
"35469","virus_comp_17814_cycle_1_3",1
"35470","virus_comp_17814_cycle_1_8",1
"35471","virus_comp_17814_cycle_1_9",1
"35472","virus_comp_17815_cycle_1_1",1
"35473","virus_comp_17815_cycle_1_10",1
"35474","virus_comp_17815_cycle_1_11",1
"35475","virus_comp_17815_cycle_1_12",1
"35476","virus_comp_17815_cycle_1_13",1
"35477","virus_comp_17815_cycle_1_2",1
"35478","virus_comp_17815_cycle_1_21",1
"35479","virus_comp_17815_cycle_1_3",1
"35480","virus_comp_17815_cycle_1_5",1
"35481","virus_comp_17815_cycle_1_6",1
"35482","virus_comp_17816_cycle_1_12",1
"35483","virus_comp_17816_cycle_1_13",1
"35484","virus_comp_17816_cycle_1_14",1
"35485","virus_comp_17816_cycle_1_4",1
"35486","virus_comp_17816_cycle_1_6",1
"35487","virus_comp_17816_cycle_1_7",1
"35488","virus_comp_17816_cycle_1_8",1
"35489","virus_comp_17816_cycle_1_9",1
"35490","virus_comp_17817_cycle_1_39",1
"35491","virus_comp_17817_cycle_1_48",1
"35492","virus_comp_17819_cycle_1_4",1
"35493","virus_comp_17821_cycle_1_54",1
"35494","virus_comp_17821_cycle_1_8",1
"35495","virus_comp_17821_cycle_1_96",1
"35496","virus_comp_17827_cycle_1_1",1
"35497","virus_comp_17827_cycle_1_10",1
"35498","virus_comp_17827_cycle_1_4",1
"35499","virus_comp_17827_cycle_1_9",1
"35500","virus_comp_17833_cycle_1_14",1
"35501","virus_comp_17833_cycle_1_16",1
"35502","virus_comp_17833_cycle_1_17",1
"35503","virus_comp_17833_cycle_1_19",1
"35504","virus_comp_17833_cycle_1_2",1
"35505","virus_comp_17833_cycle_1_20",1
"35506","virus_comp_17833_cycle_1_23",1
"35507","virus_comp_17833_cycle_1_25",1
"35508","virus_comp_17833_cycle_1_29",1
"35509","virus_comp_17833_cycle_1_30",1
"35510","virus_comp_17833_cycle_1_31",1
"35511","virus_comp_17833_cycle_1_37",1
"35512","virus_comp_17833_cycle_1_4",1
"35513","virus_comp_17833_cycle_1_40",1
"35514","virus_comp_17833_cycle_1_41",1
"35515","virus_comp_17833_cycle_1_45",1
"35516","virus_comp_17833_cycle_1_46",1
"35517","virus_comp_17833_cycle_1_47",1
"35518","virus_comp_17833_cycle_1_48",1
"35519","virus_comp_17833_cycle_1_49",1
"35520","virus_comp_17833_cycle_1_5",1
"35521","virus_comp_17833_cycle_1_50",1
"35522","virus_comp_17833_cycle_1_51",1
"35523","virus_comp_17833_cycle_1_52",1
"35524","virus_comp_17833_cycle_1_53",1
"35525","virus_comp_17833_cycle_1_54",1
"35526","virus_comp_17833_cycle_1_56",1
"35527","virus_comp_17833_cycle_1_57",1
"35528","virus_comp_17833_cycle_1_59",1
"35529","virus_comp_17833_cycle_1_63",1
"35530","virus_comp_17833_cycle_1_64",1
"35531","virus_comp_17833_cycle_1_7",1
"35532","virus_comp_17833_cycle_1_74",1
"35533","virus_comp_17833_cycle_1_75",1
"35534","virus_comp_17833_cycle_1_76",1
"35535","virus_comp_17833_cycle_1_77",1
"35536","virus_comp_17833_cycle_1_78",1
"35537","virus_comp_17833_cycle_1_80",1
"35538","virus_comp_17833_cycle_1_81",1
"35539","virus_comp_17833_cycle_1_82",1
"35540","virus_comp_17833_cycle_1_9",1
"35541","virus_comp_17834_cycle_1_5",1
"35542","virus_comp_17834_cycle_1_6",1
"35543","virus_comp_17834_cycle_1_8",1
"35544","virus_comp_17835_cycle_1_1",1
"35545","virus_comp_17835_cycle_1_2",1
"35546","virus_comp_17836_cycle_1_3",1
"35547","virus_comp_17838_cycle_1_15",1
"35548","virus_comp_17838_cycle_1_17",1
"35549","virus_comp_17838_cycle_1_36",1
"35550","virus_comp_17838_cycle_1_42",1
"35551","virus_comp_17838_cycle_1_46",1
"35552","virus_comp_17838_cycle_1_47",1
"35553","virus_comp_17838_cycle_1_5",1
"35554","virus_comp_17838_cycle_1_58",1
"35555","virus_comp_17838_cycle_1_61",1
"35556","virus_comp_17839_cycle_1_1",1
"35557","virus_comp_17839_cycle_1_11",1
"35558","virus_comp_17839_cycle_1_14",1
"35559","virus_comp_17839_cycle_1_16",1
"35560","virus_comp_17839_cycle_1_2",1
"35561","virus_comp_17839_cycle_1_28",1
"35562","virus_comp_17839_cycle_1_31",1
"35563","virus_comp_17839_cycle_1_32",1
"35564","virus_comp_17839_cycle_1_47",1
"35565","virus_comp_17839_cycle_1_50",1
"35566","virus_comp_17839_cycle_1_52",1
"35567","virus_comp_17839_cycle_1_54",1
"35568","virus_comp_17839_cycle_1_6",1
"35569","virus_comp_17839_cycle_1_7",1
"35570","virus_comp_1784_cycle_1_11",1
"35571","virus_comp_1784_cycle_1_12",1
"35572","virus_comp_1784_cycle_1_14",1
"35573","virus_comp_1784_cycle_1_4",1
"35574","virus_comp_1784_cycle_1_5",1
"35575","virus_comp_17840_cycle_1_1",1
"35576","virus_comp_17840_cycle_1_16",1
"35577","virus_comp_17840_cycle_1_20",1
"35578","virus_comp_17840_cycle_1_21",1
"35579","virus_comp_17840_cycle_1_37",1
"35580","virus_comp_17840_cycle_1_38",1
"35581","virus_comp_17840_cycle_1_47",1
"35582","virus_comp_17840_cycle_1_50",1
"35583","virus_comp_17840_cycle_1_52",1
"35584","virus_comp_17840_cycle_1_53",1
"35585","virus_comp_17840_cycle_1_54",1
"35586","virus_comp_17840_cycle_1_55",1
"35587","virus_comp_17840_cycle_1_62",1
"35588","virus_comp_17840_cycle_1_63",1
"35589","virus_comp_17840_cycle_1_65",1
"35590","virus_comp_17844_cycle_1_10",1
"35591","virus_comp_17844_cycle_1_11",1
"35592","virus_comp_17844_cycle_1_6",1
"35593","virus_comp_17851_cycle_1_1",1
"35594","virus_comp_17851_cycle_1_14",1
"35595","virus_comp_17851_cycle_1_15",1
"35596","virus_comp_17851_cycle_1_19",1
"35597","virus_comp_17851_cycle_1_2",1
"35598","virus_comp_17851_cycle_1_20",1
"35599","virus_comp_17851_cycle_1_27",1
"35600","virus_comp_17851_cycle_1_3",1
"35601","virus_comp_17851_cycle_1_31",1
"35602","virus_comp_17851_cycle_1_32",1
"35603","virus_comp_17851_cycle_1_33",1
"35604","virus_comp_17851_cycle_1_35",1
"35605","virus_comp_17851_cycle_1_36",1
"35606","virus_comp_17851_cycle_1_39",1
"35607","virus_comp_17851_cycle_1_4",1
"35608","virus_comp_17851_cycle_1_40",1
"35609","virus_comp_17851_cycle_1_43",1
"35610","virus_comp_17851_cycle_1_46",1
"35611","virus_comp_17851_cycle_1_47",1
"35612","virus_comp_17851_cycle_1_52",1
"35613","virus_comp_17851_cycle_1_55",1
"35614","virus_comp_17851_cycle_1_56",1
"35615","virus_comp_17851_cycle_1_57",1
"35616","virus_comp_17851_cycle_1_58",1
"35617","virus_comp_17851_cycle_1_59",1
"35618","virus_comp_17851_cycle_1_60",1
"35619","virus_comp_17851_cycle_1_61",1
"35620","virus_comp_17851_cycle_1_62",1
"35621","virus_comp_17851_cycle_1_63",1
"35622","virus_comp_17851_cycle_1_64",1
"35623","virus_comp_17851_cycle_1_66",1
"35624","virus_comp_17851_cycle_1_69",1
"35625","virus_comp_17852_cycle_1_1",1
"35626","virus_comp_17852_cycle_1_5",1
"35627","virus_comp_17852_cycle_1_7",1
"35628","virus_comp_17853_cycle_1_3",1
"35629","virus_comp_17856_cycle_1_1",1
"35630","virus_comp_17856_cycle_1_10",1
"35631","virus_comp_17856_cycle_1_11",1
"35632","virus_comp_17856_cycle_1_12",1
"35633","virus_comp_17856_cycle_1_14",1
"35634","virus_comp_17856_cycle_1_15",1
"35635","virus_comp_17856_cycle_1_16",1
"35636","virus_comp_17856_cycle_1_17",1
"35637","virus_comp_17856_cycle_1_18",1
"35638","virus_comp_17856_cycle_1_19",1
"35639","virus_comp_17856_cycle_1_2",1
"35640","virus_comp_17856_cycle_1_20",1
"35641","virus_comp_17856_cycle_1_21",1
"35642","virus_comp_17856_cycle_1_22",1
"35643","virus_comp_17856_cycle_1_23",1
"35644","virus_comp_17856_cycle_1_24",1
"35645","virus_comp_17856_cycle_1_25",1
"35646","virus_comp_17856_cycle_1_26",1
"35647","virus_comp_17856_cycle_1_27",1
"35648","virus_comp_17856_cycle_1_28",1
"35649","virus_comp_17856_cycle_1_29",1
"35650","virus_comp_17856_cycle_1_3",1
"35651","virus_comp_17856_cycle_1_30",1
"35652","virus_comp_17856_cycle_1_31",1
"35653","virus_comp_17856_cycle_1_33",1
"35654","virus_comp_17856_cycle_1_34",1
"35655","virus_comp_17856_cycle_1_35",1
"35656","virus_comp_17856_cycle_1_36",1
"35657","virus_comp_17856_cycle_1_37",1
"35658","virus_comp_17856_cycle_1_38",1
"35659","virus_comp_17856_cycle_1_39",1
"35660","virus_comp_17856_cycle_1_40",1
"35661","virus_comp_17856_cycle_1_41",1
"35662","virus_comp_17856_cycle_1_45",1
"35663","virus_comp_17856_cycle_1_46",1
"35664","virus_comp_17856_cycle_1_47",1
"35665","virus_comp_17856_cycle_1_49",1
"35666","virus_comp_17856_cycle_1_5",1
"35667","virus_comp_17856_cycle_1_50",1
"35668","virus_comp_17856_cycle_1_52",1
"35669","virus_comp_17856_cycle_1_53",1
"35670","virus_comp_17856_cycle_1_55",1
"35671","virus_comp_17856_cycle_1_57",1
"35672","virus_comp_17856_cycle_1_6",1
"35673","virus_comp_17856_cycle_1_62",1
"35674","virus_comp_17856_cycle_1_63",1
"35675","virus_comp_17856_cycle_1_64",1
"35676","virus_comp_17856_cycle_1_65",1
"35677","virus_comp_17856_cycle_1_67",1
"35678","virus_comp_17856_cycle_1_70",1
"35679","virus_comp_17856_cycle_1_72",1
"35680","virus_comp_17856_cycle_1_75",1
"35681","virus_comp_17856_cycle_1_76",1
"35682","virus_comp_17856_cycle_1_77",1
"35683","virus_comp_17856_cycle_1_79",1
"35684","virus_comp_17856_cycle_1_80",1
"35685","virus_comp_17856_cycle_1_81",1
"35686","virus_comp_17856_cycle_1_82",1
"35687","virus_comp_17856_cycle_1_9",1
"35688","virus_comp_17857_cycle_1_10",1
"35689","virus_comp_17857_cycle_1_11",1
"35690","virus_comp_17857_cycle_1_14",1
"35691","virus_comp_17857_cycle_1_16",1
"35692","virus_comp_17857_cycle_1_17",1
"35693","virus_comp_17857_cycle_1_2",1
"35694","virus_comp_17857_cycle_1_23",1
"35695","virus_comp_17857_cycle_1_25",1
"35696","virus_comp_17857_cycle_1_26",1
"35697","virus_comp_17857_cycle_1_28",1
"35698","virus_comp_17857_cycle_1_29",1
"35699","virus_comp_17857_cycle_1_3",1
"35700","virus_comp_17857_cycle_1_30",1
"35701","virus_comp_17857_cycle_1_34",1
"35702","virus_comp_17857_cycle_1_35",1
"35703","virus_comp_17857_cycle_1_38",1
"35704","virus_comp_17857_cycle_1_43",1
"35705","virus_comp_17857_cycle_1_44",1
"35706","virus_comp_17857_cycle_1_6",1
"35707","virus_comp_17857_cycle_1_61",1
"35708","virus_comp_17857_cycle_1_62",1
"35709","virus_comp_17857_cycle_1_65",1
"35710","virus_comp_17857_cycle_1_7",1
"35711","virus_comp_17857_cycle_1_71",1
"35712","virus_comp_17857_cycle_1_72",1
"35713","virus_comp_17857_cycle_1_75",1
"35714","virus_comp_17857_cycle_1_9",1
"35715","virus_comp_17858_cycle_1_11",1
"35716","virus_comp_17858_cycle_1_21",1
"35717","virus_comp_17858_cycle_1_23",1
"35718","virus_comp_17858_cycle_1_24",1
"35719","virus_comp_17858_cycle_1_25",1
"35720","virus_comp_17858_cycle_1_26",1
"35721","virus_comp_1786_cycle_1_1",1
"35722","virus_comp_1786_cycle_1_2",1
"35723","virus_comp_1786_cycle_1_3",1
"35724","virus_comp_1786_cycle_1_4",1
"35725","virus_comp_1786_cycle_1_5",1
"35726","virus_comp_1786_cycle_1_6",1
"35727","virus_comp_1786_cycle_1_7",1
"35728","virus_comp_1786_cycle_1_8",1
"35729","virus_comp_1786_cycle_1_9",1
"35730","virus_comp_17860_cycle_1_11",1
"35731","virus_comp_17860_cycle_1_22",1
"35732","virus_comp_17860_cycle_1_28",1
"35733","virus_comp_17860_cycle_1_42",1
"35734","virus_comp_17860_cycle_1_47",1
"35735","virus_comp_17860_cycle_1_56",1
"35736","virus_comp_17860_cycle_1_8",1
"35737","virus_comp_17860_cycle_1_9",1
"35738","virus_comp_17861_cycle_1_10",1
"35739","virus_comp_17861_cycle_1_19",1
"35740","virus_comp_17861_cycle_1_30",1
"35741","virus_comp_17861_cycle_1_39",1
"35742","virus_comp_17861_cycle_1_50",1
"35743","virus_comp_17861_cycle_1_70",1
"35744","virus_comp_17862_cycle_1_18",1
"35745","virus_comp_17862_cycle_1_19",1
"35746","virus_comp_17863_cycle_1_10",1
"35747","virus_comp_17863_cycle_1_28",1
"35748","virus_comp_17863_cycle_1_40",1
"35749","virus_comp_17863_cycle_1_5",1
"35750","virus_comp_17863_cycle_1_59",1
"35751","virus_comp_17863_cycle_1_6",1
"35752","virus_comp_17863_cycle_1_61",1
"35753","virus_comp_17863_cycle_1_62",1
"35754","virus_comp_17863_cycle_1_8",1
"35755","virus_comp_17863_cycle_1_9",1
"35756","virus_comp_17866_cycle_1_10",1
"35757","virus_comp_17866_cycle_1_22",1
"35758","virus_comp_17866_cycle_1_30",1
"35759","virus_comp_17866_cycle_1_31",1
"35760","virus_comp_17866_cycle_1_33",1
"35761","virus_comp_17866_cycle_1_36",1
"35762","virus_comp_17866_cycle_1_37",1
"35763","virus_comp_17866_cycle_1_38",1
"35764","virus_comp_17866_cycle_1_40",1
"35765","virus_comp_17866_cycle_1_41",1
"35766","virus_comp_17866_cycle_1_44",1
"35767","virus_comp_17866_cycle_1_45",1
"35768","virus_comp_17866_cycle_1_46",1
"35769","virus_comp_17866_cycle_1_73",1
"35770","virus_comp_17866_cycle_1_8",1
"35771","virus_comp_17866_cycle_1_9",1
"35772","virus_comp_17868_cycle_1_4",1
"35773","virus_comp_17869_cycle_1_10",1
"35774","virus_comp_17869_cycle_1_28",1
"35775","virus_comp_17869_cycle_1_3",1
"35776","virus_comp_17869_cycle_1_35",1
"35777","virus_comp_17869_cycle_1_4",1
"35778","virus_comp_17869_cycle_1_41",1
"35779","virus_comp_17869_cycle_1_43",1
"35780","virus_comp_17869_cycle_1_46",1
"35781","virus_comp_17869_cycle_1_47",1
"35782","virus_comp_17869_cycle_1_48",1
"35783","virus_comp_17869_cycle_1_5",1
"35784","virus_comp_17869_cycle_1_50",1
"35785","virus_comp_17869_cycle_1_55",1
"35786","virus_comp_17869_cycle_1_57",1
"35787","virus_comp_17869_cycle_1_58",1
"35788","virus_comp_17869_cycle_1_7",1
"35789","virus_comp_17869_cycle_1_8",1
"35790","virus_comp_17869_cycle_1_9",1
"35791","virus_comp_1787_cycle_1_10",1
"35792","virus_comp_1787_cycle_1_11",1
"35793","virus_comp_1787_cycle_1_13",1
"35794","virus_comp_1787_cycle_1_2",1
"35795","virus_comp_1787_cycle_1_5",1
"35796","virus_comp_1787_cycle_1_6",1
"35797","virus_comp_1787_cycle_1_8",1
"35798","virus_comp_1787_cycle_1_9",1
"35799","virus_comp_17870_cycle_1_8",1
"35800","virus_comp_17873_cycle_1_1",1
"35801","virus_comp_17873_cycle_1_11",1
"35802","virus_comp_17873_cycle_1_16",1
"35803","virus_comp_17873_cycle_1_2",1
"35804","virus_comp_17873_cycle_1_22",1
"35805","virus_comp_17873_cycle_1_31",1
"35806","virus_comp_17873_cycle_1_32",1
"35807","virus_comp_17873_cycle_1_37",1
"35808","virus_comp_17873_cycle_1_38",1
"35809","virus_comp_17873_cycle_1_39",1
"35810","virus_comp_17873_cycle_1_4",1
"35811","virus_comp_17873_cycle_1_43",1
"35812","virus_comp_17873_cycle_1_44",1
"35813","virus_comp_17873_cycle_1_45",1
"35814","virus_comp_17873_cycle_1_46",1
"35815","virus_comp_17873_cycle_1_47",1
"35816","virus_comp_17873_cycle_1_5",1
"35817","virus_comp_17873_cycle_1_51",1
"35818","virus_comp_17873_cycle_1_52",1
"35819","virus_comp_17873_cycle_1_53",1
"35820","virus_comp_17873_cycle_1_54",1
"35821","virus_comp_17873_cycle_1_55",1
"35822","virus_comp_17873_cycle_1_57",1
"35823","virus_comp_17873_cycle_1_58",1
"35824","virus_comp_17874_cycle_1_10",1
"35825","virus_comp_17874_cycle_1_12",1
"35826","virus_comp_17874_cycle_1_3",1
"35827","virus_comp_17874_cycle_1_9",1
"35828","virus_comp_1788_cycle_1_10",1
"35829","virus_comp_1788_cycle_1_11",1
"35830","virus_comp_1788_cycle_1_12",1
"35831","virus_comp_1788_cycle_1_13",1
"35832","virus_comp_1788_cycle_1_14",1
"35833","virus_comp_1788_cycle_1_15",1
"35834","virus_comp_1788_cycle_1_16",1
"35835","virus_comp_1788_cycle_1_17",1
"35836","virus_comp_1788_cycle_1_2",1
"35837","virus_comp_1788_cycle_1_3",1
"35838","virus_comp_1788_cycle_1_5",1
"35839","virus_comp_1788_cycle_1_6",1
"35840","virus_comp_1788_cycle_1_7",1
"35841","virus_comp_17887_cycle_1_15",1
"35842","virus_comp_17887_cycle_1_23",1
"35843","virus_comp_17887_cycle_1_26",1
"35844","virus_comp_17887_cycle_1_27",1
"35845","virus_comp_17887_cycle_1_28",1
"35846","virus_comp_17887_cycle_1_34",1
"35847","virus_comp_17887_cycle_1_35",1
"35848","virus_comp_17887_cycle_1_37",1
"35849","virus_comp_17887_cycle_1_40",1
"35850","virus_comp_17887_cycle_1_45",1
"35851","virus_comp_17887_cycle_1_51",1
"35852","virus_comp_17887_cycle_1_53",1
"35853","virus_comp_17899_cycle_1_8",1
"35854","virus_comp_17900_cycle_1_1",1
"35855","virus_comp_17901_cycle_1_10",1
"35856","virus_comp_17901_cycle_1_8",1
"35857","virus_comp_17902_cycle_1_1",1
"35858","virus_comp_17902_cycle_1_11",1
"35859","virus_comp_17902_cycle_1_14",1
"35860","virus_comp_17902_cycle_1_15",1
"35861","virus_comp_17902_cycle_1_16",1
"35862","virus_comp_17902_cycle_1_17",1
"35863","virus_comp_17902_cycle_1_19",1
"35864","virus_comp_17902_cycle_1_2",1
"35865","virus_comp_17902_cycle_1_20",1
"35866","virus_comp_17902_cycle_1_21",1
"35867","virus_comp_17902_cycle_1_22",1
"35868","virus_comp_17902_cycle_1_23",1
"35869","virus_comp_17902_cycle_1_26",1
"35870","virus_comp_17902_cycle_1_27",1
"35871","virus_comp_17902_cycle_1_28",1
"35872","virus_comp_17902_cycle_1_3",1
"35873","virus_comp_17902_cycle_1_33",1
"35874","virus_comp_17902_cycle_1_34",1
"35875","virus_comp_17902_cycle_1_35",1
"35876","virus_comp_17902_cycle_1_38",1
"35877","virus_comp_17902_cycle_1_39",1
"35878","virus_comp_17902_cycle_1_4",1
"35879","virus_comp_17902_cycle_1_5",1
"35880","virus_comp_17902_cycle_1_6",1
"35881","virus_comp_17902_cycle_1_7",1
"35882","virus_comp_17902_cycle_1_8",1
"35883","virus_comp_17903_cycle_1_21",1
"35884","virus_comp_17903_cycle_1_26",1
"35885","virus_comp_17906_cycle_1_11",1
"35886","virus_comp_17906_cycle_1_13",1
"35887","virus_comp_17906_cycle_1_15",1
"35888","virus_comp_17906_cycle_1_16",1
"35889","virus_comp_17906_cycle_1_24",1
"35890","virus_comp_17906_cycle_1_27",1
"35891","virus_comp_17906_cycle_1_28",1
"35892","virus_comp_17906_cycle_1_31",1
"35893","virus_comp_17906_cycle_1_34",1
"35894","virus_comp_17906_cycle_1_4",1
"35895","virus_comp_17906_cycle_1_40",1
"35896","virus_comp_17906_cycle_1_48",1
"35897","virus_comp_17906_cycle_1_64",1
"35898","virus_comp_17906_cycle_1_68",1
"35899","virus_comp_17907_cycle_1_10",1
"35900","virus_comp_17907_cycle_1_13",1
"35901","virus_comp_17907_cycle_1_15",1
"35902","virus_comp_17907_cycle_1_2",1
"35903","virus_comp_17907_cycle_1_5",1
"35904","virus_comp_17909_cycle_1_1",1
"35905","virus_comp_17910_cycle_1_15",1
"35906","virus_comp_17910_cycle_1_29",1
"35907","virus_comp_17914_cycle_1_4",1
"35908","virus_comp_17915_cycle_1_4",1
"35909","virus_comp_17919_cycle_1_1",1
"35910","virus_comp_17919_cycle_1_20",1
"35911","virus_comp_17919_cycle_1_22",1
"35912","virus_comp_1792_cycle_1_11",1
"35913","virus_comp_1792_cycle_1_6",1
"35914","virus_comp_17920_cycle_1_10",1
"35915","virus_comp_17920_cycle_1_11",1
"35916","virus_comp_17920_cycle_1_12",1
"35917","virus_comp_17920_cycle_1_15",1
"35918","virus_comp_17920_cycle_1_17",1
"35919","virus_comp_17920_cycle_1_27",1
"35920","virus_comp_17920_cycle_1_29",1
"35921","virus_comp_17922_cycle_1_24",1
"35922","virus_comp_17922_cycle_1_4",1
"35923","virus_comp_17922_cycle_1_5",1
"35924","virus_comp_17922_cycle_1_7",1
"35925","virus_comp_17922_cycle_1_8",1
"35926","virus_comp_17924_cycle_1_31",1
"35927","virus_comp_17924_cycle_1_32",1
"35928","virus_comp_17925_cycle_1_21",1
"35929","virus_comp_17927_cycle_1_16",1
"35930","virus_comp_17927_cycle_1_18",1
"35931","virus_comp_17927_cycle_1_20",1
"35932","virus_comp_17927_cycle_1_22",1
"35933","virus_comp_17927_cycle_1_29",1
"35934","virus_comp_17927_cycle_1_30",1
"35935","virus_comp_17933_cycle_1_16",1
"35936","virus_comp_17933_cycle_1_17",1
"35937","virus_comp_17933_cycle_1_18",1
"35938","virus_comp_17933_cycle_1_4",1
"35939","virus_comp_17933_cycle_1_5",1
"35940","virus_comp_17933_cycle_1_7",1
"35941","virus_comp_17933_cycle_1_8",1
"35942","virus_comp_17934_cycle_1_19",1
"35943","virus_comp_17935_cycle_1_30",1
"35944","virus_comp_17935_cycle_1_8",1
"35945","virus_comp_17938_cycle_1_5",1
"35946","virus_comp_17938_cycle_1_6",1
"35947","virus_comp_17938_cycle_1_7",1
"35948","virus_comp_17938_cycle_1_8",1
"35949","virus_comp_17945_cycle_1_14",1
"35950","virus_comp_17945_cycle_1_23",1
"35951","virus_comp_17945_cycle_1_25",1
"35952","virus_comp_17945_cycle_1_26",1
"35953","virus_comp_17947_cycle_1_2",1
"35954","virus_comp_17947_cycle_1_3",1
"35955","virus_comp_17947_cycle_1_5",1
"35956","virus_comp_17948_cycle_1_10",1
"35957","virus_comp_17948_cycle_1_2",1
"35958","virus_comp_17949_cycle_1_10",1
"35959","virus_comp_17949_cycle_1_13",1
"35960","virus_comp_17949_cycle_1_14",1
"35961","virus_comp_17949_cycle_1_16",1
"35962","virus_comp_17949_cycle_1_19",1
"35963","virus_comp_17949_cycle_1_29",1
"35964","virus_comp_17951_cycle_1_10",1
"35965","virus_comp_17951_cycle_1_12",1
"35966","virus_comp_17951_cycle_1_13",1
"35967","virus_comp_17951_cycle_1_14",1
"35968","virus_comp_17951_cycle_1_15",1
"35969","virus_comp_17951_cycle_1_17",1
"35970","virus_comp_17951_cycle_1_18",1
"35971","virus_comp_17951_cycle_1_19",1
"35972","virus_comp_17951_cycle_1_20",1
"35973","virus_comp_17951_cycle_1_21",1
"35974","virus_comp_17951_cycle_1_22",1
"35975","virus_comp_17951_cycle_1_23",1
"35976","virus_comp_17951_cycle_1_5",1
"35977","virus_comp_17951_cycle_1_6",1
"35978","virus_comp_17951_cycle_1_7",1
"35979","virus_comp_17952_cycle_1_3",1
"35980","virus_comp_17954_cycle_1_11",1
"35981","virus_comp_17954_cycle_1_13",1
"35982","virus_comp_17954_cycle_1_14",1
"35983","virus_comp_17954_cycle_1_20",1
"35984","virus_comp_17954_cycle_1_3",1
"35985","virus_comp_17956_cycle_1_1",1
"35986","virus_comp_17956_cycle_1_2",1
"35987","virus_comp_17961_cycle_1_1",1
"35988","virus_comp_17961_cycle_1_10",1
"35989","virus_comp_17961_cycle_1_11",1
"35990","virus_comp_17961_cycle_1_2",1
"35991","virus_comp_17961_cycle_1_3",1
"35992","virus_comp_17961_cycle_1_4",1
"35993","virus_comp_17961_cycle_1_7",1
"35994","virus_comp_17961_cycle_1_8",1
"35995","virus_comp_17963_cycle_1_11",1
"35996","virus_comp_17965_cycle_1_16",1
"35997","virus_comp_17965_cycle_1_19",1
"35998","virus_comp_17965_cycle_1_20",1
"35999","virus_comp_17965_cycle_1_21",1
"36000","virus_comp_17965_cycle_1_22",1
"36001","virus_comp_17965_cycle_1_23",1
"36002","virus_comp_17966_cycle_1_1",1
"36003","virus_comp_17966_cycle_1_12",1
"36004","virus_comp_17966_cycle_1_21",1
"36005","virus_comp_17968_cycle_1_17",1
"36006","virus_comp_17969_cycle_1_10",1
"36007","virus_comp_17969_cycle_1_11",1
"36008","virus_comp_17969_cycle_1_12",1
"36009","virus_comp_17969_cycle_1_17",1
"36010","virus_comp_17969_cycle_1_19",1
"36011","virus_comp_17969_cycle_1_20",1
"36012","virus_comp_17969_cycle_1_24",1
"36013","virus_comp_17969_cycle_1_26",1
"36014","virus_comp_17969_cycle_1_27",1
"36015","virus_comp_17969_cycle_1_30",1
"36016","virus_comp_17969_cycle_1_31",1
"36017","virus_comp_17969_cycle_1_32",1
"36018","virus_comp_17969_cycle_1_33",1
"36019","virus_comp_17969_cycle_1_5",1
"36020","virus_comp_17969_cycle_1_7",1
"36021","virus_comp_17969_cycle_1_8",1
"36022","virus_comp_17969_cycle_1_9",1
"36023","virus_comp_17970_cycle_1_35",1
"36024","virus_comp_17972_cycle_1_1",1
"36025","virus_comp_17977_cycle_1_8",1
"36026","virus_comp_1798_cycle_1_1",1
"36027","virus_comp_1798_cycle_1_2",1
"36028","virus_comp_1798_cycle_1_3",1
"36029","virus_comp_1798_cycle_1_4",1
"36030","virus_comp_1798_cycle_1_6",1
"36031","virus_comp_1798_cycle_1_7",1
"36032","virus_comp_1798_cycle_1_8",1
"36033","virus_comp_17980_cycle_1_18",1
"36034","virus_comp_17981_cycle_1_15",1
"36035","virus_comp_17981_cycle_1_3",1
"36036","virus_comp_17981_cycle_1_5",1
"36037","virus_comp_17981_cycle_1_9",1
"36038","virus_comp_17983_cycle_1_10",1
"36039","virus_comp_17983_cycle_1_11",1
"36040","virus_comp_17983_cycle_1_14",1
"36041","virus_comp_17983_cycle_1_15",1
"36042","virus_comp_17983_cycle_1_16",1
"36043","virus_comp_17983_cycle_1_17",1
"36044","virus_comp_17983_cycle_1_18",1
"36045","virus_comp_17983_cycle_1_19",1
"36046","virus_comp_17984_cycle_1_1",1
"36047","virus_comp_17984_cycle_1_2",1
"36048","virus_comp_17984_cycle_1_20",1
"36049","virus_comp_17984_cycle_1_27",1
"36050","virus_comp_17984_cycle_1_3",1
"36051","virus_comp_17984_cycle_1_33",1
"36052","virus_comp_17984_cycle_1_7",1
"36053","virus_comp_17984_cycle_1_8",1
"36054","virus_comp_17985_cycle_1_17",1
"36055","virus_comp_17985_cycle_1_2",1
"36056","virus_comp_17985_cycle_1_3",1
"36057","virus_comp_17985_cycle_1_4",1
"36058","virus_comp_17985_cycle_1_8",1
"36059","virus_comp_17986_cycle_1_12",1
"36060","virus_comp_17986_cycle_1_13",1
"36061","virus_comp_17986_cycle_1_14",1
"36062","virus_comp_17986_cycle_1_15",1
"36063","virus_comp_17986_cycle_1_16",1
"36064","virus_comp_17986_cycle_1_17",1
"36065","virus_comp_17986_cycle_1_19",1
"36066","virus_comp_17986_cycle_1_2",1
"36067","virus_comp_17986_cycle_1_3",1
"36068","virus_comp_17986_cycle_1_4",1
"36069","virus_comp_17986_cycle_1_5",1
"36070","virus_comp_17986_cycle_1_8",1
"36071","virus_comp_17986_cycle_1_9",1
"36072","virus_comp_17992_cycle_1_10",1
"36073","virus_comp_17992_cycle_1_16",1
"36074","virus_comp_17992_cycle_1_6",1
"36075","virus_comp_17992_cycle_1_8",1
"36076","virus_comp_17994_cycle_1_1",1
"36077","virus_comp_17994_cycle_1_2",1
"36078","virus_comp_17995_cycle_1_10",1
"36079","virus_comp_17995_cycle_1_20",1
"36080","virus_comp_17995_cycle_1_4",1
"36081","virus_comp_17995_cycle_1_6",1
"36082","virus_comp_17998_cycle_1_7",1
"36083","virus_comp_17998_cycle_1_8",1
"36084","virus_comp_17998_cycle_1_9",1
"36085","virus_comp_17999_cycle_1_19",1
"36086","virus_comp_17999_cycle_1_2",1
"36087","virus_comp_17999_cycle_1_20",1
"36088","virus_comp_17999_cycle_1_6",1
"36089","virus_comp_17999_cycle_1_7",1
"36090","virus_comp_17999_cycle_1_8",1
"36091","virus_comp_1800_cycle_1_14",1
"36092","virus_comp_1800_cycle_1_6",1
"36093","virus_comp_18005_cycle_1_1",1
"36094","virus_comp_18006_cycle_1_1",1
"36095","virus_comp_18009_cycle_1_1",1
"36096","virus_comp_18009_cycle_1_12",1
"36097","virus_comp_18009_cycle_1_13",1
"36098","virus_comp_18009_cycle_1_15",1
"36099","virus_comp_1801_cycle_1_10",1
"36100","virus_comp_1801_cycle_1_11",1
"36101","virus_comp_1801_cycle_1_12",1
"36102","virus_comp_1801_cycle_1_13",1
"36103","virus_comp_1801_cycle_1_2",1
"36104","virus_comp_1801_cycle_1_3",1
"36105","virus_comp_1801_cycle_1_4",1
"36106","virus_comp_1801_cycle_1_5",1
"36107","virus_comp_1801_cycle_1_6",1
"36108","virus_comp_1801_cycle_1_7",1
"36109","virus_comp_1801_cycle_1_8",1
"36110","virus_comp_1801_cycle_1_9",1
"36111","virus_comp_18011_cycle_1_10",1
"36112","virus_comp_18011_cycle_1_12",1
"36113","virus_comp_18011_cycle_1_15",1
"36114","virus_comp_18018_cycle_1_1",1
"36115","virus_comp_18018_cycle_1_2",1
"36116","virus_comp_18018_cycle_1_3",1
"36117","virus_comp_18018_cycle_1_4",1
"36118","virus_comp_18018_cycle_1_6",1
"36119","virus_comp_18018_cycle_1_7",1
"36120","virus_comp_18018_cycle_1_8",1
"36121","virus_comp_18019_cycle_1_3",1
"36122","virus_comp_18020_cycle_1_2",1
"36123","virus_comp_18021_cycle_1_1",1
"36124","virus_comp_18021_cycle_1_10",1
"36125","virus_comp_18021_cycle_1_2",1
"36126","virus_comp_18021_cycle_1_8",1
"36127","virus_comp_18022_cycle_1_10",1
"36128","virus_comp_18022_cycle_1_11",1
"36129","virus_comp_18022_cycle_1_2",1
"36130","virus_comp_18022_cycle_1_3",1
"36131","virus_comp_18022_cycle_1_4",1
"36132","virus_comp_18022_cycle_1_5",1
"36133","virus_comp_18022_cycle_1_6",1
"36134","virus_comp_18022_cycle_1_7",1
"36135","virus_comp_18022_cycle_1_9",1
"36136","virus_comp_18027_cycle_1_5",1
"36137","virus_comp_18027_cycle_1_7",1
"36138","virus_comp_18027_cycle_1_8",1
"36139","virus_comp_18028_cycle_1_3",1
"36140","virus_comp_18028_cycle_1_6",1
"36141","virus_comp_18032_cycle_1_1",1
"36142","virus_comp_18032_cycle_1_13",1
"36143","virus_comp_18032_cycle_1_4",1
"36144","virus_comp_18032_cycle_1_5",1
"36145","virus_comp_18034_cycle_1_1",1
"36146","virus_comp_18034_cycle_1_2",1
"36147","virus_comp_18034_cycle_1_4",1
"36148","virus_comp_18035_cycle_1_1",1
"36149","virus_comp_18035_cycle_1_2",1
"36150","virus_comp_18035_cycle_1_3",1
"36151","virus_comp_18036_cycle_1_3",1
"36152","virus_comp_18043_cycle_1_12",1
"36153","virus_comp_18043_cycle_1_2",1
"36154","virus_comp_18043_cycle_1_6",1
"36155","virus_comp_18044_cycle_1_1",1
"36156","virus_comp_18044_cycle_1_3",1
"36157","virus_comp_18044_cycle_1_4",1
"36158","virus_comp_18044_cycle_1_7",1
"36159","virus_comp_1805_cycle_1_1",1
"36160","virus_comp_1805_cycle_1_10",1
"36161","virus_comp_1805_cycle_1_11",1
"36162","virus_comp_1805_cycle_1_13",1
"36163","virus_comp_1805_cycle_1_14",1
"36164","virus_comp_1805_cycle_1_15",1
"36165","virus_comp_1805_cycle_1_16",1
"36166","virus_comp_1805_cycle_1_17",1
"36167","virus_comp_1805_cycle_1_2",1
"36168","virus_comp_1805_cycle_1_6",1
"36169","virus_comp_1805_cycle_1_9",1
"36170","virus_comp_18053_cycle_1_3",1
"36171","virus_comp_18053_cycle_1_4",1
"36172","virus_comp_18053_cycle_1_6",1
"36173","virus_comp_18055_cycle_1_11",1
"36174","virus_comp_18055_cycle_1_19",1
"36175","virus_comp_18055_cycle_1_2",1
"36176","virus_comp_18055_cycle_1_7",1
"36177","virus_comp_18055_cycle_1_9",1
"36178","virus_comp_1806_cycle_1_1",1
"36179","virus_comp_1806_cycle_1_18",1
"36180","virus_comp_1806_cycle_1_19",1
"36181","virus_comp_1806_cycle_1_2",1
"36182","virus_comp_1806_cycle_1_3",1
"36183","virus_comp_1806_cycle_1_8",1
"36184","virus_comp_18061_cycle_1_1",1
"36185","virus_comp_18061_cycle_1_2",1
"36186","virus_comp_18061_cycle_1_6",1
"36187","virus_comp_18061_cycle_1_9",1
"36188","virus_comp_18063_cycle_1_7",1
"36189","virus_comp_18065_cycle_1_5",1
"36190","virus_comp_18067_cycle_1_1",1
"36191","virus_comp_18067_cycle_1_11",1
"36192","virus_comp_18067_cycle_1_14",1
"36193","virus_comp_18067_cycle_1_3",1
"36194","virus_comp_18067_cycle_1_4",1
"36195","virus_comp_18067_cycle_1_5",1
"36196","virus_comp_18067_cycle_1_8",1
"36197","virus_comp_18067_cycle_1_9",1
"36198","virus_comp_18071_cycle_1_4",1
"36199","virus_comp_18072_cycle_1_10",1
"36200","virus_comp_18072_cycle_1_11",1
"36201","virus_comp_18072_cycle_1_12",1
"36202","virus_comp_18072_cycle_1_13",1
"36203","virus_comp_18072_cycle_1_14",1
"36204","virus_comp_18072_cycle_1_15",1
"36205","virus_comp_18072_cycle_1_16",1
"36206","virus_comp_18072_cycle_1_8",1
"36207","virus_comp_18072_cycle_1_9",1
"36208","virus_comp_18083_cycle_1_10",1
"36209","virus_comp_18083_cycle_1_3",1
"36210","virus_comp_18083_cycle_1_4",1
"36211","virus_comp_18083_cycle_1_5",1
"36212","virus_comp_18085_cycle_1_4",1
"36213","virus_comp_18088_cycle_1_1",1
"36214","virus_comp_18088_cycle_1_2",1
"36215","virus_comp_18088_cycle_1_4",1
"36216","virus_comp_18088_cycle_1_6",1
"36217","virus_comp_18088_cycle_1_7",1
"36218","virus_comp_18088_cycle_1_8",1
"36219","virus_comp_1809_cycle_1_1",1
"36220","virus_comp_1809_cycle_1_10",1
"36221","virus_comp_1809_cycle_1_11",1
"36222","virus_comp_1809_cycle_1_12",1
"36223","virus_comp_1809_cycle_1_5",1
"36224","virus_comp_1809_cycle_1_7",1
"36225","virus_comp_18091_cycle_1_13",1
"36226","virus_comp_18091_cycle_1_14",1
"36227","virus_comp_18093_cycle_1_1",1
"36228","virus_comp_18093_cycle_1_2",1
"36229","virus_comp_18093_cycle_1_3",1
"36230","virus_comp_18093_cycle_1_4",1
"36231","virus_comp_18093_cycle_1_5",1
"36232","virus_comp_18094_cycle_1_10",1
"36233","virus_comp_18094_cycle_1_9",1
"36234","virus_comp_18095_cycle_1_5",1
"36235","virus_comp_18100_cycle_1_1",1
"36236","virus_comp_18100_cycle_1_2",1
"36237","virus_comp_18100_cycle_1_4",1
"36238","virus_comp_18100_cycle_1_5",1
"36239","virus_comp_18100_cycle_1_6",1
"36240","virus_comp_18101_cycle_1_1",1
"36241","virus_comp_18101_cycle_1_2",1
"36242","virus_comp_18101_cycle_1_3",1
"36243","virus_comp_18101_cycle_1_5",1
"36244","virus_comp_18101_cycle_1_6",1
"36245","virus_comp_18101_cycle_1_7",1
"36246","virus_comp_18104_cycle_1_2",1
"36247","virus_comp_18107_cycle_1_12",1
"36248","virus_comp_18107_cycle_1_5",1
"36249","virus_comp_1811_cycle_1_1",1
"36250","virus_comp_1811_cycle_1_10",1
"36251","virus_comp_1811_cycle_1_13",1
"36252","virus_comp_1811_cycle_1_3",1
"36253","virus_comp_1811_cycle_1_4",1
"36254","virus_comp_1811_cycle_1_5",1
"36255","virus_comp_1811_cycle_1_6",1
"36256","virus_comp_1811_cycle_1_8",1
"36257","virus_comp_1811_cycle_1_9",1
"36258","virus_comp_18113_cycle_1_6",1
"36259","virus_comp_18124_cycle_1_1",1
"36260","virus_comp_18129_cycle_1_12",1
"36261","virus_comp_18129_cycle_1_13",1
"36262","virus_comp_18129_cycle_1_3",1
"36263","virus_comp_18129_cycle_1_4",1
"36264","virus_comp_18131_cycle_1_15",1
"36265","virus_comp_18133_cycle_1_1",1
"36266","virus_comp_18133_cycle_1_3",1
"36267","virus_comp_18133_cycle_1_5",1
"36268","virus_comp_18133_cycle_1_7",1
"36269","virus_comp_18133_cycle_1_9",1
"36270","virus_comp_18134_cycle_1_7",1
"36271","virus_comp_18136_cycle_1_3",1
"36272","virus_comp_18136_cycle_1_4",1
"36273","virus_comp_18136_cycle_1_5",1
"36274","virus_comp_18136_cycle_1_7",1
"36275","virus_comp_18136_cycle_1_9",1
"36276","virus_comp_18138_cycle_1_2",1
"36277","virus_comp_18138_cycle_1_3",1
"36278","virus_comp_18138_cycle_1_6",1
"36279","virus_comp_1814_cycle_1_1",1
"36280","virus_comp_1814_cycle_1_2",1
"36281","virus_comp_1814_cycle_1_3",1
"36282","virus_comp_1814_cycle_1_5",1
"36283","virus_comp_1814_cycle_1_6",1
"36284","virus_comp_1814_cycle_1_7",1
"36285","virus_comp_1814_cycle_1_9",1
"36286","virus_comp_18140_cycle_1_1",1
"36287","virus_comp_18140_cycle_1_10",1
"36288","virus_comp_18140_cycle_1_12",1
"36289","virus_comp_18140_cycle_1_13",1
"36290","virus_comp_18140_cycle_1_14",1
"36291","virus_comp_18140_cycle_1_15",1
"36292","virus_comp_18140_cycle_1_2",1
"36293","virus_comp_18140_cycle_1_3",1
"36294","virus_comp_18140_cycle_1_5",1
"36295","virus_comp_18140_cycle_1_6",1
"36296","virus_comp_18140_cycle_1_7",1
"36297","virus_comp_1815_cycle_1_6",1
"36298","virus_comp_1816_cycle_1_1",1
"36299","virus_comp_1816_cycle_1_15",1
"36300","virus_comp_18161_cycle_1_11",1
"36301","virus_comp_18161_cycle_1_14",1
"36302","virus_comp_18161_cycle_1_15",1
"36303","virus_comp_18161_cycle_1_19",1
"36304","virus_comp_18161_cycle_1_2",1
"36305","virus_comp_18161_cycle_1_22",1
"36306","virus_comp_18161_cycle_1_3",1
"36307","virus_comp_18161_cycle_1_9",1
"36308","virus_comp_1817_cycle_1_1",1
"36309","virus_comp_1817_cycle_1_2",1
"36310","virus_comp_1817_cycle_1_3",1
"36311","virus_comp_1817_cycle_1_4",1
"36312","virus_comp_18170_cycle_1_1",1
"36313","virus_comp_18170_cycle_1_2",1
"36314","virus_comp_18170_cycle_1_4",1
"36315","virus_comp_18170_cycle_1_6",1
"36316","virus_comp_18175_cycle_1_1",1
"36317","virus_comp_18175_cycle_1_10",1
"36318","virus_comp_18175_cycle_1_11",1
"36319","virus_comp_18175_cycle_1_12",1
"36320","virus_comp_18175_cycle_1_13",1
"36321","virus_comp_18175_cycle_1_2",1
"36322","virus_comp_18175_cycle_1_4",1
"36323","virus_comp_18175_cycle_1_9",1
"36324","virus_comp_18177_cycle_1_5",1
"36325","virus_comp_18177_cycle_1_9",1
"36326","virus_comp_18178_cycle_1_11",1
"36327","virus_comp_18178_cycle_1_9",1
"36328","virus_comp_1818_cycle_1_1",1
"36329","virus_comp_1818_cycle_1_10",1
"36330","virus_comp_1818_cycle_1_11",1
"36331","virus_comp_1818_cycle_1_2",1
"36332","virus_comp_1818_cycle_1_3",1
"36333","virus_comp_1818_cycle_1_4",1
"36334","virus_comp_1818_cycle_1_5",1
"36335","virus_comp_1818_cycle_1_6",1
"36336","virus_comp_1818_cycle_1_7",1
"36337","virus_comp_1818_cycle_1_8",1
"36338","virus_comp_1818_cycle_1_9",1
"36339","virus_comp_18181_cycle_1_1",1
"36340","virus_comp_18181_cycle_1_4",1
"36341","virus_comp_18181_cycle_1_6",1
"36342","virus_comp_1819_cycle_1_12",1
"36343","virus_comp_18190_cycle_1_1",1
"36344","virus_comp_18190_cycle_1_2",1
"36345","virus_comp_18190_cycle_1_3",1
"36346","virus_comp_18190_cycle_1_7",1
"36347","virus_comp_18195_cycle_1_1",1
"36348","virus_comp_18195_cycle_1_2",1
"36349","virus_comp_18195_cycle_1_6",1
"36350","virus_comp_1820_cycle_1_1",1
"36351","virus_comp_1820_cycle_1_10",1
"36352","virus_comp_1820_cycle_1_2",1
"36353","virus_comp_1820_cycle_1_3",1
"36354","virus_comp_1820_cycle_1_4",1
"36355","virus_comp_1820_cycle_1_5",1
"36356","virus_comp_1820_cycle_1_6",1
"36357","virus_comp_1820_cycle_1_7",1
"36358","virus_comp_1820_cycle_1_8",1
"36359","virus_comp_1820_cycle_1_9",1
"36360","virus_comp_18205_cycle_1_4",1
"36361","virus_comp_18206_cycle_1_1",1
"36362","virus_comp_18206_cycle_1_2",1
"36363","virus_comp_1821_cycle_1_1",1
"36364","virus_comp_1821_cycle_1_10",1
"36365","virus_comp_1821_cycle_1_11",1
"36366","virus_comp_1821_cycle_1_2",1
"36367","virus_comp_1821_cycle_1_3",1
"36368","virus_comp_1821_cycle_1_4",1
"36369","virus_comp_1821_cycle_1_5",1
"36370","virus_comp_1821_cycle_1_6",1
"36371","virus_comp_1821_cycle_1_7",1
"36372","virus_comp_1821_cycle_1_8",1
"36373","virus_comp_1821_cycle_1_9",1
"36374","virus_comp_18219_cycle_1_7",1
"36375","virus_comp_18230_cycle_1_19",1
"36376","virus_comp_18232_cycle_1_1",1
"36377","virus_comp_18232_cycle_1_2",1
"36378","virus_comp_18232_cycle_1_3",1
"36379","virus_comp_18235_cycle_1_1",1
"36380","virus_comp_18235_cycle_1_5",1
"36381","virus_comp_1824_cycle_1_1",1
"36382","virus_comp_1824_cycle_1_4",1
"36383","virus_comp_1824_cycle_1_9",1
"36384","virus_comp_18243_cycle_1_2",1
"36385","virus_comp_18243_cycle_1_3",1
"36386","virus_comp_18249_cycle_1_7",1
"36387","virus_comp_18252_cycle_1_6",1
"36388","virus_comp_18260_cycle_1_1",1
"36389","virus_comp_18260_cycle_1_2",1
"36390","virus_comp_1828_cycle_1_1",1
"36391","virus_comp_1828_cycle_1_10",1
"36392","virus_comp_1828_cycle_1_11",1
"36393","virus_comp_1828_cycle_1_12",1
"36394","virus_comp_1828_cycle_1_13",1
"36395","virus_comp_1828_cycle_1_14",1
"36396","virus_comp_1828_cycle_1_2",1
"36397","virus_comp_1828_cycle_1_3",1
"36398","virus_comp_1828_cycle_1_4",1
"36399","virus_comp_1828_cycle_1_5",1
"36400","virus_comp_1828_cycle_1_6",1
"36401","virus_comp_1828_cycle_1_7",1
"36402","virus_comp_1828_cycle_1_8",1
"36403","virus_comp_1828_cycle_1_9",1
"36404","virus_comp_18289_cycle_1_10",1
"36405","virus_comp_18289_cycle_1_12",1
"36406","virus_comp_18289_cycle_1_8",1
"36407","virus_comp_1829_cycle_1_3",1
"36408","virus_comp_1829_cycle_1_4",1
"36409","virus_comp_18303_cycle_1_1",1
"36410","virus_comp_18303_cycle_1_2",1
"36411","virus_comp_18303_cycle_1_3",1
"36412","virus_comp_18303_cycle_1_4",1
"36413","virus_comp_18303_cycle_1_5",1
"36414","virus_comp_18332_cycle_1_1",1
"36415","virus_comp_18338_cycle_1_3",1
"36416","virus_comp_18338_cycle_1_5",1
"36417","virus_comp_18339_cycle_1_5",1
"36418","virus_comp_18339_cycle_1_7",1
"36419","virus_comp_18339_cycle_1_8",1
"36420","virus_comp_18349_cycle_1_1",1
"36421","virus_comp_18352_cycle_1_5",1
"36422","virus_comp_18354_cycle_1_2",1
"36423","virus_comp_18354_cycle_1_4",1
"36424","virus_comp_18354_cycle_1_6",1
"36425","virus_comp_18354_cycle_1_7",1
"36426","virus_comp_18362_cycle_1_5",1
"36427","virus_comp_18365_cycle_1_1",1
"36428","virus_comp_18365_cycle_1_3",1
"36429","virus_comp_18365_cycle_1_4",1
"36430","virus_comp_18365_cycle_1_5",1
"36431","virus_comp_18373_cycle_1_2",1
"36432","virus_comp_18373_cycle_1_3",1
"36433","virus_comp_18373_cycle_1_4",1
"36434","virus_comp_18378_cycle_1_3",1
"36435","virus_comp_18378_cycle_1_4",1
"36436","virus_comp_1838_cycle_1_2",1
"36437","virus_comp_1838_cycle_1_4",1
"36438","virus_comp_1838_cycle_1_6",1
"36439","virus_comp_1838_cycle_1_7",1
"36440","virus_comp_18380_cycle_1_2",1
"36441","virus_comp_18380_cycle_1_6",1
"36442","virus_comp_18383_cycle_1_3",1
"36443","virus_comp_18383_cycle_1_4",1
"36444","virus_comp_18387_cycle_1_3",1
"36445","virus_comp_18387_cycle_1_7",1
"36446","virus_comp_18395_cycle_1_1",1
"36447","virus_comp_18397_cycle_1_2",1
"36448","virus_comp_18397_cycle_1_3",1
"36449","virus_comp_18407_cycle_1_4",1
"36450","virus_comp_18407_cycle_1_5",1
"36451","virus_comp_18407_cycle_1_6",1
"36452","virus_comp_18412_cycle_1_8",1
"36453","virus_comp_18433_cycle_1_1",1
"36454","virus_comp_18433_cycle_1_2",1
"36455","virus_comp_18433_cycle_1_3",1
"36456","virus_comp_18434_cycle_1_3",1
"36457","virus_comp_18438_cycle_1_6",1
"36458","virus_comp_18438_cycle_1_7",1
"36459","virus_comp_18449_cycle_1_4",1
"36460","virus_comp_1845_cycle_1_1",1
"36461","virus_comp_1845_cycle_1_10",1
"36462","virus_comp_1845_cycle_1_12",1
"36463","virus_comp_1845_cycle_1_3",1
"36464","virus_comp_1845_cycle_1_4",1
"36465","virus_comp_1845_cycle_1_5",1
"36466","virus_comp_1845_cycle_1_6",1
"36467","virus_comp_1845_cycle_1_8",1
"36468","virus_comp_1845_cycle_1_9",1
"36469","virus_comp_1846_cycle_1_1",1
"36470","virus_comp_1846_cycle_1_10",1
"36471","virus_comp_1846_cycle_1_11",1
"36472","virus_comp_1846_cycle_1_12",1
"36473","virus_comp_1846_cycle_1_14",1
"36474","virus_comp_1846_cycle_1_2",1
"36475","virus_comp_1846_cycle_1_3",1
"36476","virus_comp_1846_cycle_1_4",1
"36477","virus_comp_1846_cycle_1_5",1
"36478","virus_comp_1846_cycle_1_6",1
"36479","virus_comp_1846_cycle_1_7",1
"36480","virus_comp_1846_cycle_1_8",1
"36481","virus_comp_1846_cycle_1_9",1
"36482","virus_comp_18494_cycle_1_2",1
"36483","virus_comp_18497_cycle_1_1",1
"36484","virus_comp_18497_cycle_1_2",1
"36485","virus_comp_18513_cycle_1_1",1
"36486","virus_comp_18520_cycle_1_2",1
"36487","virus_comp_1853_cycle_1_10",1
"36488","virus_comp_1853_cycle_1_12",1
"36489","virus_comp_1853_cycle_1_17",1
"36490","virus_comp_1853_cycle_1_18",1
"36491","virus_comp_1853_cycle_1_19",1
"36492","virus_comp_1853_cycle_1_2",1
"36493","virus_comp_1853_cycle_1_3",1
"36494","virus_comp_1853_cycle_1_6",1
"36495","virus_comp_1853_cycle_1_7",1
"36496","virus_comp_1854_cycle_1_4",1
"36497","virus_comp_1858_cycle_1_13",1
"36498","virus_comp_1862_cycle_1_10",1
"36499","virus_comp_1862_cycle_1_11",1
"36500","virus_comp_1862_cycle_1_12",1
"36501","virus_comp_1862_cycle_1_13",1
"36502","virus_comp_1862_cycle_1_14",1
"36503","virus_comp_1862_cycle_1_16",1
"36504","virus_comp_1862_cycle_1_17",1
"36505","virus_comp_1862_cycle_1_3",1
"36506","virus_comp_1862_cycle_1_4",1
"36507","virus_comp_1862_cycle_1_5",1
"36508","virus_comp_1862_cycle_1_6",1
"36509","virus_comp_1864_cycle_1_1",1
"36510","virus_comp_1864_cycle_1_10",1
"36511","virus_comp_1864_cycle_1_11",1
"36512","virus_comp_1864_cycle_1_12",1
"36513","virus_comp_1864_cycle_1_13",1
"36514","virus_comp_1864_cycle_1_2",1
"36515","virus_comp_1864_cycle_1_3",1
"36516","virus_comp_1864_cycle_1_4",1
"36517","virus_comp_1864_cycle_1_7",1
"36518","virus_comp_1864_cycle_1_8",1
"36519","virus_comp_1864_cycle_1_9",1
"36520","virus_comp_1865_cycle_1_1",1
"36521","virus_comp_1865_cycle_1_11",1
"36522","virus_comp_1865_cycle_1_12",1
"36523","virus_comp_1865_cycle_1_13",1
"36524","virus_comp_1865_cycle_1_14",1
"36525","virus_comp_1865_cycle_1_17",1
"36526","virus_comp_1865_cycle_1_19",1
"36527","virus_comp_1865_cycle_1_2",1
"36528","virus_comp_1865_cycle_1_4",1
"36529","virus_comp_1865_cycle_1_5",1
"36530","virus_comp_1865_cycle_1_7",1
"36531","virus_comp_1865_cycle_1_8",1
"36532","virus_comp_1865_cycle_1_9",1
"36533","virus_comp_1867_cycle_1_1",1
"36534","virus_comp_1867_cycle_1_10",1
"36535","virus_comp_1867_cycle_1_11",1
"36536","virus_comp_1867_cycle_1_12",1
"36537","virus_comp_1867_cycle_1_13",1
"36538","virus_comp_1867_cycle_1_14",1
"36539","virus_comp_1867_cycle_1_15",1
"36540","virus_comp_1867_cycle_1_2",1
"36541","virus_comp_1867_cycle_1_3",1
"36542","virus_comp_1867_cycle_1_4",1
"36543","virus_comp_1867_cycle_1_5",1
"36544","virus_comp_1867_cycle_1_6",1
"36545","virus_comp_1867_cycle_1_7",1
"36546","virus_comp_1867_cycle_1_8",1
"36547","virus_comp_1867_cycle_1_9",1
"36548","virus_comp_1868_cycle_1_1",1
"36549","virus_comp_1868_cycle_1_11",1
"36550","virus_comp_1868_cycle_1_2",1
"36551","virus_comp_1868_cycle_1_3",1
"36552","virus_comp_1868_cycle_1_4",1
"36553","virus_comp_1868_cycle_1_5",1
"36554","virus_comp_1868_cycle_1_6",1
"36555","virus_comp_1868_cycle_1_7",1
"36556","virus_comp_1868_cycle_1_8",1
"36557","virus_comp_1868_cycle_1_9",1
"36558","virus_comp_1874_cycle_1_1",1
"36559","virus_comp_1874_cycle_1_10",1
"36560","virus_comp_1874_cycle_1_2",1
"36561","virus_comp_1874_cycle_1_3",1
"36562","virus_comp_1874_cycle_1_4",1
"36563","virus_comp_1874_cycle_1_5",1
"36564","virus_comp_1874_cycle_1_6",1
"36565","virus_comp_1874_cycle_1_7",1
"36566","virus_comp_1874_cycle_1_8",1
"36567","virus_comp_1874_cycle_1_9",1
"36568","virus_comp_1876_cycle_1_1",1
"36569","virus_comp_1876_cycle_1_3",1
"36570","virus_comp_1876_cycle_1_4",1
"36571","virus_comp_1876_cycle_1_5",1
"36572","virus_comp_1879_cycle_1_1",1
"36573","virus_comp_1879_cycle_1_3",1
"36574","virus_comp_1879_cycle_1_5",1
"36575","virus_comp_1879_cycle_1_6",1
"36576","virus_comp_1880_cycle_1_1",1
"36577","virus_comp_1880_cycle_1_2",1
"36578","virus_comp_1880_cycle_1_3",1
"36579","virus_comp_1880_cycle_1_4",1
"36580","virus_comp_1880_cycle_1_5",1
"36581","virus_comp_1880_cycle_1_6",1
"36582","virus_comp_1880_cycle_1_7",1
"36583","virus_comp_1880_cycle_1_8",1
"36584","virus_comp_1880_cycle_1_9",1
"36585","virus_comp_1889_cycle_1_1",1
"36586","virus_comp_1889_cycle_1_11",1
"36587","virus_comp_1889_cycle_1_12",1
"36588","virus_comp_1889_cycle_1_13",1
"36589","virus_comp_1889_cycle_1_14",1
"36590","virus_comp_1889_cycle_1_15",1
"36591","virus_comp_1889_cycle_1_17",1
"36592","virus_comp_1889_cycle_1_18",1
"36593","virus_comp_1889_cycle_1_4",1
"36594","virus_comp_1889_cycle_1_7",1
"36595","virus_comp_1898_cycle_1_19",1
"36596","virus_comp_1899_cycle_1_1",1
"36597","virus_comp_1899_cycle_1_2",1
"36598","virus_comp_1899_cycle_1_3",1
"36599","virus_comp_1899_cycle_1_4",1
"36600","virus_comp_1902_cycle_1_1",1
"36601","virus_comp_1902_cycle_1_2",1
"36602","virus_comp_1902_cycle_1_3",1
"36603","virus_comp_1902_cycle_1_4",1
"36604","virus_comp_1902_cycle_1_5",1
"36605","virus_comp_1902_cycle_1_6",1
"36606","virus_comp_1902_cycle_1_7",1
"36607","virus_comp_1902_cycle_1_8",1
"36608","virus_comp_1903_cycle_1_2",1
"36609","virus_comp_1903_cycle_1_3",1
"36610","virus_comp_1903_cycle_1_5",1
"36611","virus_comp_1903_cycle_1_6",1
"36612","virus_comp_1903_cycle_1_7",1
"36613","virus_comp_1903_cycle_1_8",1
"36614","virus_comp_1904_cycle_1_1",1
"36615","virus_comp_1904_cycle_1_7",1
"36616","virus_comp_1906_cycle_1_1",1
"36617","virus_comp_1906_cycle_1_10",1
"36618","virus_comp_1906_cycle_1_11",1
"36619","virus_comp_1906_cycle_1_12",1
"36620","virus_comp_1906_cycle_1_14",1
"36621","virus_comp_1906_cycle_1_2",1
"36622","virus_comp_1906_cycle_1_3",1
"36623","virus_comp_1906_cycle_1_4",1
"36624","virus_comp_1906_cycle_1_6",1
"36625","virus_comp_1906_cycle_1_8",1
"36626","virus_comp_1906_cycle_1_9",1
"36627","virus_comp_1908_cycle_1_1",1
"36628","virus_comp_1908_cycle_1_10",1
"36629","virus_comp_1908_cycle_1_11",1
"36630","virus_comp_1908_cycle_1_12",1
"36631","virus_comp_1908_cycle_1_13",1
"36632","virus_comp_1908_cycle_1_14",1
"36633","virus_comp_1908_cycle_1_2",1
"36634","virus_comp_1908_cycle_1_5",1
"36635","virus_comp_1908_cycle_1_6",1
"36636","virus_comp_1908_cycle_1_9",1
"36637","virus_comp_1909_cycle_1_1",1
"36638","virus_comp_1909_cycle_1_10",1
"36639","virus_comp_1909_cycle_1_11",1
"36640","virus_comp_1909_cycle_1_12",1
"36641","virus_comp_1909_cycle_1_13",1
"36642","virus_comp_1909_cycle_1_2",1
"36643","virus_comp_1909_cycle_1_5",1
"36644","virus_comp_1909_cycle_1_6",1
"36645","virus_comp_1909_cycle_1_7",1
"36646","virus_comp_1909_cycle_1_8",1
"36647","virus_comp_1909_cycle_1_9",1
"36648","virus_comp_1910_cycle_1_10",1
"36649","virus_comp_1910_cycle_1_11",1
"36650","virus_comp_1910_cycle_1_12",1
"36651","virus_comp_1910_cycle_1_13",1
"36652","virus_comp_1910_cycle_1_2",1
"36653","virus_comp_1910_cycle_1_4",1
"36654","virus_comp_1910_cycle_1_6",1
"36655","virus_comp_1910_cycle_1_7",1
"36656","virus_comp_1910_cycle_1_8",1
"36657","virus_comp_1910_cycle_1_9",1
"36658","virus_comp_1911_cycle_1_1",1
"36659","virus_comp_1911_cycle_1_10",1
"36660","virus_comp_1911_cycle_1_11",1
"36661","virus_comp_1911_cycle_1_12",1
"36662","virus_comp_1911_cycle_1_13",1
"36663","virus_comp_1911_cycle_1_14",1
"36664","virus_comp_1911_cycle_1_15",1
"36665","virus_comp_1911_cycle_1_2",1
"36666","virus_comp_1911_cycle_1_3",1
"36667","virus_comp_1911_cycle_1_4",1
"36668","virus_comp_1911_cycle_1_5",1
"36669","virus_comp_1911_cycle_1_6",1
"36670","virus_comp_1911_cycle_1_7",1
"36671","virus_comp_1911_cycle_1_8",1
"36672","virus_comp_1911_cycle_1_9",1
"36673","virus_comp_1916_cycle_1_4",1
"36674","virus_comp_1916_cycle_1_6",1
"36675","virus_comp_1916_cycle_1_7",1
"36676","virus_comp_1922_cycle_1_1",1
"36677","virus_comp_1922_cycle_1_10",1
"36678","virus_comp_1922_cycle_1_11",1
"36679","virus_comp_1922_cycle_1_12",1
"36680","virus_comp_1922_cycle_1_13",1
"36681","virus_comp_1922_cycle_1_2",1
"36682","virus_comp_1922_cycle_1_3",1
"36683","virus_comp_1922_cycle_1_4",1
"36684","virus_comp_1922_cycle_1_5",1
"36685","virus_comp_1922_cycle_1_6",1
"36686","virus_comp_1922_cycle_1_7",1
"36687","virus_comp_1922_cycle_1_8",1
"36688","virus_comp_1922_cycle_1_9",1
"36689","virus_comp_1924_cycle_1_1",1
"36690","virus_comp_1924_cycle_1_11",1
"36691","virus_comp_1924_cycle_1_12",1
"36692","virus_comp_1924_cycle_1_13",1
"36693","virus_comp_1924_cycle_1_14",1
"36694","virus_comp_1924_cycle_1_15",1
"36695","virus_comp_1924_cycle_1_16",1
"36696","virus_comp_1924_cycle_1_17",1
"36697","virus_comp_1924_cycle_1_2",1
"36698","virus_comp_1924_cycle_1_3",1
"36699","virus_comp_1924_cycle_1_4",1
"36700","virus_comp_1924_cycle_1_6",1
"36701","virus_comp_1924_cycle_1_7",1
"36702","virus_comp_1924_cycle_1_8",1
"36703","virus_comp_1924_cycle_1_9",1
"36704","virus_comp_1925_cycle_1_7",1
"36705","virus_comp_1927_cycle_1_3",1
"36706","virus_comp_1928_cycle_1_1",1
"36707","virus_comp_1928_cycle_1_2",1
"36708","virus_comp_1928_cycle_1_3",1
"36709","virus_comp_1928_cycle_1_4",1
"36710","virus_comp_1928_cycle_1_5",1
"36711","virus_comp_1929_cycle_1_3",1
"36712","virus_comp_1929_cycle_1_4",1
"36713","virus_comp_1929_cycle_1_7",1
"36714","virus_comp_193_cycle_1_1",1
"36715","virus_comp_193_cycle_1_10",1
"36716","virus_comp_193_cycle_1_100",1
"36717","virus_comp_193_cycle_1_101",1
"36718","virus_comp_193_cycle_1_102",1
"36719","virus_comp_193_cycle_1_103",1
"36720","virus_comp_193_cycle_1_104",1
"36721","virus_comp_193_cycle_1_105",1
"36722","virus_comp_193_cycle_1_106",1
"36723","virus_comp_193_cycle_1_107",1
"36724","virus_comp_193_cycle_1_108",1
"36725","virus_comp_193_cycle_1_109",1
"36726","virus_comp_193_cycle_1_11",1
"36727","virus_comp_193_cycle_1_110",1
"36728","virus_comp_193_cycle_1_111",1
"36729","virus_comp_193_cycle_1_112",1
"36730","virus_comp_193_cycle_1_113",1
"36731","virus_comp_193_cycle_1_114",1
"36732","virus_comp_193_cycle_1_115",1
"36733","virus_comp_193_cycle_1_116",1
"36734","virus_comp_193_cycle_1_117",1
"36735","virus_comp_193_cycle_1_118",1
"36736","virus_comp_193_cycle_1_119",1
"36737","virus_comp_193_cycle_1_12",1
"36738","virus_comp_193_cycle_1_120",1
"36739","virus_comp_193_cycle_1_121",1
"36740","virus_comp_193_cycle_1_122",1
"36741","virus_comp_193_cycle_1_123",1
"36742","virus_comp_193_cycle_1_124",1
"36743","virus_comp_193_cycle_1_125",1
"36744","virus_comp_193_cycle_1_126",1
"36745","virus_comp_193_cycle_1_127",1
"36746","virus_comp_193_cycle_1_128",1
"36747","virus_comp_193_cycle_1_129",1
"36748","virus_comp_193_cycle_1_13",1
"36749","virus_comp_193_cycle_1_130",1
"36750","virus_comp_193_cycle_1_131",1
"36751","virus_comp_193_cycle_1_132",1
"36752","virus_comp_193_cycle_1_133",1
"36753","virus_comp_193_cycle_1_134",1
"36754","virus_comp_193_cycle_1_135",1
"36755","virus_comp_193_cycle_1_136",1
"36756","virus_comp_193_cycle_1_137",1
"36757","virus_comp_193_cycle_1_138",1
"36758","virus_comp_193_cycle_1_139",1
"36759","virus_comp_193_cycle_1_14",1
"36760","virus_comp_193_cycle_1_140",1
"36761","virus_comp_193_cycle_1_142",1
"36762","virus_comp_193_cycle_1_143",1
"36763","virus_comp_193_cycle_1_144",1
"36764","virus_comp_193_cycle_1_146",1
"36765","virus_comp_193_cycle_1_147",1
"36766","virus_comp_193_cycle_1_149",1
"36767","virus_comp_193_cycle_1_15",1
"36768","virus_comp_193_cycle_1_150",1
"36769","virus_comp_193_cycle_1_151",1
"36770","virus_comp_193_cycle_1_153",1
"36771","virus_comp_193_cycle_1_154",1
"36772","virus_comp_193_cycle_1_155",1
"36773","virus_comp_193_cycle_1_156",1
"36774","virus_comp_193_cycle_1_157",1
"36775","virus_comp_193_cycle_1_158",1
"36776","virus_comp_193_cycle_1_16",1
"36777","virus_comp_193_cycle_1_160",1
"36778","virus_comp_193_cycle_1_161",1
"36779","virus_comp_193_cycle_1_162",1
"36780","virus_comp_193_cycle_1_163",1
"36781","virus_comp_193_cycle_1_164",1
"36782","virus_comp_193_cycle_1_165",1
"36783","virus_comp_193_cycle_1_166",1
"36784","virus_comp_193_cycle_1_167",1
"36785","virus_comp_193_cycle_1_168",1
"36786","virus_comp_193_cycle_1_17",1
"36787","virus_comp_193_cycle_1_18",1
"36788","virus_comp_193_cycle_1_19",1
"36789","virus_comp_193_cycle_1_2",1
"36790","virus_comp_193_cycle_1_20",1
"36791","virus_comp_193_cycle_1_21",1
"36792","virus_comp_193_cycle_1_22",1
"36793","virus_comp_193_cycle_1_23",1
"36794","virus_comp_193_cycle_1_28",1
"36795","virus_comp_193_cycle_1_29",1
"36796","virus_comp_193_cycle_1_3",1
"36797","virus_comp_193_cycle_1_30",1
"36798","virus_comp_193_cycle_1_31",1
"36799","virus_comp_193_cycle_1_32",1
"36800","virus_comp_193_cycle_1_33",1
"36801","virus_comp_193_cycle_1_34",1
"36802","virus_comp_193_cycle_1_35",1
"36803","virus_comp_193_cycle_1_36",1
"36804","virus_comp_193_cycle_1_37",1
"36805","virus_comp_193_cycle_1_38",1
"36806","virus_comp_193_cycle_1_39",1
"36807","virus_comp_193_cycle_1_4",1
"36808","virus_comp_193_cycle_1_40",1
"36809","virus_comp_193_cycle_1_41",1
"36810","virus_comp_193_cycle_1_42",1
"36811","virus_comp_193_cycle_1_43",1
"36812","virus_comp_193_cycle_1_44",1
"36813","virus_comp_193_cycle_1_45",1
"36814","virus_comp_193_cycle_1_46",1
"36815","virus_comp_193_cycle_1_47",1
"36816","virus_comp_193_cycle_1_48",1
"36817","virus_comp_193_cycle_1_49",1
"36818","virus_comp_193_cycle_1_5",1
"36819","virus_comp_193_cycle_1_50",1
"36820","virus_comp_193_cycle_1_51",1
"36821","virus_comp_193_cycle_1_52",1
"36822","virus_comp_193_cycle_1_53",1
"36823","virus_comp_193_cycle_1_54",1
"36824","virus_comp_193_cycle_1_55",1
"36825","virus_comp_193_cycle_1_56",1
"36826","virus_comp_193_cycle_1_57",1
"36827","virus_comp_193_cycle_1_58",1
"36828","virus_comp_193_cycle_1_59",1
"36829","virus_comp_193_cycle_1_6",1
"36830","virus_comp_193_cycle_1_60",1
"36831","virus_comp_193_cycle_1_61",1
"36832","virus_comp_193_cycle_1_62",1
"36833","virus_comp_193_cycle_1_63",1
"36834","virus_comp_193_cycle_1_64",1
"36835","virus_comp_193_cycle_1_65",1
"36836","virus_comp_193_cycle_1_66",1
"36837","virus_comp_193_cycle_1_67",1
"36838","virus_comp_193_cycle_1_68",1
"36839","virus_comp_193_cycle_1_69",1
"36840","virus_comp_193_cycle_1_7",1
"36841","virus_comp_193_cycle_1_70",1
"36842","virus_comp_193_cycle_1_71",1
"36843","virus_comp_193_cycle_1_72",1
"36844","virus_comp_193_cycle_1_73",1
"36845","virus_comp_193_cycle_1_74",1
"36846","virus_comp_193_cycle_1_75",1
"36847","virus_comp_193_cycle_1_76",1
"36848","virus_comp_193_cycle_1_77",1
"36849","virus_comp_193_cycle_1_78",1
"36850","virus_comp_193_cycle_1_79",1
"36851","virus_comp_193_cycle_1_8",1
"36852","virus_comp_193_cycle_1_80",1
"36853","virus_comp_193_cycle_1_81",1
"36854","virus_comp_193_cycle_1_82",1
"36855","virus_comp_193_cycle_1_83",1
"36856","virus_comp_193_cycle_1_84",1
"36857","virus_comp_193_cycle_1_85",1
"36858","virus_comp_193_cycle_1_86",1
"36859","virus_comp_193_cycle_1_87",1
"36860","virus_comp_193_cycle_1_88",1
"36861","virus_comp_193_cycle_1_9",1
"36862","virus_comp_193_cycle_1_92",1
"36863","virus_comp_193_cycle_1_93",1
"36864","virus_comp_193_cycle_1_94",1
"36865","virus_comp_193_cycle_1_95",1
"36866","virus_comp_193_cycle_1_96",1
"36867","virus_comp_193_cycle_1_97",1
"36868","virus_comp_193_cycle_1_98",1
"36869","virus_comp_193_cycle_1_99",1
"36870","virus_comp_1937_cycle_1_1",1
"36871","virus_comp_1937_cycle_1_10",1
"36872","virus_comp_1937_cycle_1_2",1
"36873","virus_comp_1937_cycle_1_4",1
"36874","virus_comp_1937_cycle_1_5",1
"36875","virus_comp_1937_cycle_1_6",1
"36876","virus_comp_1937_cycle_1_9",1
"36877","virus_comp_1938_cycle_1_1",1
"36878","virus_comp_1938_cycle_1_10",1
"36879","virus_comp_1938_cycle_1_2",1
"36880","virus_comp_1938_cycle_1_3",1
"36881","virus_comp_1938_cycle_1_4",1
"36882","virus_comp_1938_cycle_1_6",1
"36883","virus_comp_1938_cycle_1_7",1
"36884","virus_comp_1938_cycle_1_8",1
"36885","virus_comp_1938_cycle_1_9",1
"36886","virus_comp_1939_cycle_1_1",1
"36887","virus_comp_1939_cycle_1_2",1
"36888","virus_comp_1939_cycle_1_3",1
"36889","virus_comp_1939_cycle_1_4",1
"36890","virus_comp_1939_cycle_1_5",1
"36891","virus_comp_1939_cycle_1_6",1
"36892","virus_comp_1939_cycle_1_7",1
"36893","virus_comp_1939_cycle_1_8",1
"36894","virus_comp_1939_cycle_1_9",1
"36895","virus_comp_1940_cycle_1_1",1
"36896","virus_comp_1940_cycle_1_3",1
"36897","virus_comp_1940_cycle_1_8",1
"36898","virus_comp_1940_cycle_1_9",1
"36899","virus_comp_1941_cycle_1_1",1
"36900","virus_comp_1941_cycle_1_10",1
"36901","virus_comp_1941_cycle_1_11",1
"36902","virus_comp_1941_cycle_1_12",1
"36903","virus_comp_1941_cycle_1_13",1
"36904","virus_comp_1941_cycle_1_14",1
"36905","virus_comp_1941_cycle_1_15",1
"36906","virus_comp_1941_cycle_1_16",1
"36907","virus_comp_1941_cycle_1_17",1
"36908","virus_comp_1941_cycle_1_18",1
"36909","virus_comp_1941_cycle_1_19",1
"36910","virus_comp_1941_cycle_1_2",1
"36911","virus_comp_1941_cycle_1_3",1
"36912","virus_comp_1941_cycle_1_4",1
"36913","virus_comp_1941_cycle_1_5",1
"36914","virus_comp_1941_cycle_1_6",1
"36915","virus_comp_1941_cycle_1_7",1
"36916","virus_comp_1941_cycle_1_8",1
"36917","virus_comp_1941_cycle_1_9",1
"36918","virus_comp_1942_cycle_1_1",1
"36919","virus_comp_1942_cycle_1_10",1
"36920","virus_comp_1942_cycle_1_11",1
"36921","virus_comp_1942_cycle_1_12",1
"36922","virus_comp_1942_cycle_1_13",1
"36923","virus_comp_1942_cycle_1_2",1
"36924","virus_comp_1942_cycle_1_3",1
"36925","virus_comp_1942_cycle_1_4",1
"36926","virus_comp_1942_cycle_1_5",1
"36927","virus_comp_1942_cycle_1_6",1
"36928","virus_comp_1942_cycle_1_7",1
"36929","virus_comp_1942_cycle_1_8",1
"36930","virus_comp_1942_cycle_1_9",1
"36931","virus_comp_1945_cycle_1_10",1
"36932","virus_comp_1945_cycle_1_11",1
"36933","virus_comp_1945_cycle_1_5",1
"36934","virus_comp_1947_cycle_1_1",1
"36935","virus_comp_1947_cycle_1_8",1
"36936","virus_comp_1950_cycle_1_1",1
"36937","virus_comp_1950_cycle_1_10",1
"36938","virus_comp_1950_cycle_1_12",1
"36939","virus_comp_1950_cycle_1_13",1
"36940","virus_comp_1950_cycle_1_2",1
"36941","virus_comp_1950_cycle_1_3",1
"36942","virus_comp_1950_cycle_1_5",1
"36943","virus_comp_1953_cycle_1_10",1
"36944","virus_comp_1953_cycle_1_11",1
"36945","virus_comp_1953_cycle_1_16",1
"36946","virus_comp_1953_cycle_1_17",1
"36947","virus_comp_1953_cycle_1_18",1
"36948","virus_comp_1953_cycle_1_2",1
"36949","virus_comp_1953_cycle_1_20",1
"36950","virus_comp_1953_cycle_1_3",1
"36951","virus_comp_1953_cycle_1_4",1
"36952","virus_comp_1953_cycle_1_5",1
"36953","virus_comp_1953_cycle_1_6",1
"36954","virus_comp_1953_cycle_1_7",1
"36955","virus_comp_1953_cycle_1_9",1
"36956","virus_comp_1955_cycle_1_1",1
"36957","virus_comp_1959_cycle_1_1",1
"36958","virus_comp_1959_cycle_1_11",1
"36959","virus_comp_1959_cycle_1_12",1
"36960","virus_comp_1959_cycle_1_3",1
"36961","virus_comp_1959_cycle_1_6",1
"36962","virus_comp_1959_cycle_1_8",1
"36963","virus_comp_1959_cycle_1_9",1
"36964","virus_comp_1960_cycle_1_12",1
"36965","virus_comp_1960_cycle_1_15",1
"36966","virus_comp_1961_cycle_1_1",1
"36967","virus_comp_1961_cycle_1_2",1
"36968","virus_comp_1961_cycle_1_3",1
"36969","virus_comp_1961_cycle_1_4",1
"36970","virus_comp_1963_cycle_1_12",1
"36971","virus_comp_1963_cycle_1_4",1
"36972","virus_comp_1964_cycle_1_1",1
"36973","virus_comp_1964_cycle_1_10",1
"36974","virus_comp_1964_cycle_1_11",1
"36975","virus_comp_1964_cycle_1_2",1
"36976","virus_comp_1964_cycle_1_3",1
"36977","virus_comp_1964_cycle_1_4",1
"36978","virus_comp_1964_cycle_1_6",1
"36979","virus_comp_1964_cycle_1_8",1
"36980","virus_comp_1964_cycle_1_9",1
"36981","virus_comp_1967_cycle_1_1",1
"36982","virus_comp_1967_cycle_1_3",1
"36983","virus_comp_1967_cycle_1_4",1
"36984","virus_comp_1967_cycle_1_8",1
"36985","virus_comp_1967_cycle_1_9",1
"36986","virus_comp_1969_cycle_1_1",1
"36987","virus_comp_1969_cycle_1_10",1
"36988","virus_comp_1969_cycle_1_11",1
"36989","virus_comp_1969_cycle_1_12",1
"36990","virus_comp_1969_cycle_1_2",1
"36991","virus_comp_1969_cycle_1_6",1
"36992","virus_comp_1969_cycle_1_7",1
"36993","virus_comp_1969_cycle_1_9",1
"36994","virus_comp_197_cycle_1_105",1
"36995","virus_comp_197_cycle_1_108",1
"36996","virus_comp_197_cycle_1_11",1
"36997","virus_comp_197_cycle_1_114",1
"36998","virus_comp_197_cycle_1_115",1
"36999","virus_comp_197_cycle_1_117",1
"37000","virus_comp_197_cycle_1_118",1
"37001","virus_comp_197_cycle_1_119",1
"37002","virus_comp_197_cycle_1_12",1
"37003","virus_comp_197_cycle_1_120",1
"37004","virus_comp_197_cycle_1_121",1
"37005","virus_comp_197_cycle_1_123",1
"37006","virus_comp_197_cycle_1_124",1
"37007","virus_comp_197_cycle_1_128",1
"37008","virus_comp_197_cycle_1_129",1
"37009","virus_comp_197_cycle_1_130",1
"37010","virus_comp_197_cycle_1_131",1
"37011","virus_comp_197_cycle_1_132",1
"37012","virus_comp_197_cycle_1_133",1
"37013","virus_comp_197_cycle_1_134",1
"37014","virus_comp_197_cycle_1_135",1
"37015","virus_comp_197_cycle_1_136",1
"37016","virus_comp_197_cycle_1_137",1
"37017","virus_comp_197_cycle_1_138",1
"37018","virus_comp_197_cycle_1_139",1
"37019","virus_comp_197_cycle_1_140",1
"37020","virus_comp_197_cycle_1_141",1
"37021","virus_comp_197_cycle_1_142",1
"37022","virus_comp_197_cycle_1_143",1
"37023","virus_comp_197_cycle_1_144",1
"37024","virus_comp_197_cycle_1_145",1
"37025","virus_comp_197_cycle_1_146",1
"37026","virus_comp_197_cycle_1_147",1
"37027","virus_comp_197_cycle_1_148",1
"37028","virus_comp_197_cycle_1_149",1
"37029","virus_comp_197_cycle_1_150",1
"37030","virus_comp_197_cycle_1_151",1
"37031","virus_comp_197_cycle_1_152",1
"37032","virus_comp_197_cycle_1_153",1
"37033","virus_comp_197_cycle_1_154",1
"37034","virus_comp_197_cycle_1_155",1
"37035","virus_comp_197_cycle_1_156",1
"37036","virus_comp_197_cycle_1_157",1
"37037","virus_comp_197_cycle_1_158",1
"37038","virus_comp_197_cycle_1_159",1
"37039","virus_comp_197_cycle_1_23",1
"37040","virus_comp_197_cycle_1_26",1
"37041","virus_comp_197_cycle_1_30",1
"37042","virus_comp_197_cycle_1_31",1
"37043","virus_comp_197_cycle_1_39",1
"37044","virus_comp_197_cycle_1_40",1
"37045","virus_comp_197_cycle_1_41",1
"37046","virus_comp_197_cycle_1_52",1
"37047","virus_comp_1970_cycle_1_1",1
"37048","virus_comp_1970_cycle_1_10",1
"37049","virus_comp_1970_cycle_1_12",1
"37050","virus_comp_1970_cycle_1_13",1
"37051","virus_comp_1970_cycle_1_14",1
"37052","virus_comp_1970_cycle_1_15",1
"37053","virus_comp_1970_cycle_1_2",1
"37054","virus_comp_1970_cycle_1_3",1
"37055","virus_comp_1970_cycle_1_4",1
"37056","virus_comp_1970_cycle_1_5",1
"37057","virus_comp_1970_cycle_1_6",1
"37058","virus_comp_1970_cycle_1_7",1
"37059","virus_comp_1970_cycle_1_8",1
"37060","virus_comp_1970_cycle_1_9",1
"37061","virus_comp_1972_cycle_1_1",1
"37062","virus_comp_1972_cycle_1_11",1
"37063","virus_comp_1972_cycle_1_12",1
"37064","virus_comp_1972_cycle_1_14",1
"37065","virus_comp_1972_cycle_1_2",1
"37066","virus_comp_1972_cycle_1_3",1
"37067","virus_comp_1972_cycle_1_4",1
"37068","virus_comp_1972_cycle_1_5",1
"37069","virus_comp_1972_cycle_1_6",1
"37070","virus_comp_1972_cycle_1_7",1
"37071","virus_comp_1972_cycle_1_9",1
"37072","virus_comp_1974_cycle_1_1",1
"37073","virus_comp_1974_cycle_1_2",1
"37074","virus_comp_1974_cycle_1_5",1
"37075","virus_comp_1974_cycle_1_6",1
"37076","virus_comp_1974_cycle_1_7",1
"37077","virus_comp_1976_cycle_1_3",1
"37078","virus_comp_1976_cycle_1_5",1
"37079","virus_comp_1980_cycle_1_1",1
"37080","virus_comp_1980_cycle_1_10",1
"37081","virus_comp_1980_cycle_1_11",1
"37082","virus_comp_1980_cycle_1_12",1
"37083","virus_comp_1980_cycle_1_13",1
"37084","virus_comp_1980_cycle_1_14",1
"37085","virus_comp_1980_cycle_1_2",1
"37086","virus_comp_1980_cycle_1_3",1
"37087","virus_comp_1980_cycle_1_4",1
"37088","virus_comp_1980_cycle_1_5",1
"37089","virus_comp_1980_cycle_1_6",1
"37090","virus_comp_1980_cycle_1_9",1
"37091","virus_comp_1981_cycle_1_4",1
"37092","virus_comp_1984_cycle_1_5",1
"37093","virus_comp_1985_cycle_1_1",1
"37094","virus_comp_1985_cycle_1_2",1
"37095","virus_comp_1985_cycle_1_3",1
"37096","virus_comp_1985_cycle_1_4",1
"37097","virus_comp_1985_cycle_1_6",1
"37098","virus_comp_1985_cycle_1_7",1
"37099","virus_comp_1986_cycle_1_4",1
"37100","virus_comp_1986_cycle_1_8",1
"37101","virus_comp_1986_cycle_1_9",1
"37102","virus_comp_1991_cycle_1_11",1
"37103","virus_comp_1991_cycle_1_12",1
"37104","virus_comp_1991_cycle_1_13",1
"37105","virus_comp_1991_cycle_1_14",1
"37106","virus_comp_1991_cycle_1_15",1
"37107","virus_comp_1991_cycle_1_17",1
"37108","virus_comp_1991_cycle_1_2",1
"37109","virus_comp_1991_cycle_1_3",1
"37110","virus_comp_1991_cycle_1_5",1
"37111","virus_comp_1991_cycle_1_6",1
"37112","virus_comp_1991_cycle_1_7",1
"37113","virus_comp_1991_cycle_1_9",1
"37114","virus_comp_1997_cycle_1_13",1
"37115","virus_comp_2000_cycle_1_1",1
"37116","virus_comp_2001_cycle_1_1",1
"37117","virus_comp_2001_cycle_1_10",1
"37118","virus_comp_2001_cycle_1_3",1
"37119","virus_comp_2001_cycle_1_5",1
"37120","virus_comp_2001_cycle_1_6",1
"37121","virus_comp_2001_cycle_1_7",1
"37122","virus_comp_2001_cycle_1_8",1
"37123","virus_comp_2001_cycle_1_9",1
"37124","virus_comp_2004_cycle_1_1",1
"37125","virus_comp_2004_cycle_1_11",1
"37126","virus_comp_2004_cycle_1_2",1
"37127","virus_comp_2004_cycle_1_3",1
"37128","virus_comp_2004_cycle_1_4",1
"37129","virus_comp_2004_cycle_1_5",1
"37130","virus_comp_2004_cycle_1_6",1
"37131","virus_comp_2004_cycle_1_7",1
"37132","virus_comp_2005_cycle_1_1",1
"37133","virus_comp_2007_cycle_1_1",1
"37134","virus_comp_2007_cycle_1_3",1
"37135","virus_comp_2007_cycle_1_5",1
"37136","virus_comp_2008_cycle_1_11",1
"37137","virus_comp_2008_cycle_1_13",1
"37138","virus_comp_2008_cycle_1_9",1
"37139","virus_comp_2009_cycle_1_1",1
"37140","virus_comp_2009_cycle_1_2",1
"37141","virus_comp_2009_cycle_1_3",1
"37142","virus_comp_2009_cycle_1_4",1
"37143","virus_comp_2009_cycle_1_5",1
"37144","virus_comp_2009_cycle_1_6",1
"37145","virus_comp_2009_cycle_1_7",1
"37146","virus_comp_2009_cycle_1_8",1
"37147","virus_comp_2010_cycle_1_1",1
"37148","virus_comp_2010_cycle_1_2",1
"37149","virus_comp_2010_cycle_1_5",1
"37150","virus_comp_2010_cycle_1_7",1
"37151","virus_comp_2016_cycle_1_1",1
"37152","virus_comp_2016_cycle_1_2",1
"37153","virus_comp_2016_cycle_1_3",1
"37154","virus_comp_2016_cycle_1_4",1
"37155","virus_comp_2016_cycle_1_5",1
"37156","virus_comp_2016_cycle_1_6",1
"37157","virus_comp_2016_cycle_1_8",1
"37158","virus_comp_2017_cycle_1_3",1
"37159","virus_comp_2017_cycle_1_4",1
"37160","virus_comp_2017_cycle_1_6",1
"37161","virus_comp_2017_cycle_1_8",1
"37162","virus_comp_2017_cycle_1_9",1
"37163","virus_comp_2019_cycle_1_1",1
"37164","virus_comp_2019_cycle_1_10",1
"37165","virus_comp_2019_cycle_1_2",1
"37166","virus_comp_2019_cycle_1_3",1
"37167","virus_comp_2019_cycle_1_4",1
"37168","virus_comp_2019_cycle_1_5",1
"37169","virus_comp_2019_cycle_1_6",1
"37170","virus_comp_2019_cycle_1_7",1
"37171","virus_comp_2019_cycle_1_8",1
"37172","virus_comp_2021_cycle_1_1",1
"37173","virus_comp_2021_cycle_1_2",1
"37174","virus_comp_2021_cycle_1_3",1
"37175","virus_comp_2021_cycle_1_4",1
"37176","virus_comp_2021_cycle_1_5",1
"37177","virus_comp_2021_cycle_1_6",1
"37178","virus_comp_2021_cycle_1_7",1
"37179","virus_comp_2021_cycle_1_8",1
"37180","virus_comp_2025_cycle_1_1",1
"37181","virus_comp_2028_cycle_1_6",1
"37182","virus_comp_2029_cycle_1_1",1
"37183","virus_comp_2029_cycle_1_10",1
"37184","virus_comp_2029_cycle_1_11",1
"37185","virus_comp_2029_cycle_1_12",1
"37186","virus_comp_2029_cycle_1_13",1
"37187","virus_comp_2029_cycle_1_2",1
"37188","virus_comp_2029_cycle_1_3",1
"37189","virus_comp_2030_cycle_1_1",1
"37190","virus_comp_2030_cycle_1_15",1
"37191","virus_comp_2032_cycle_1_1",1
"37192","virus_comp_2032_cycle_1_4",1
"37193","virus_comp_2032_cycle_1_5",1
"37194","virus_comp_2032_cycle_1_6",1
"37195","virus_comp_2032_cycle_1_7",1
"37196","virus_comp_2032_cycle_1_9",1
"37197","virus_comp_2035_cycle_1_1",1
"37198","virus_comp_2035_cycle_1_2",1
"37199","virus_comp_2035_cycle_1_3",1
"37200","virus_comp_2035_cycle_1_5",1
"37201","virus_comp_2035_cycle_1_6",1
"37202","virus_comp_2035_cycle_1_7",1
"37203","virus_comp_2035_cycle_1_8",1
"37204","virus_comp_2035_cycle_1_9",1
"37205","virus_comp_2037_cycle_1_3",1
"37206","virus_comp_2039_cycle_1_1",1
"37207","virus_comp_2039_cycle_1_2",1
"37208","virus_comp_2039_cycle_1_3",1
"37209","virus_comp_2039_cycle_1_4",1
"37210","virus_comp_2039_cycle_1_5",1
"37211","virus_comp_2039_cycle_1_6",1
"37212","virus_comp_2039_cycle_1_7",1
"37213","virus_comp_2039_cycle_1_8",1
"37214","virus_comp_2041_cycle_1_1",1
"37215","virus_comp_2041_cycle_1_10",1
"37216","virus_comp_2041_cycle_1_11",1
"37217","virus_comp_2041_cycle_1_2",1
"37218","virus_comp_2041_cycle_1_3",1
"37219","virus_comp_2041_cycle_1_4",1
"37220","virus_comp_2041_cycle_1_5",1
"37221","virus_comp_2041_cycle_1_6",1
"37222","virus_comp_2041_cycle_1_7",1
"37223","virus_comp_2041_cycle_1_8",1
"37224","virus_comp_2041_cycle_1_9",1
"37225","virus_comp_2043_cycle_1_1",1
"37226","virus_comp_2043_cycle_1_2",1
"37227","virus_comp_2043_cycle_1_4",1
"37228","virus_comp_2043_cycle_1_6",1
"37229","virus_comp_2043_cycle_1_7",1
"37230","virus_comp_2043_cycle_1_9",1
"37231","virus_comp_2044_cycle_1_1",1
"37232","virus_comp_2051_cycle_1_1",1
"37233","virus_comp_2051_cycle_1_2",1
"37234","virus_comp_2051_cycle_1_3",1
"37235","virus_comp_2051_cycle_1_4",1
"37236","virus_comp_2051_cycle_1_5",1
"37237","virus_comp_2051_cycle_1_6",1
"37238","virus_comp_2052_cycle_1_11",1
"37239","virus_comp_2052_cycle_1_3",1
"37240","virus_comp_2056_cycle_1_1",1
"37241","virus_comp_2056_cycle_1_10",1
"37242","virus_comp_2056_cycle_1_11",1
"37243","virus_comp_2056_cycle_1_12",1
"37244","virus_comp_2056_cycle_1_13",1
"37245","virus_comp_2056_cycle_1_14",1
"37246","virus_comp_2056_cycle_1_15",1
"37247","virus_comp_2056_cycle_1_2",1
"37248","virus_comp_2056_cycle_1_3",1
"37249","virus_comp_2056_cycle_1_4",1
"37250","virus_comp_2056_cycle_1_5",1
"37251","virus_comp_2056_cycle_1_6",1
"37252","virus_comp_2056_cycle_1_7",1
"37253","virus_comp_2056_cycle_1_8",1
"37254","virus_comp_2056_cycle_1_9",1
"37255","virus_comp_2061_cycle_1_1",1
"37256","virus_comp_2061_cycle_1_2",1
"37257","virus_comp_2061_cycle_1_3",1
"37258","virus_comp_2061_cycle_1_4",1
"37259","virus_comp_2061_cycle_1_5",1
"37260","virus_comp_2061_cycle_1_6",1
"37261","virus_comp_2061_cycle_1_7",1
"37262","virus_comp_2064_cycle_1_1",1
"37263","virus_comp_2064_cycle_1_2",1
"37264","virus_comp_2066_cycle_1_5",1
"37265","virus_comp_2067_cycle_1_1",1
"37266","virus_comp_2067_cycle_1_10",1
"37267","virus_comp_2067_cycle_1_11",1
"37268","virus_comp_2067_cycle_1_12",1
"37269","virus_comp_2067_cycle_1_13",1
"37270","virus_comp_2067_cycle_1_2",1
"37271","virus_comp_2067_cycle_1_3",1
"37272","virus_comp_2067_cycle_1_4",1
"37273","virus_comp_2067_cycle_1_7",1
"37274","virus_comp_2067_cycle_1_8",1
"37275","virus_comp_2067_cycle_1_9",1
"37276","virus_comp_2069_cycle_1_1",1
"37277","virus_comp_2069_cycle_1_10",1
"37278","virus_comp_2069_cycle_1_11",1
"37279","virus_comp_2069_cycle_1_2",1
"37280","virus_comp_2069_cycle_1_3",1
"37281","virus_comp_2069_cycle_1_4",1
"37282","virus_comp_2069_cycle_1_5",1
"37283","virus_comp_2069_cycle_1_6",1
"37284","virus_comp_2069_cycle_1_7",1
"37285","virus_comp_2069_cycle_1_8",1
"37286","virus_comp_2069_cycle_1_9",1
"37287","virus_comp_2070_cycle_1_12",1
"37288","virus_comp_2070_cycle_1_6",1
"37289","virus_comp_2070_cycle_1_7",1
"37290","virus_comp_2071_cycle_1_1",1
"37291","virus_comp_2071_cycle_1_3",1
"37292","virus_comp_2071_cycle_1_6",1
"37293","virus_comp_2072_cycle_1_1",1
"37294","virus_comp_2072_cycle_1_11",1
"37295","virus_comp_2072_cycle_1_12",1
"37296","virus_comp_2072_cycle_1_2",1
"37297","virus_comp_2072_cycle_1_3",1
"37298","virus_comp_2072_cycle_1_5",1
"37299","virus_comp_2074_cycle_1_1",1
"37300","virus_comp_2074_cycle_1_2",1
"37301","virus_comp_2074_cycle_1_3",1
"37302","virus_comp_2074_cycle_1_4",1
"37303","virus_comp_2074_cycle_1_5",1
"37304","virus_comp_2077_cycle_1_1",1
"37305","virus_comp_2077_cycle_1_2",1
"37306","virus_comp_2077_cycle_1_3",1
"37307","virus_comp_2077_cycle_1_6",1
"37308","virus_comp_2077_cycle_1_7",1
"37309","virus_comp_2079_cycle_1_1",1
"37310","virus_comp_2079_cycle_1_2",1
"37311","virus_comp_2079_cycle_1_3",1
"37312","virus_comp_2079_cycle_1_4",1
"37313","virus_comp_2079_cycle_1_5",1
"37314","virus_comp_2079_cycle_1_6",1
"37315","virus_comp_2079_cycle_1_7",1
"37316","virus_comp_2080_cycle_1_5",1
"37317","virus_comp_2082_cycle_1_11",1
"37318","virus_comp_2082_cycle_1_2",1
"37319","virus_comp_2082_cycle_1_3",1
"37320","virus_comp_2082_cycle_1_5",1
"37321","virus_comp_2082_cycle_1_6",1
"37322","virus_comp_2082_cycle_1_9",1
"37323","virus_comp_2087_cycle_1_6",1
"37324","virus_comp_2090_cycle_1_11",1
"37325","virus_comp_2090_cycle_1_5",1
"37326","virus_comp_2090_cycle_1_6",1
"37327","virus_comp_2090_cycle_1_7",1
"37328","virus_comp_2092_cycle_1_13",1
"37329","virus_comp_2093_cycle_1_4",1
"37330","virus_comp_2093_cycle_1_8",1
"37331","virus_comp_2093_cycle_1_9",1
"37332","virus_comp_2094_cycle_1_10",1
"37333","virus_comp_2094_cycle_1_12",1
"37334","virus_comp_2094_cycle_1_2",1
"37335","virus_comp_2094_cycle_1_6",1
"37336","virus_comp_2094_cycle_1_8",1
"37337","virus_comp_2096_cycle_1_3",1
"37338","virus_comp_2098_cycle_1_2",1
"37339","virus_comp_2098_cycle_1_4",1
"37340","virus_comp_2104_cycle_1_1",1
"37341","virus_comp_2104_cycle_1_3",1
"37342","virus_comp_2104_cycle_1_8",1
"37343","virus_comp_2110_cycle_1_1",1
"37344","virus_comp_2110_cycle_1_3",1
"37345","virus_comp_2110_cycle_1_5",1
"37346","virus_comp_2110_cycle_1_6",1
"37347","virus_comp_2110_cycle_1_7",1
"37348","virus_comp_2110_cycle_1_8",1
"37349","virus_comp_2112_cycle_1_2",1
"37350","virus_comp_2112_cycle_1_3",1
"37351","virus_comp_2112_cycle_1_4",1
"37352","virus_comp_2112_cycle_1_5",1
"37353","virus_comp_2117_cycle_1_1",1
"37354","virus_comp_2117_cycle_1_10",1
"37355","virus_comp_2117_cycle_1_12",1
"37356","virus_comp_2117_cycle_1_13",1
"37357","virus_comp_2117_cycle_1_2",1
"37358","virus_comp_2117_cycle_1_3",1
"37359","virus_comp_2117_cycle_1_5",1
"37360","virus_comp_2117_cycle_1_7",1
"37361","virus_comp_2118_cycle_1_3",1
"37362","virus_comp_2118_cycle_1_4",1
"37363","virus_comp_2118_cycle_1_5",1
"37364","virus_comp_2119_cycle_1_10",1
"37365","virus_comp_2119_cycle_1_11",1
"37366","virus_comp_2119_cycle_1_5",1
"37367","virus_comp_2120_cycle_1_2",1
"37368","virus_comp_2125_cycle_1_1",1
"37369","virus_comp_2125_cycle_1_2",1
"37370","virus_comp_2125_cycle_1_5",1
"37371","virus_comp_2125_cycle_1_6",1
"37372","virus_comp_2125_cycle_1_8",1
"37373","virus_comp_2126_cycle_1_1",1
"37374","virus_comp_2126_cycle_1_10",1
"37375","virus_comp_2126_cycle_1_11",1
"37376","virus_comp_2126_cycle_1_12",1
"37377","virus_comp_2126_cycle_1_13",1
"37378","virus_comp_2126_cycle_1_14",1
"37379","virus_comp_2126_cycle_1_15",1
"37380","virus_comp_2126_cycle_1_2",1
"37381","virus_comp_2126_cycle_1_3",1
"37382","virus_comp_2126_cycle_1_4",1
"37383","virus_comp_2126_cycle_1_5",1
"37384","virus_comp_2126_cycle_1_7",1
"37385","virus_comp_2126_cycle_1_8",1
"37386","virus_comp_2126_cycle_1_9",1
"37387","virus_comp_2127_cycle_1_1",1
"37388","virus_comp_2127_cycle_1_2",1
"37389","virus_comp_2127_cycle_1_3",1
"37390","virus_comp_2127_cycle_1_4",1
"37391","virus_comp_2127_cycle_1_5",1
"37392","virus_comp_2127_cycle_1_6",1
"37393","virus_comp_2127_cycle_1_7",1
"37394","virus_comp_2130_cycle_1_10",1
"37395","virus_comp_2130_cycle_1_6",1
"37396","virus_comp_2130_cycle_1_7",1
"37397","virus_comp_2130_cycle_1_8",1
"37398","virus_comp_2131_cycle_1_1",1
"37399","virus_comp_2131_cycle_1_2",1
"37400","virus_comp_2131_cycle_1_3",1
"37401","virus_comp_2131_cycle_1_4",1
"37402","virus_comp_2131_cycle_1_5",1
"37403","virus_comp_2131_cycle_1_6",1
"37404","virus_comp_2131_cycle_1_7",1
"37405","virus_comp_2131_cycle_1_8",1
"37406","virus_comp_2131_cycle_1_9",1
"37407","virus_comp_2132_cycle_1_1",1
"37408","virus_comp_2132_cycle_1_2",1
"37409","virus_comp_2132_cycle_1_6",1
"37410","virus_comp_2133_cycle_1_11",1
"37411","virus_comp_2135_cycle_1_1",1
"37412","virus_comp_2135_cycle_1_10",1
"37413","virus_comp_2135_cycle_1_11",1
"37414","virus_comp_2135_cycle_1_3",1
"37415","virus_comp_2140_cycle_1_1",1
"37416","virus_comp_2140_cycle_1_10",1
"37417","virus_comp_2140_cycle_1_11",1
"37418","virus_comp_2140_cycle_1_12",1
"37419","virus_comp_2140_cycle_1_13",1
"37420","virus_comp_2140_cycle_1_14",1
"37421","virus_comp_2140_cycle_1_15",1
"37422","virus_comp_2140_cycle_1_2",1
"37423","virus_comp_2140_cycle_1_3",1
"37424","virus_comp_2140_cycle_1_4",1
"37425","virus_comp_2140_cycle_1_5",1
"37426","virus_comp_2140_cycle_1_6",1
"37427","virus_comp_2140_cycle_1_7",1
"37428","virus_comp_2140_cycle_1_8",1
"37429","virus_comp_2140_cycle_1_9",1
"37430","virus_comp_2141_cycle_1_2",1
"37431","virus_comp_2141_cycle_1_9",1
"37432","virus_comp_2142_cycle_1_7",1
"37433","virus_comp_2142_cycle_1_9",1
"37434","virus_comp_2145_cycle_1_1",1
"37435","virus_comp_2145_cycle_1_2",1
"37436","virus_comp_2145_cycle_1_4",1
"37437","virus_comp_2145_cycle_1_5",1
"37438","virus_comp_2145_cycle_1_6",1
"37439","virus_comp_2145_cycle_1_7",1
"37440","virus_comp_2145_cycle_1_8",1
"37441","virus_comp_2146_cycle_1_10",1
"37442","virus_comp_2146_cycle_1_4",1
"37443","virus_comp_2146_cycle_1_5",1
"37444","virus_comp_2146_cycle_1_6",1
"37445","virus_comp_2146_cycle_1_7",1
"37446","virus_comp_2146_cycle_1_8",1
"37447","virus_comp_2146_cycle_1_9",1
"37448","virus_comp_2147_cycle_1_10",1
"37449","virus_comp_2147_cycle_1_4",1
"37450","virus_comp_2147_cycle_1_5",1
"37451","virus_comp_2147_cycle_1_6",1
"37452","virus_comp_2147_cycle_1_7",1
"37453","virus_comp_2147_cycle_1_8",1
"37454","virus_comp_2147_cycle_1_9",1
"37455","virus_comp_2148_cycle_1_1",1
"37456","virus_comp_2148_cycle_1_3",1
"37457","virus_comp_2150_cycle_1_1",1
"37458","virus_comp_2150_cycle_1_2",1
"37459","virus_comp_2150_cycle_1_3",1
"37460","virus_comp_2150_cycle_1_4",1
"37461","virus_comp_2150_cycle_1_5",1
"37462","virus_comp_2150_cycle_1_6",1
"37463","virus_comp_2151_cycle_1_1",1
"37464","virus_comp_2151_cycle_1_2",1
"37465","virus_comp_2151_cycle_1_3",1
"37466","virus_comp_2151_cycle_1_4",1
"37467","virus_comp_2151_cycle_1_5",1
"37468","virus_comp_2151_cycle_1_6",1
"37469","virus_comp_2151_cycle_1_7",1
"37470","virus_comp_2152_cycle_1_3",1
"37471","virus_comp_2152_cycle_1_4",1
"37472","virus_comp_2152_cycle_1_5",1
"37473","virus_comp_2157_cycle_1_1",1
"37474","virus_comp_2157_cycle_1_2",1
"37475","virus_comp_2157_cycle_1_3",1
"37476","virus_comp_2157_cycle_1_4",1
"37477","virus_comp_2157_cycle_1_5",1
"37478","virus_comp_2157_cycle_1_6",1
"37479","virus_comp_2157_cycle_1_9",1
"37480","virus_comp_2159_cycle_1_1",1
"37481","virus_comp_2159_cycle_1_2",1
"37482","virus_comp_2159_cycle_1_3",1
"37483","virus_comp_2159_cycle_1_4",1
"37484","virus_comp_2159_cycle_1_5",1
"37485","virus_comp_2159_cycle_1_6",1
"37486","virus_comp_2159_cycle_1_7",1
"37487","virus_comp_2160_cycle_1_1",1
"37488","virus_comp_2160_cycle_1_2",1
"37489","virus_comp_2160_cycle_1_3",1
"37490","virus_comp_2160_cycle_1_4",1
"37491","virus_comp_2160_cycle_1_5",1
"37492","virus_comp_2160_cycle_1_6",1
"37493","virus_comp_2160_cycle_1_7",1
"37494","virus_comp_2160_cycle_1_8",1
"37495","virus_comp_2163_cycle_1_8",1
"37496","virus_comp_2165_cycle_1_8",1
"37497","virus_comp_2166_cycle_1_10",1
"37498","virus_comp_2166_cycle_1_5",1
"37499","virus_comp_2167_cycle_1_2",1
"37500","virus_comp_2167_cycle_1_3",1
"37501","virus_comp_2167_cycle_1_4",1
"37502","virus_comp_2169_cycle_1_5",1
"37503","virus_comp_2169_cycle_1_6",1
"37504","virus_comp_2170_cycle_1_7",1
"37505","virus_comp_2173_cycle_1_1",1
"37506","virus_comp_2173_cycle_1_10",1
"37507","virus_comp_2173_cycle_1_11",1
"37508","virus_comp_2173_cycle_1_13",1
"37509","virus_comp_2173_cycle_1_2",1
"37510","virus_comp_2173_cycle_1_3",1
"37511","virus_comp_2173_cycle_1_4",1
"37512","virus_comp_2173_cycle_1_7",1
"37513","virus_comp_2173_cycle_1_8",1
"37514","virus_comp_2173_cycle_1_9",1
"37515","virus_comp_2174_cycle_1_1",1
"37516","virus_comp_2174_cycle_1_2",1
"37517","virus_comp_2174_cycle_1_3",1
"37518","virus_comp_2175_cycle_1_2",1
"37519","virus_comp_2175_cycle_1_3",1
"37520","virus_comp_2175_cycle_1_6",1
"37521","virus_comp_2176_cycle_1_3",1
"37522","virus_comp_2180_cycle_1_1",1
"37523","virus_comp_2180_cycle_1_2",1
"37524","virus_comp_2180_cycle_1_3",1
"37525","virus_comp_2180_cycle_1_4",1
"37526","virus_comp_2180_cycle_1_5",1
"37527","virus_comp_2180_cycle_1_6",1
"37528","virus_comp_2183_cycle_1_11",1
"37529","virus_comp_2185_cycle_1_1",1
"37530","virus_comp_2185_cycle_1_2",1
"37531","virus_comp_2185_cycle_1_3",1
"37532","virus_comp_2185_cycle_1_4",1
"37533","virus_comp_2187_cycle_1_3",1
"37534","virus_comp_2187_cycle_1_4",1
"37535","virus_comp_2189_cycle_1_5",1
"37536","virus_comp_2190_cycle_1_1",1
"37537","virus_comp_2190_cycle_1_11",1
"37538","virus_comp_2190_cycle_1_13",1
"37539","virus_comp_2190_cycle_1_14",1
"37540","virus_comp_2190_cycle_1_2",1
"37541","virus_comp_2190_cycle_1_3",1
"37542","virus_comp_2190_cycle_1_5",1
"37543","virus_comp_2190_cycle_1_6",1
"37544","virus_comp_2190_cycle_1_7",1
"37545","virus_comp_2190_cycle_1_8",1
"37546","virus_comp_2190_cycle_1_9",1
"37547","virus_comp_2192_cycle_1_1",1
"37548","virus_comp_2192_cycle_1_5",1
"37549","virus_comp_2193_cycle_1_12",1
"37550","virus_comp_2193_cycle_1_15",1
"37551","virus_comp_2193_cycle_1_16",1
"37552","virus_comp_2193_cycle_1_17",1
"37553","virus_comp_2193_cycle_1_3",1
"37554","virus_comp_2193_cycle_1_8",1
"37555","virus_comp_2193_cycle_1_9",1
"37556","virus_comp_2196_cycle_1_1",1
"37557","virus_comp_2196_cycle_1_3",1
"37558","virus_comp_2196_cycle_1_4",1
"37559","virus_comp_2196_cycle_1_5",1
"37560","virus_comp_2196_cycle_1_6",1
"37561","virus_comp_2196_cycle_1_7",1
"37562","virus_comp_2196_cycle_1_8",1
"37563","virus_comp_2197_cycle_1_1",1
"37564","virus_comp_2197_cycle_1_10",1
"37565","virus_comp_2197_cycle_1_11",1
"37566","virus_comp_2197_cycle_1_14",1
"37567","virus_comp_2197_cycle_1_15",1
"37568","virus_comp_2197_cycle_1_2",1
"37569","virus_comp_2198_cycle_1_1",1
"37570","virus_comp_2198_cycle_1_2",1
"37571","virus_comp_2198_cycle_1_3",1
"37572","virus_comp_2198_cycle_1_4",1
"37573","virus_comp_2198_cycle_1_5",1
"37574","virus_comp_2198_cycle_1_6",1
"37575","virus_comp_2200_cycle_1_1",1
"37576","virus_comp_2200_cycle_1_10",1
"37577","virus_comp_2200_cycle_1_2",1
"37578","virus_comp_2200_cycle_1_4",1
"37579","virus_comp_2200_cycle_1_5",1
"37580","virus_comp_2200_cycle_1_7",1
"37581","virus_comp_2200_cycle_1_8",1
"37582","virus_comp_2200_cycle_1_9",1
"37583","virus_comp_2201_cycle_1_5",1
"37584","virus_comp_2202_cycle_1_1",1
"37585","virus_comp_2202_cycle_1_10",1
"37586","virus_comp_2202_cycle_1_11",1
"37587","virus_comp_2202_cycle_1_2",1
"37588","virus_comp_2202_cycle_1_3",1
"37589","virus_comp_2202_cycle_1_4",1
"37590","virus_comp_2202_cycle_1_5",1
"37591","virus_comp_2202_cycle_1_6",1
"37592","virus_comp_2202_cycle_1_7",1
"37593","virus_comp_2202_cycle_1_8",1
"37594","virus_comp_2202_cycle_1_9",1
"37595","virus_comp_2205_cycle_1_7",1
"37596","virus_comp_2207_cycle_1_1",1
"37597","virus_comp_2207_cycle_1_10",1
"37598","virus_comp_2207_cycle_1_2",1
"37599","virus_comp_2207_cycle_1_3",1
"37600","virus_comp_2207_cycle_1_4",1
"37601","virus_comp_2207_cycle_1_5",1
"37602","virus_comp_2207_cycle_1_6",1
"37603","virus_comp_2207_cycle_1_7",1
"37604","virus_comp_2207_cycle_1_8",1
"37605","virus_comp_2207_cycle_1_9",1
"37606","virus_comp_221_cycle_1_1",1
"37607","virus_comp_221_cycle_1_2",1
"37608","virus_comp_2210_cycle_1_3",1
"37609","virus_comp_2211_cycle_1_5",1
"37610","virus_comp_2211_cycle_1_6",1
"37611","virus_comp_2213_cycle_1_1",1
"37612","virus_comp_2213_cycle_1_2",1
"37613","virus_comp_2213_cycle_1_3",1
"37614","virus_comp_2213_cycle_1_4",1
"37615","virus_comp_2213_cycle_1_5",1
"37616","virus_comp_2213_cycle_1_6",1
"37617","virus_comp_2213_cycle_1_7",1
"37618","virus_comp_2214_cycle_1_2",1
"37619","virus_comp_2214_cycle_1_3",1
"37620","virus_comp_2214_cycle_1_4",1
"37621","virus_comp_2214_cycle_1_6",1
"37622","virus_comp_2214_cycle_1_7",1
"37623","virus_comp_2214_cycle_1_8",1
"37624","virus_comp_2219_cycle_1_1",1
"37625","virus_comp_2219_cycle_1_10",1
"37626","virus_comp_2219_cycle_1_11",1
"37627","virus_comp_2219_cycle_1_12",1
"37628","virus_comp_2219_cycle_1_13",1
"37629","virus_comp_2219_cycle_1_14",1
"37630","virus_comp_2219_cycle_1_15",1
"37631","virus_comp_2219_cycle_1_2",1
"37632","virus_comp_2219_cycle_1_3",1
"37633","virus_comp_2219_cycle_1_4",1
"37634","virus_comp_2219_cycle_1_5",1
"37635","virus_comp_2219_cycle_1_6",1
"37636","virus_comp_2219_cycle_1_7",1
"37637","virus_comp_2219_cycle_1_8",1
"37638","virus_comp_2219_cycle_1_9",1
"37639","virus_comp_2221_cycle_1_1",1
"37640","virus_comp_2221_cycle_1_10",1
"37641","virus_comp_2221_cycle_1_2",1
"37642","virus_comp_2221_cycle_1_3",1
"37643","virus_comp_2221_cycle_1_4",1
"37644","virus_comp_2221_cycle_1_5",1
"37645","virus_comp_2221_cycle_1_6",1
"37646","virus_comp_2221_cycle_1_7",1
"37647","virus_comp_2221_cycle_1_8",1
"37648","virus_comp_2221_cycle_1_9",1
"37649","virus_comp_2222_cycle_1_10",1
"37650","virus_comp_2222_cycle_1_2",1
"37651","virus_comp_2222_cycle_1_5",1
"37652","virus_comp_2222_cycle_1_6",1
"37653","virus_comp_2222_cycle_1_7",1
"37654","virus_comp_2223_cycle_1_11",1
"37655","virus_comp_2223_cycle_1_12",1
"37656","virus_comp_2224_cycle_1_1",1
"37657","virus_comp_2224_cycle_1_3",1
"37658","virus_comp_2224_cycle_1_4",1
"37659","virus_comp_2224_cycle_1_5",1
"37660","virus_comp_2224_cycle_1_7",1
"37661","virus_comp_2224_cycle_1_8",1
"37662","virus_comp_2225_cycle_1_1",1
"37663","virus_comp_2225_cycle_1_10",1
"37664","virus_comp_2225_cycle_1_11",1
"37665","virus_comp_2225_cycle_1_12",1
"37666","virus_comp_2225_cycle_1_13",1
"37667","virus_comp_2225_cycle_1_14",1
"37668","virus_comp_2225_cycle_1_2",1
"37669","virus_comp_2225_cycle_1_3",1
"37670","virus_comp_2225_cycle_1_4",1
"37671","virus_comp_2225_cycle_1_5",1
"37672","virus_comp_2225_cycle_1_6",1
"37673","virus_comp_2225_cycle_1_8",1
"37674","virus_comp_2225_cycle_1_9",1
"37675","virus_comp_2232_cycle_1_1",1
"37676","virus_comp_2232_cycle_1_11",1
"37677","virus_comp_2232_cycle_1_12",1
"37678","virus_comp_2232_cycle_1_13",1
"37679","virus_comp_2232_cycle_1_14",1
"37680","virus_comp_2232_cycle_1_16",1
"37681","virus_comp_2232_cycle_1_17",1
"37682","virus_comp_2232_cycle_1_18",1
"37683","virus_comp_2232_cycle_1_2",1
"37684","virus_comp_2232_cycle_1_3",1
"37685","virus_comp_2232_cycle_1_4",1
"37686","virus_comp_2232_cycle_1_5",1
"37687","virus_comp_2232_cycle_1_6",1
"37688","virus_comp_2232_cycle_1_7",1
"37689","virus_comp_2232_cycle_1_9",1
"37690","virus_comp_2235_cycle_1_5",1
"37691","virus_comp_2237_cycle_1_2",1
"37692","virus_comp_2237_cycle_1_3",1
"37693","virus_comp_2237_cycle_1_4",1
"37694","virus_comp_2237_cycle_1_6",1
"37695","virus_comp_2237_cycle_1_7",1
"37696","virus_comp_2242_cycle_1_2",1
"37697","virus_comp_2242_cycle_1_6",1
"37698","virus_comp_2242_cycle_1_7",1
"37699","virus_comp_2245_cycle_1_2",1
"37700","virus_comp_2245_cycle_1_3",1
"37701","virus_comp_2245_cycle_1_4",1
"37702","virus_comp_2245_cycle_1_6",1
"37703","virus_comp_2245_cycle_1_7",1
"37704","virus_comp_2245_cycle_1_8",1
"37705","virus_comp_2245_cycle_1_9",1
"37706","virus_comp_2246_cycle_1_15",1
"37707","virus_comp_2246_cycle_1_16",1
"37708","virus_comp_2246_cycle_1_18",1
"37709","virus_comp_2246_cycle_1_6",1
"37710","virus_comp_2246_cycle_1_7",1
"37711","virus_comp_2248_cycle_1_1",1
"37712","virus_comp_2253_cycle_1_13",1
"37713","virus_comp_2253_cycle_1_3",1
"37714","virus_comp_2253_cycle_1_5",1
"37715","virus_comp_2253_cycle_1_6",1
"37716","virus_comp_2253_cycle_1_7",1
"37717","virus_comp_2253_cycle_1_8",1
"37718","virus_comp_2256_cycle_1_1",1
"37719","virus_comp_2256_cycle_1_5",1
"37720","virus_comp_2256_cycle_1_7",1
"37721","virus_comp_2260_cycle_1_1",1
"37722","virus_comp_2260_cycle_1_11",1
"37723","virus_comp_2260_cycle_1_13",1
"37724","virus_comp_2260_cycle_1_14",1
"37725","virus_comp_2260_cycle_1_15",1
"37726","virus_comp_2260_cycle_1_3",1
"37727","virus_comp_2260_cycle_1_4",1
"37728","virus_comp_2260_cycle_1_9",1
"37729","virus_comp_2261_cycle_1_5",1
"37730","virus_comp_2261_cycle_1_6",1
"37731","virus_comp_2263_cycle_1_2",1
"37732","virus_comp_2264_cycle_1_5",1
"37733","virus_comp_2264_cycle_1_7",1
"37734","virus_comp_2267_cycle_1_1",1
"37735","virus_comp_2267_cycle_1_11",1
"37736","virus_comp_2267_cycle_1_13",1
"37737","virus_comp_2267_cycle_1_14",1
"37738","virus_comp_2267_cycle_1_2",1
"37739","virus_comp_2267_cycle_1_3",1
"37740","virus_comp_2267_cycle_1_4",1
"37741","virus_comp_2267_cycle_1_5",1
"37742","virus_comp_2267_cycle_1_6",1
"37743","virus_comp_2277_cycle_1_2",1
"37744","virus_comp_2277_cycle_1_3",1
"37745","virus_comp_2277_cycle_1_5",1
"37746","virus_comp_2277_cycle_1_8",1
"37747","virus_comp_2281_cycle_1_1",1
"37748","virus_comp_2281_cycle_1_2",1
"37749","virus_comp_2281_cycle_1_4",1
"37750","virus_comp_2281_cycle_1_5",1
"37751","virus_comp_2281_cycle_1_6",1
"37752","virus_comp_2282_cycle_1_1",1
"37753","virus_comp_2282_cycle_1_10",1
"37754","virus_comp_2282_cycle_1_11",1
"37755","virus_comp_2282_cycle_1_12",1
"37756","virus_comp_2282_cycle_1_13",1
"37757","virus_comp_2282_cycle_1_3",1
"37758","virus_comp_2282_cycle_1_4",1
"37759","virus_comp_2282_cycle_1_8",1
"37760","virus_comp_2282_cycle_1_9",1
"37761","virus_comp_2283_cycle_1_7",1
"37762","virus_comp_2283_cycle_1_8",1
"37763","virus_comp_2284_cycle_1_10",1
"37764","virus_comp_2284_cycle_1_11",1
"37765","virus_comp_2284_cycle_1_12",1
"37766","virus_comp_2284_cycle_1_13",1
"37767","virus_comp_2284_cycle_1_14",1
"37768","virus_comp_2284_cycle_1_4",1
"37769","virus_comp_2284_cycle_1_5",1
"37770","virus_comp_2284_cycle_1_6",1
"37771","virus_comp_2284_cycle_1_8",1
"37772","virus_comp_2284_cycle_1_9",1
"37773","virus_comp_2287_cycle_1_1",1
"37774","virus_comp_229_cycle_1_1",1
"37775","virus_comp_229_cycle_1_62",1
"37776","virus_comp_2292_cycle_1_1",1
"37777","virus_comp_2292_cycle_1_2",1
"37778","virus_comp_2292_cycle_1_3",1
"37779","virus_comp_2292_cycle_1_4",1
"37780","virus_comp_2296_cycle_1_10",1
"37781","virus_comp_2304_cycle_1_2",1
"37782","virus_comp_2304_cycle_1_3",1
"37783","virus_comp_2304_cycle_1_5",1
"37784","virus_comp_2304_cycle_1_6",1
"37785","virus_comp_2304_cycle_1_7",1
"37786","virus_comp_231_cycle_1_5",1
"37787","virus_comp_231_cycle_1_6",1
"37788","virus_comp_231_cycle_1_8",1
"37789","virus_comp_231_cycle_1_9",1
"37790","virus_comp_2315_cycle_1_1",1
"37791","virus_comp_2315_cycle_1_5",1
"37792","virus_comp_2315_cycle_1_7",1
"37793","virus_comp_2315_cycle_1_9",1
"37794","virus_comp_2316_cycle_1_1",1
"37795","virus_comp_2316_cycle_1_2",1
"37796","virus_comp_2316_cycle_1_3",1
"37797","virus_comp_2316_cycle_1_4",1
"37798","virus_comp_2316_cycle_1_5",1
"37799","virus_comp_2316_cycle_1_6",1
"37800","virus_comp_2317_cycle_1_1",1
"37801","virus_comp_2317_cycle_1_10",1
"37802","virus_comp_2317_cycle_1_11",1
"37803","virus_comp_2317_cycle_1_2",1
"37804","virus_comp_2317_cycle_1_3",1
"37805","virus_comp_2317_cycle_1_4",1
"37806","virus_comp_2317_cycle_1_5",1
"37807","virus_comp_2317_cycle_1_7",1
"37808","virus_comp_2317_cycle_1_8",1
"37809","virus_comp_2317_cycle_1_9",1
"37810","virus_comp_2319_cycle_1_1",1
"37811","virus_comp_2319_cycle_1_2",1
"37812","virus_comp_2319_cycle_1_6",1
"37813","virus_comp_2319_cycle_1_8",1
"37814","virus_comp_2320_cycle_1_1",1
"37815","virus_comp_2320_cycle_1_10",1
"37816","virus_comp_2320_cycle_1_4",1
"37817","virus_comp_2320_cycle_1_6",1
"37818","virus_comp_2320_cycle_1_7",1
"37819","virus_comp_2320_cycle_1_8",1
"37820","virus_comp_2322_cycle_1_2",1
"37821","virus_comp_2322_cycle_1_3",1
"37822","virus_comp_2322_cycle_1_4",1
"37823","virus_comp_2322_cycle_1_6",1
"37824","virus_comp_2322_cycle_1_7",1
"37825","virus_comp_2323_cycle_1_11",1
"37826","virus_comp_2334_cycle_1_5",1
"37827","virus_comp_2336_cycle_1_2",1
"37828","virus_comp_2339_cycle_1_1",1
"37829","virus_comp_2339_cycle_1_5",1
"37830","virus_comp_2342_cycle_1_1",1
"37831","virus_comp_2342_cycle_1_2",1
"37832","virus_comp_2342_cycle_1_3",1
"37833","virus_comp_2342_cycle_1_5",1
"37834","virus_comp_2342_cycle_1_7",1
"37835","virus_comp_2342_cycle_1_8",1
"37836","virus_comp_2343_cycle_1_1",1
"37837","virus_comp_2343_cycle_1_2",1
"37838","virus_comp_2343_cycle_1_3",1
"37839","virus_comp_2343_cycle_1_8",1
"37840","virus_comp_2346_cycle_1_2",1
"37841","virus_comp_2346_cycle_1_4",1
"37842","virus_comp_2346_cycle_1_7",1
"37843","virus_comp_2346_cycle_1_8",1
"37844","virus_comp_2348_cycle_1_1",1
"37845","virus_comp_2348_cycle_1_10",1
"37846","virus_comp_2348_cycle_1_11",1
"37847","virus_comp_2348_cycle_1_12",1
"37848","virus_comp_2348_cycle_1_2",1
"37849","virus_comp_2348_cycle_1_3",1
"37850","virus_comp_2348_cycle_1_4",1
"37851","virus_comp_2348_cycle_1_5",1
"37852","virus_comp_2348_cycle_1_6",1
"37853","virus_comp_2348_cycle_1_7",1
"37854","virus_comp_2348_cycle_1_8",1
"37855","virus_comp_2348_cycle_1_9",1
"37856","virus_comp_2349_cycle_1_1",1
"37857","virus_comp_2349_cycle_1_2",1
"37858","virus_comp_2349_cycle_1_8",1
"37859","virus_comp_2350_cycle_1_9",1
"37860","virus_comp_2353_cycle_1_3",1
"37861","virus_comp_2353_cycle_1_4",1
"37862","virus_comp_2353_cycle_1_5",1
"37863","virus_comp_2355_cycle_1_10",1
"37864","virus_comp_2355_cycle_1_2",1
"37865","virus_comp_2355_cycle_1_3",1
"37866","virus_comp_2355_cycle_1_5",1
"37867","virus_comp_2355_cycle_1_6",1
"37868","virus_comp_2362_cycle_1_2",1
"37869","virus_comp_2362_cycle_1_3",1
"37870","virus_comp_2362_cycle_1_6",1
"37871","virus_comp_2362_cycle_1_7",1
"37872","virus_comp_2362_cycle_1_8",1
"37873","virus_comp_2362_cycle_1_9",1
"37874","virus_comp_2363_cycle_1_1",1
"37875","virus_comp_2363_cycle_1_10",1
"37876","virus_comp_2363_cycle_1_2",1
"37877","virus_comp_2363_cycle_1_3",1
"37878","virus_comp_2363_cycle_1_4",1
"37879","virus_comp_2363_cycle_1_5",1
"37880","virus_comp_2363_cycle_1_6",1
"37881","virus_comp_2363_cycle_1_7",1
"37882","virus_comp_2363_cycle_1_8",1
"37883","virus_comp_2363_cycle_1_9",1
"37884","virus_comp_2366_cycle_1_6",1
"37885","virus_comp_2366_cycle_1_9",1
"37886","virus_comp_2368_cycle_1_10",1
"37887","virus_comp_2368_cycle_1_11",1
"37888","virus_comp_2368_cycle_1_12",1
"37889","virus_comp_2368_cycle_1_6",1
"37890","virus_comp_2368_cycle_1_7",1
"37891","virus_comp_2368_cycle_1_8",1
"37892","virus_comp_2368_cycle_1_9",1
"37893","virus_comp_2370_cycle_1_12",1
"37894","virus_comp_2370_cycle_1_7",1
"37895","virus_comp_2370_cycle_1_8",1
"37896","virus_comp_2371_cycle_1_1",1
"37897","virus_comp_2371_cycle_1_2",1
"37898","virus_comp_2371_cycle_1_3",1
"37899","virus_comp_2371_cycle_1_4",1
"37900","virus_comp_2371_cycle_1_5",1
"37901","virus_comp_2371_cycle_1_6",1
"37902","virus_comp_2371_cycle_1_7",1
"37903","virus_comp_2372_cycle_1_1",1
"37904","virus_comp_2372_cycle_1_3",1
"37905","virus_comp_2372_cycle_1_4",1
"37906","virus_comp_2372_cycle_1_7",1
"37907","virus_comp_2372_cycle_1_8",1
"37908","virus_comp_2372_cycle_1_9",1
"37909","virus_comp_2376_cycle_1_1",1
"37910","virus_comp_2376_cycle_1_2",1
"37911","virus_comp_2376_cycle_1_7",1
"37912","virus_comp_2376_cycle_1_8",1
"37913","virus_comp_2376_cycle_1_9",1
"37914","virus_comp_2377_cycle_1_2",1
"37915","virus_comp_2377_cycle_1_3",1
"37916","virus_comp_2377_cycle_1_9",1
"37917","virus_comp_2378_cycle_1_1",1
"37918","virus_comp_2378_cycle_1_13",1
"37919","virus_comp_2378_cycle_1_2",1
"37920","virus_comp_2378_cycle_1_4",1
"37921","virus_comp_2378_cycle_1_6",1
"37922","virus_comp_2378_cycle_1_7",1
"37923","virus_comp_238_cycle_1_145",1
"37924","virus_comp_238_cycle_1_158",1
"37925","virus_comp_238_cycle_1_164",1
"37926","virus_comp_238_cycle_1_165",1
"37927","virus_comp_238_cycle_1_166",1
"37928","virus_comp_238_cycle_1_18",1
"37929","virus_comp_238_cycle_1_32",1
"37930","virus_comp_238_cycle_1_7",1
"37931","virus_comp_238_cycle_1_78",1
"37932","virus_comp_238_cycle_1_79",1
"37933","virus_comp_238_cycle_1_89",1
"37934","virus_comp_238_cycle_1_90",1
"37935","virus_comp_2380_cycle_1_1",1
"37936","virus_comp_2381_cycle_1_1",1
"37937","virus_comp_2381_cycle_1_10",1
"37938","virus_comp_2381_cycle_1_11",1
"37939","virus_comp_2381_cycle_1_12",1
"37940","virus_comp_2381_cycle_1_13",1
"37941","virus_comp_2381_cycle_1_14",1
"37942","virus_comp_2381_cycle_1_2",1
"37943","virus_comp_2381_cycle_1_3",1
"37944","virus_comp_2381_cycle_1_4",1
"37945","virus_comp_2381_cycle_1_5",1
"37946","virus_comp_2381_cycle_1_6",1
"37947","virus_comp_2381_cycle_1_7",1
"37948","virus_comp_2381_cycle_1_8",1
"37949","virus_comp_2381_cycle_1_9",1
"37950","virus_comp_2384_cycle_1_3",1
"37951","virus_comp_2386_cycle_1_1",1
"37952","virus_comp_2386_cycle_1_5",1
"37953","virus_comp_2389_cycle_1_1",1
"37954","virus_comp_2389_cycle_1_10",1
"37955","virus_comp_2389_cycle_1_11",1
"37956","virus_comp_2389_cycle_1_12",1
"37957","virus_comp_2389_cycle_1_3",1
"37958","virus_comp_2389_cycle_1_4",1
"37959","virus_comp_2389_cycle_1_6",1
"37960","virus_comp_2390_cycle_1_1",1
"37961","virus_comp_2390_cycle_1_10",1
"37962","virus_comp_2390_cycle_1_11",1
"37963","virus_comp_2390_cycle_1_2",1
"37964","virus_comp_2390_cycle_1_3",1
"37965","virus_comp_2390_cycle_1_4",1
"37966","virus_comp_2390_cycle_1_5",1
"37967","virus_comp_2390_cycle_1_6",1
"37968","virus_comp_2390_cycle_1_9",1
"37969","virus_comp_2402_cycle_1_6",1
"37970","virus_comp_2402_cycle_1_7",1
"37971","virus_comp_2402_cycle_1_8",1
"37972","virus_comp_2404_cycle_1_1",1
"37973","virus_comp_2404_cycle_1_2",1
"37974","virus_comp_2404_cycle_1_3",1
"37975","virus_comp_2404_cycle_1_4",1
"37976","virus_comp_2404_cycle_1_5",1
"37977","virus_comp_2404_cycle_1_6",1
"37978","virus_comp_2404_cycle_1_7",1
"37979","virus_comp_2404_cycle_1_8",1
"37980","virus_comp_2406_cycle_1_1",1
"37981","virus_comp_2406_cycle_1_10",1
"37982","virus_comp_2406_cycle_1_11",1
"37983","virus_comp_2406_cycle_1_12",1
"37984","virus_comp_2406_cycle_1_2",1
"37985","virus_comp_2406_cycle_1_3",1
"37986","virus_comp_2406_cycle_1_4",1
"37987","virus_comp_2406_cycle_1_5",1
"37988","virus_comp_2406_cycle_1_6",1
"37989","virus_comp_2406_cycle_1_7",1
"37990","virus_comp_2406_cycle_1_8",1
"37991","virus_comp_2406_cycle_1_9",1
"37992","virus_comp_2409_cycle_1_1",1
"37993","virus_comp_2409_cycle_1_10",1
"37994","virus_comp_2409_cycle_1_11",1
"37995","virus_comp_2409_cycle_1_12",1
"37996","virus_comp_2409_cycle_1_2",1
"37997","virus_comp_2409_cycle_1_3",1
"37998","virus_comp_2409_cycle_1_4",1
"37999","virus_comp_2409_cycle_1_5",1
"38000","virus_comp_2409_cycle_1_7",1
"38001","virus_comp_2409_cycle_1_8",1
"38002","virus_comp_2411_cycle_1_1",1
"38003","virus_comp_2411_cycle_1_3",1
"38004","virus_comp_2411_cycle_1_5",1
"38005","virus_comp_2411_cycle_1_6",1
"38006","virus_comp_2411_cycle_1_7",1
"38007","virus_comp_2411_cycle_1_8",1
"38008","virus_comp_2414_cycle_1_1",1
"38009","virus_comp_2414_cycle_1_3",1
"38010","virus_comp_2414_cycle_1_4",1
"38011","virus_comp_2414_cycle_1_5",1
"38012","virus_comp_2414_cycle_1_6",1
"38013","virus_comp_2414_cycle_1_7",1
"38014","virus_comp_2414_cycle_1_9",1
"38015","virus_comp_2415_cycle_1_1",1
"38016","virus_comp_2415_cycle_1_2",1
"38017","virus_comp_2415_cycle_1_3",1
"38018","virus_comp_2415_cycle_1_4",1
"38019","virus_comp_2415_cycle_1_5",1
"38020","virus_comp_2415_cycle_1_6",1
"38021","virus_comp_2415_cycle_1_7",1
"38022","virus_comp_2415_cycle_1_8",1
"38023","virus_comp_2415_cycle_1_9",1
"38024","virus_comp_2418_cycle_1_8",1
"38025","virus_comp_2419_cycle_1_1",1
"38026","virus_comp_2419_cycle_1_2",1
"38027","virus_comp_2419_cycle_1_3",1
"38028","virus_comp_2419_cycle_1_8",1
"38029","virus_comp_2427_cycle_1_7",1
"38030","virus_comp_2432_cycle_1_5",1
"38031","virus_comp_2434_cycle_1_5",1
"38032","virus_comp_2436_cycle_1_2",1
"38033","virus_comp_2436_cycle_1_3",1
"38034","virus_comp_2436_cycle_1_4",1
"38035","virus_comp_2436_cycle_1_5",1
"38036","virus_comp_2436_cycle_1_6",1
"38037","virus_comp_2436_cycle_1_7",1
"38038","virus_comp_2436_cycle_1_8",1
"38039","virus_comp_2437_cycle_1_1",1
"38040","virus_comp_2437_cycle_1_4",1
"38041","virus_comp_2437_cycle_1_7",1
"38042","virus_comp_2437_cycle_1_9",1
"38043","virus_comp_2439_cycle_1_1",1
"38044","virus_comp_2439_cycle_1_2",1
"38045","virus_comp_2439_cycle_1_3",1
"38046","virus_comp_2439_cycle_1_4",1
"38047","virus_comp_2439_cycle_1_5",1
"38048","virus_comp_2439_cycle_1_6",1
"38049","virus_comp_2439_cycle_1_7",1
"38050","virus_comp_2439_cycle_1_8",1
"38051","virus_comp_2439_cycle_1_9",1
"38052","virus_comp_244_cycle_1_1",1
"38053","virus_comp_2441_cycle_1_1",1
"38054","virus_comp_2441_cycle_1_3",1
"38055","virus_comp_2443_cycle_1_1",1
"38056","virus_comp_2443_cycle_1_4",1
"38057","virus_comp_2443_cycle_1_5",1
"38058","virus_comp_2443_cycle_1_7",1
"38059","virus_comp_2448_cycle_1_1",1
"38060","virus_comp_2448_cycle_1_2",1
"38061","virus_comp_2448_cycle_1_3",1
"38062","virus_comp_2448_cycle_1_4",1
"38063","virus_comp_2448_cycle_1_5",1
"38064","virus_comp_2448_cycle_1_6",1
"38065","virus_comp_2448_cycle_1_7",1
"38066","virus_comp_2448_cycle_1_8",1
"38067","virus_comp_2448_cycle_1_9",1
"38068","virus_comp_2450_cycle_1_1",1
"38069","virus_comp_2450_cycle_1_10",1
"38070","virus_comp_2450_cycle_1_3",1
"38071","virus_comp_2450_cycle_1_4",1
"38072","virus_comp_2450_cycle_1_5",1
"38073","virus_comp_2450_cycle_1_9",1
"38074","virus_comp_2451_cycle_1_1",1
"38075","virus_comp_2451_cycle_1_2",1
"38076","virus_comp_2451_cycle_1_3",1
"38077","virus_comp_2451_cycle_1_4",1
"38078","virus_comp_2451_cycle_1_5",1
"38079","virus_comp_2451_cycle_1_6",1
"38080","virus_comp_2451_cycle_1_7",1
"38081","virus_comp_2452_cycle_1_3",1
"38082","virus_comp_2453_cycle_1_1",1
"38083","virus_comp_2453_cycle_1_10",1
"38084","virus_comp_2453_cycle_1_2",1
"38085","virus_comp_2453_cycle_1_3",1
"38086","virus_comp_2453_cycle_1_4",1
"38087","virus_comp_2453_cycle_1_5",1
"38088","virus_comp_2454_cycle_1_1",1
"38089","virus_comp_2454_cycle_1_2",1
"38090","virus_comp_2454_cycle_1_3",1
"38091","virus_comp_2454_cycle_1_4",1
"38092","virus_comp_2454_cycle_1_5",1
"38093","virus_comp_2454_cycle_1_6",1
"38094","virus_comp_2455_cycle_1_1",1
"38095","virus_comp_2455_cycle_1_10",1
"38096","virus_comp_2455_cycle_1_2",1
"38097","virus_comp_2455_cycle_1_4",1
"38098","virus_comp_2455_cycle_1_5",1
"38099","virus_comp_2455_cycle_1_6",1
"38100","virus_comp_2455_cycle_1_9",1
"38101","virus_comp_2456_cycle_1_1",1
"38102","virus_comp_2456_cycle_1_2",1
"38103","virus_comp_2456_cycle_1_3",1
"38104","virus_comp_2456_cycle_1_4",1
"38105","virus_comp_2456_cycle_1_5",1
"38106","virus_comp_2456_cycle_1_6",1
"38107","virus_comp_2456_cycle_1_7",1
"38108","virus_comp_2460_cycle_1_1",1
"38109","virus_comp_2460_cycle_1_2",1
"38110","virus_comp_2460_cycle_1_3",1
"38111","virus_comp_2460_cycle_1_4",1
"38112","virus_comp_2463_cycle_1_4",1
"38113","virus_comp_2464_cycle_1_10",1
"38114","virus_comp_2464_cycle_1_7",1
"38115","virus_comp_2466_cycle_1_3",1
"38116","virus_comp_2466_cycle_1_5",1
"38117","virus_comp_2466_cycle_1_8",1
"38118","virus_comp_2469_cycle_1_4",1
"38119","virus_comp_2469_cycle_1_9",1
"38120","virus_comp_247_cycle_1_5",1
"38121","virus_comp_2470_cycle_1_1",1
"38122","virus_comp_2470_cycle_1_10",1
"38123","virus_comp_2470_cycle_1_2",1
"38124","virus_comp_2470_cycle_1_3",1
"38125","virus_comp_2470_cycle_1_4",1
"38126","virus_comp_2470_cycle_1_5",1
"38127","virus_comp_2470_cycle_1_6",1
"38128","virus_comp_2470_cycle_1_7",1
"38129","virus_comp_2470_cycle_1_8",1
"38130","virus_comp_2470_cycle_1_9",1
"38131","virus_comp_2472_cycle_1_12",1
"38132","virus_comp_2473_cycle_1_1",1
"38133","virus_comp_2473_cycle_1_15",1
"38134","virus_comp_2473_cycle_1_4",1
"38135","virus_comp_2473_cycle_1_8",1
"38136","virus_comp_2474_cycle_1_1",1
"38137","virus_comp_2474_cycle_1_6",1
"38138","virus_comp_2474_cycle_1_7",1
"38139","virus_comp_2474_cycle_1_8",1
"38140","virus_comp_2484_cycle_1_1",1
"38141","virus_comp_2484_cycle_1_2",1
"38142","virus_comp_2484_cycle_1_4",1
"38143","virus_comp_2484_cycle_1_6",1
"38144","virus_comp_2485_cycle_1_1",1
"38145","virus_comp_2485_cycle_1_2",1
"38146","virus_comp_2485_cycle_1_3",1
"38147","virus_comp_2485_cycle_1_4",1
"38148","virus_comp_2485_cycle_1_5",1
"38149","virus_comp_2485_cycle_1_6",1
"38150","virus_comp_2486_cycle_1_1",1
"38151","virus_comp_2486_cycle_1_2",1
"38152","virus_comp_2486_cycle_1_3",1
"38153","virus_comp_2486_cycle_1_8",1
"38154","virus_comp_2491_cycle_1_7",1
"38155","virus_comp_2496_cycle_1_1",1
"38156","virus_comp_2496_cycle_1_10",1
"38157","virus_comp_2496_cycle_1_4",1
"38158","virus_comp_250_cycle_1_120",1
"38159","virus_comp_250_cycle_1_186",1
"38160","virus_comp_250_cycle_1_215",1
"38161","virus_comp_250_cycle_1_216",1
"38162","virus_comp_250_cycle_1_222",1
"38163","virus_comp_250_cycle_1_252",1
"38164","virus_comp_250_cycle_1_253",1
"38165","virus_comp_250_cycle_1_85",1
"38166","virus_comp_250_cycle_1_87",1
"38167","virus_comp_2501_cycle_1_1",1
"38168","virus_comp_2501_cycle_1_2",1
"38169","virus_comp_2501_cycle_1_4",1
"38170","virus_comp_2501_cycle_1_6",1
"38171","virus_comp_2501_cycle_1_7",1
"38172","virus_comp_2501_cycle_1_9",1
"38173","virus_comp_2503_cycle_1_1",1
"38174","virus_comp_2503_cycle_1_10",1
"38175","virus_comp_2503_cycle_1_11",1
"38176","virus_comp_2503_cycle_1_12",1
"38177","virus_comp_2503_cycle_1_14",1
"38178","virus_comp_2503_cycle_1_15",1
"38179","virus_comp_2503_cycle_1_16",1
"38180","virus_comp_2503_cycle_1_18",1
"38181","virus_comp_2503_cycle_1_19",1
"38182","virus_comp_2503_cycle_1_2",1
"38183","virus_comp_2503_cycle_1_3",1
"38184","virus_comp_2503_cycle_1_4",1
"38185","virus_comp_2503_cycle_1_5",1
"38186","virus_comp_2505_cycle_1_1",1
"38187","virus_comp_2505_cycle_1_2",1
"38188","virus_comp_2505_cycle_1_3",1
"38189","virus_comp_2505_cycle_1_4",1
"38190","virus_comp_2505_cycle_1_5",1
"38191","virus_comp_2505_cycle_1_6",1
"38192","virus_comp_2505_cycle_1_7",1
"38193","virus_comp_2505_cycle_1_8",1
"38194","virus_comp_2507_cycle_1_1",1
"38195","virus_comp_2507_cycle_1_2",1
"38196","virus_comp_2507_cycle_1_3",1
"38197","virus_comp_2507_cycle_1_4",1
"38198","virus_comp_2507_cycle_1_5",1
"38199","virus_comp_2507_cycle_1_6",1
"38200","virus_comp_2507_cycle_1_7",1
"38201","virus_comp_2507_cycle_1_8",1
"38202","virus_comp_2507_cycle_1_9",1
"38203","virus_comp_2512_cycle_1_4",1
"38204","virus_comp_2512_cycle_1_5",1
"38205","virus_comp_2512_cycle_1_6",1
"38206","virus_comp_2513_cycle_1_6",1
"38207","virus_comp_2517_cycle_1_1",1
"38208","virus_comp_2517_cycle_1_2",1
"38209","virus_comp_2517_cycle_1_3",1
"38210","virus_comp_2517_cycle_1_6",1
"38211","virus_comp_2517_cycle_1_7",1
"38212","virus_comp_2518_cycle_1_11",1
"38213","virus_comp_2518_cycle_1_12",1
"38214","virus_comp_2518_cycle_1_13",1
"38215","virus_comp_2518_cycle_1_2",1
"38216","virus_comp_2519_cycle_1_1",1
"38217","virus_comp_2519_cycle_1_3",1
"38218","virus_comp_2523_cycle_1_1",1
"38219","virus_comp_2523_cycle_1_2",1
"38220","virus_comp_2523_cycle_1_3",1
"38221","virus_comp_2523_cycle_1_4",1
"38222","virus_comp_2523_cycle_1_5",1
"38223","virus_comp_2524_cycle_1_14",1
"38224","virus_comp_2524_cycle_1_15",1
"38225","virus_comp_2524_cycle_1_5",1
"38226","virus_comp_2529_cycle_1_4",1
"38227","virus_comp_2531_cycle_1_5",1
"38228","virus_comp_2531_cycle_1_8",1
"38229","virus_comp_2532_cycle_1_6",1
"38230","virus_comp_2532_cycle_1_7",1
"38231","virus_comp_2532_cycle_1_8",1
"38232","virus_comp_2535_cycle_1_8",1
"38233","virus_comp_2535_cycle_1_9",1
"38234","virus_comp_2539_cycle_1_1",1
"38235","virus_comp_2539_cycle_1_6",1
"38236","virus_comp_2544_cycle_1_2",1
"38237","virus_comp_2545_cycle_1_1",1
"38238","virus_comp_2545_cycle_1_2",1
"38239","virus_comp_2545_cycle_1_3",1
"38240","virus_comp_2545_cycle_1_8",1
"38241","virus_comp_2547_cycle_1_4",1
"38242","virus_comp_2548_cycle_1_1",1
"38243","virus_comp_2548_cycle_1_10",1
"38244","virus_comp_2548_cycle_1_2",1
"38245","virus_comp_2548_cycle_1_3",1
"38246","virus_comp_2548_cycle_1_4",1
"38247","virus_comp_2548_cycle_1_5",1
"38248","virus_comp_2548_cycle_1_6",1
"38249","virus_comp_2548_cycle_1_7",1
"38250","virus_comp_2548_cycle_1_8",1
"38251","virus_comp_2548_cycle_1_9",1
"38252","virus_comp_2550_cycle_1_10",1
"38253","virus_comp_2550_cycle_1_11",1
"38254","virus_comp_2550_cycle_1_5",1
"38255","virus_comp_2550_cycle_1_8",1
"38256","virus_comp_2558_cycle_1_3",1
"38257","virus_comp_2558_cycle_1_5",1
"38258","virus_comp_2558_cycle_1_6",1
"38259","virus_comp_2558_cycle_1_7",1
"38260","virus_comp_2558_cycle_1_9",1
"38261","virus_comp_2559_cycle_1_10",1
"38262","virus_comp_2559_cycle_1_6",1
"38263","virus_comp_2559_cycle_1_7",1
"38264","virus_comp_2559_cycle_1_8",1
"38265","virus_comp_2559_cycle_1_9",1
"38266","virus_comp_2561_cycle_1_1",1
"38267","virus_comp_2561_cycle_1_10",1
"38268","virus_comp_2561_cycle_1_11",1
"38269","virus_comp_2561_cycle_1_2",1
"38270","virus_comp_2561_cycle_1_4",1
"38271","virus_comp_2561_cycle_1_7",1
"38272","virus_comp_2561_cycle_1_8",1
"38273","virus_comp_2561_cycle_1_9",1
"38274","virus_comp_2563_cycle_1_10",1
"38275","virus_comp_2563_cycle_1_11",1
"38276","virus_comp_2563_cycle_1_12",1
"38277","virus_comp_2563_cycle_1_3",1
"38278","virus_comp_2563_cycle_1_4",1
"38279","virus_comp_2563_cycle_1_7",1
"38280","virus_comp_2563_cycle_1_8",1
"38281","virus_comp_2563_cycle_1_9",1
"38282","virus_comp_2564_cycle_1_1",1
"38283","virus_comp_2564_cycle_1_10",1
"38284","virus_comp_2564_cycle_1_11",1
"38285","virus_comp_2564_cycle_1_12",1
"38286","virus_comp_2564_cycle_1_13",1
"38287","virus_comp_2564_cycle_1_2",1
"38288","virus_comp_2564_cycle_1_5",1
"38289","virus_comp_2564_cycle_1_6",1
"38290","virus_comp_2564_cycle_1_7",1
"38291","virus_comp_2564_cycle_1_8",1
"38292","virus_comp_2564_cycle_1_9",1
"38293","virus_comp_257_cycle_1_1",1
"38294","virus_comp_257_cycle_1_10",1
"38295","virus_comp_257_cycle_1_11",1
"38296","virus_comp_257_cycle_1_12",1
"38297","virus_comp_257_cycle_1_13",1
"38298","virus_comp_257_cycle_1_14",1
"38299","virus_comp_257_cycle_1_15",1
"38300","virus_comp_257_cycle_1_16",1
"38301","virus_comp_257_cycle_1_17",1
"38302","virus_comp_257_cycle_1_18",1
"38303","virus_comp_257_cycle_1_19",1
"38304","virus_comp_257_cycle_1_2",1
"38305","virus_comp_257_cycle_1_20",1
"38306","virus_comp_257_cycle_1_21",1
"38307","virus_comp_257_cycle_1_22",1
"38308","virus_comp_257_cycle_1_23",1
"38309","virus_comp_257_cycle_1_24",1
"38310","virus_comp_257_cycle_1_25",1
"38311","virus_comp_257_cycle_1_26",1
"38312","virus_comp_257_cycle_1_27",1
"38313","virus_comp_257_cycle_1_28",1
"38314","virus_comp_257_cycle_1_29",1
"38315","virus_comp_257_cycle_1_3",1
"38316","virus_comp_257_cycle_1_30",1
"38317","virus_comp_257_cycle_1_31",1
"38318","virus_comp_257_cycle_1_32",1
"38319","virus_comp_257_cycle_1_33",1
"38320","virus_comp_257_cycle_1_34",1
"38321","virus_comp_257_cycle_1_35",1
"38322","virus_comp_257_cycle_1_37",1
"38323","virus_comp_257_cycle_1_38",1
"38324","virus_comp_257_cycle_1_39",1
"38325","virus_comp_257_cycle_1_4",1
"38326","virus_comp_257_cycle_1_40",1
"38327","virus_comp_257_cycle_1_41",1
"38328","virus_comp_257_cycle_1_42",1
"38329","virus_comp_257_cycle_1_43",1
"38330","virus_comp_257_cycle_1_44",1
"38331","virus_comp_257_cycle_1_45",1
"38332","virus_comp_257_cycle_1_46",1
"38333","virus_comp_257_cycle_1_47",1
"38334","virus_comp_257_cycle_1_48",1
"38335","virus_comp_257_cycle_1_49",1
"38336","virus_comp_257_cycle_1_5",1
"38337","virus_comp_257_cycle_1_50",1
"38338","virus_comp_257_cycle_1_52",1
"38339","virus_comp_257_cycle_1_54",1
"38340","virus_comp_257_cycle_1_56",1
"38341","virus_comp_257_cycle_1_57",1
"38342","virus_comp_257_cycle_1_58",1
"38343","virus_comp_257_cycle_1_59",1
"38344","virus_comp_257_cycle_1_6",1
"38345","virus_comp_257_cycle_1_60",1
"38346","virus_comp_257_cycle_1_61",1
"38347","virus_comp_257_cycle_1_62",1
"38348","virus_comp_257_cycle_1_63",1
"38349","virus_comp_257_cycle_1_64",1
"38350","virus_comp_257_cycle_1_65",1
"38351","virus_comp_257_cycle_1_66",1
"38352","virus_comp_257_cycle_1_67",1
"38353","virus_comp_257_cycle_1_68",1
"38354","virus_comp_257_cycle_1_69",1
"38355","virus_comp_257_cycle_1_7",1
"38356","virus_comp_257_cycle_1_70",1
"38357","virus_comp_257_cycle_1_71",1
"38358","virus_comp_257_cycle_1_72",1
"38359","virus_comp_257_cycle_1_73",1
"38360","virus_comp_257_cycle_1_74",1
"38361","virus_comp_257_cycle_1_75",1
"38362","virus_comp_257_cycle_1_76",1
"38363","virus_comp_257_cycle_1_77",1
"38364","virus_comp_257_cycle_1_78",1
"38365","virus_comp_257_cycle_1_79",1
"38366","virus_comp_257_cycle_1_8",1
"38367","virus_comp_257_cycle_1_80",1
"38368","virus_comp_257_cycle_1_81",1
"38369","virus_comp_257_cycle_1_82",1
"38370","virus_comp_257_cycle_1_83",1
"38371","virus_comp_257_cycle_1_84",1
"38372","virus_comp_257_cycle_1_85",1
"38373","virus_comp_257_cycle_1_86",1
"38374","virus_comp_257_cycle_1_87",1
"38375","virus_comp_257_cycle_1_88",1
"38376","virus_comp_257_cycle_1_89",1
"38377","virus_comp_257_cycle_1_9",1
"38378","virus_comp_2572_cycle_1_7",1
"38379","virus_comp_2572_cycle_1_8",1
"38380","virus_comp_2573_cycle_1_1",1
"38381","virus_comp_2573_cycle_1_2",1
"38382","virus_comp_2573_cycle_1_4",1
"38383","virus_comp_2573_cycle_1_5",1
"38384","virus_comp_2573_cycle_1_8",1
"38385","virus_comp_2574_cycle_1_1",1
"38386","virus_comp_2574_cycle_1_10",1
"38387","virus_comp_2574_cycle_1_11",1
"38388","virus_comp_2574_cycle_1_12",1
"38389","virus_comp_2574_cycle_1_3",1
"38390","virus_comp_2574_cycle_1_4",1
"38391","virus_comp_2574_cycle_1_5",1
"38392","virus_comp_2574_cycle_1_6",1
"38393","virus_comp_2574_cycle_1_7",1
"38394","virus_comp_2574_cycle_1_8",1
"38395","virus_comp_2574_cycle_1_9",1
"38396","virus_comp_2575_cycle_1_3",1
"38397","virus_comp_2575_cycle_1_6",1
"38398","virus_comp_2575_cycle_1_7",1
"38399","virus_comp_2576_cycle_1_3",1
"38400","virus_comp_2576_cycle_1_6",1
"38401","virus_comp_2576_cycle_1_7",1
"38402","virus_comp_2576_cycle_1_8",1
"38403","virus_comp_2576_cycle_1_9",1
"38404","virus_comp_2579_cycle_1_2",1
"38405","virus_comp_2579_cycle_1_3",1
"38406","virus_comp_2581_cycle_1_1",1
"38407","virus_comp_2581_cycle_1_10",1
"38408","virus_comp_2581_cycle_1_2",1
"38409","virus_comp_2581_cycle_1_3",1
"38410","virus_comp_2581_cycle_1_4",1
"38411","virus_comp_2581_cycle_1_5",1
"38412","virus_comp_2581_cycle_1_6",1
"38413","virus_comp_2581_cycle_1_7",1
"38414","virus_comp_2581_cycle_1_8",1
"38415","virus_comp_2581_cycle_1_9",1
"38416","virus_comp_2582_cycle_1_1",1
"38417","virus_comp_2582_cycle_1_2",1
"38418","virus_comp_2596_cycle_1_1",1
"38419","virus_comp_2596_cycle_1_15",1
"38420","virus_comp_2596_cycle_1_16",1
"38421","virus_comp_2601_cycle_1_11",1
"38422","virus_comp_2601_cycle_1_3",1
"38423","virus_comp_2601_cycle_1_9",1
"38424","virus_comp_2602_cycle_1_1",1
"38425","virus_comp_2602_cycle_1_2",1
"38426","virus_comp_2602_cycle_1_3",1
"38427","virus_comp_2602_cycle_1_4",1
"38428","virus_comp_2602_cycle_1_5",1
"38429","virus_comp_2603_cycle_1_1",1
"38430","virus_comp_2603_cycle_1_2",1
"38431","virus_comp_2603_cycle_1_3",1
"38432","virus_comp_2603_cycle_1_4",1
"38433","virus_comp_2603_cycle_1_6",1
"38434","virus_comp_2607_cycle_1_1",1
"38435","virus_comp_2607_cycle_1_2",1
"38436","virus_comp_2607_cycle_1_3",1
"38437","virus_comp_2607_cycle_1_4",1
"38438","virus_comp_2607_cycle_1_5",1
"38439","virus_comp_2607_cycle_1_6",1
"38440","virus_comp_2607_cycle_1_7",1
"38441","virus_comp_2607_cycle_1_8",1
"38442","virus_comp_261_cycle_1_1",1
"38443","virus_comp_261_cycle_1_4",1
"38444","virus_comp_261_cycle_1_5",1
"38445","virus_comp_2612_cycle_1_1",1
"38446","virus_comp_2612_cycle_1_2",1
"38447","virus_comp_2612_cycle_1_3",1
"38448","virus_comp_2612_cycle_1_4",1
"38449","virus_comp_2612_cycle_1_5",1
"38450","virus_comp_2612_cycle_1_6",1
"38451","virus_comp_2612_cycle_1_7",1
"38452","virus_comp_2613_cycle_1_1",1
"38453","virus_comp_2613_cycle_1_2",1
"38454","virus_comp_2613_cycle_1_4",1
"38455","virus_comp_2613_cycle_1_8",1
"38456","virus_comp_2616_cycle_1_1",1
"38457","virus_comp_2616_cycle_1_10",1
"38458","virus_comp_2616_cycle_1_11",1
"38459","virus_comp_2616_cycle_1_12",1
"38460","virus_comp_2616_cycle_1_2",1
"38461","virus_comp_2616_cycle_1_3",1
"38462","virus_comp_2616_cycle_1_8",1
"38463","virus_comp_2617_cycle_1_1",1
"38464","virus_comp_2617_cycle_1_3",1
"38465","virus_comp_2617_cycle_1_4",1
"38466","virus_comp_2617_cycle_1_5",1
"38467","virus_comp_2617_cycle_1_9",1
"38468","virus_comp_262_cycle_1_36",1
"38469","virus_comp_262_cycle_1_68",1
"38470","virus_comp_2623_cycle_1_1",1
"38471","virus_comp_2623_cycle_1_10",1
"38472","virus_comp_2623_cycle_1_3",1
"38473","virus_comp_2623_cycle_1_4",1
"38474","virus_comp_2623_cycle_1_6",1
"38475","virus_comp_2623_cycle_1_9",1
"38476","virus_comp_2626_cycle_1_3",1
"38477","virus_comp_2627_cycle_1_1",1
"38478","virus_comp_2627_cycle_1_2",1
"38479","virus_comp_2627_cycle_1_3",1
"38480","virus_comp_2627_cycle_1_4",1
"38481","virus_comp_2627_cycle_1_5",1
"38482","virus_comp_2627_cycle_1_6",1
"38483","virus_comp_2627_cycle_1_7",1
"38484","virus_comp_2627_cycle_1_8",1
"38485","virus_comp_2629_cycle_1_4",1
"38486","virus_comp_2629_cycle_1_6",1
"38487","virus_comp_2629_cycle_1_7",1
"38488","virus_comp_2629_cycle_1_8",1
"38489","virus_comp_2631_cycle_1_1",1
"38490","virus_comp_2631_cycle_1_2",1
"38491","virus_comp_2631_cycle_1_3",1
"38492","virus_comp_2631_cycle_1_4",1
"38493","virus_comp_2631_cycle_1_6",1
"38494","virus_comp_2632_cycle_1_1",1
"38495","virus_comp_2632_cycle_1_2",1
"38496","virus_comp_2632_cycle_1_3",1
"38497","virus_comp_2632_cycle_1_4",1
"38498","virus_comp_2632_cycle_1_5",1
"38499","virus_comp_2632_cycle_1_6",1
"38500","virus_comp_2632_cycle_1_7",1
"38501","virus_comp_2632_cycle_1_8",1
"38502","virus_comp_2632_cycle_1_9",1
"38503","virus_comp_2633_cycle_1_1",1
"38504","virus_comp_2633_cycle_1_2",1
"38505","virus_comp_2633_cycle_1_4",1
"38506","virus_comp_2633_cycle_1_5",1
"38507","virus_comp_2633_cycle_1_7",1
"38508","virus_comp_2634_cycle_1_10",1
"38509","virus_comp_2634_cycle_1_13",1
"38510","virus_comp_2634_cycle_1_17",1
"38511","virus_comp_2636_cycle_1_1",1
"38512","virus_comp_2636_cycle_1_2",1
"38513","virus_comp_2636_cycle_1_3",1
"38514","virus_comp_2636_cycle_1_4",1
"38515","virus_comp_2636_cycle_1_5",1
"38516","virus_comp_2636_cycle_1_6",1
"38517","virus_comp_2638_cycle_1_1",1
"38518","virus_comp_2638_cycle_1_15",1
"38519","virus_comp_2643_cycle_1_1",1
"38520","virus_comp_2643_cycle_1_2",1
"38521","virus_comp_2643_cycle_1_4",1
"38522","virus_comp_2643_cycle_1_5",1
"38523","virus_comp_2643_cycle_1_6",1
"38524","virus_comp_2643_cycle_1_8",1
"38525","virus_comp_2643_cycle_1_9",1
"38526","virus_comp_2644_cycle_1_3",1
"38527","virus_comp_2646_cycle_1_1",1
"38528","virus_comp_2646_cycle_1_8",1
"38529","virus_comp_2649_cycle_1_4",1
"38530","virus_comp_2649_cycle_1_5",1
"38531","virus_comp_2651_cycle_1_3",1
"38532","virus_comp_2651_cycle_1_4",1
"38533","virus_comp_2651_cycle_1_5",1
"38534","virus_comp_2653_cycle_1_2",1
"38535","virus_comp_2654_cycle_1_1",1
"38536","virus_comp_2654_cycle_1_2",1
"38537","virus_comp_2654_cycle_1_3",1
"38538","virus_comp_2654_cycle_1_4",1
"38539","virus_comp_2654_cycle_1_5",1
"38540","virus_comp_2659_cycle_1_1",1
"38541","virus_comp_2659_cycle_1_2",1
"38542","virus_comp_2659_cycle_1_3",1
"38543","virus_comp_2659_cycle_1_4",1
"38544","virus_comp_2659_cycle_1_5",1
"38545","virus_comp_2659_cycle_1_6",1
"38546","virus_comp_2659_cycle_1_7",1
"38547","virus_comp_2659_cycle_1_8",1
"38548","virus_comp_2659_cycle_1_9",1
"38549","virus_comp_266_cycle_1_6",1
"38550","virus_comp_266_cycle_1_8",1
"38551","virus_comp_2662_cycle_1_1",1
"38552","virus_comp_2671_cycle_1_2",1
"38553","virus_comp_2671_cycle_1_4",1
"38554","virus_comp_2671_cycle_1_8",1
"38555","virus_comp_2674_cycle_1_1",1
"38556","virus_comp_2674_cycle_1_2",1
"38557","virus_comp_2674_cycle_1_3",1
"38558","virus_comp_2674_cycle_1_4",1
"38559","virus_comp_2675_cycle_1_1",1
"38560","virus_comp_2675_cycle_1_2",1
"38561","virus_comp_2675_cycle_1_3",1
"38562","virus_comp_2675_cycle_1_5",1
"38563","virus_comp_2675_cycle_1_7",1
"38564","virus_comp_2682_cycle_1_10",1
"38565","virus_comp_2682_cycle_1_8",1
"38566","virus_comp_2683_cycle_1_1",1
"38567","virus_comp_2683_cycle_1_10",1
"38568","virus_comp_2683_cycle_1_2",1
"38569","virus_comp_2683_cycle_1_3",1
"38570","virus_comp_2683_cycle_1_4",1
"38571","virus_comp_2683_cycle_1_5",1
"38572","virus_comp_2683_cycle_1_6",1
"38573","virus_comp_2683_cycle_1_7",1
"38574","virus_comp_2683_cycle_1_8",1
"38575","virus_comp_2683_cycle_1_9",1
"38576","virus_comp_2684_cycle_1_1",1
"38577","virus_comp_2684_cycle_1_3",1
"38578","virus_comp_2684_cycle_1_5",1
"38579","virus_comp_2684_cycle_1_6",1
"38580","virus_comp_2686_cycle_1_3",1
"38581","virus_comp_2689_cycle_1_1",1
"38582","virus_comp_2689_cycle_1_3",1
"38583","virus_comp_2689_cycle_1_4",1
"38584","virus_comp_2689_cycle_1_5",1
"38585","virus_comp_2689_cycle_1_8",1
"38586","virus_comp_269_cycle_1_2",1
"38587","virus_comp_269_cycle_1_6",1
"38588","virus_comp_2692_cycle_1_1",1
"38589","virus_comp_2692_cycle_1_4",1
"38590","virus_comp_2692_cycle_1_5",1
"38591","virus_comp_2692_cycle_1_7",1
"38592","virus_comp_2692_cycle_1_9",1
"38593","virus_comp_2696_cycle_1_11",1
"38594","virus_comp_2696_cycle_1_2",1
"38595","virus_comp_2696_cycle_1_3",1
"38596","virus_comp_2696_cycle_1_4",1
"38597","virus_comp_2696_cycle_1_5",1
"38598","virus_comp_2696_cycle_1_7",1
"38599","virus_comp_2697_cycle_1_1",1
"38600","virus_comp_2697_cycle_1_2",1
"38601","virus_comp_2697_cycle_1_3",1
"38602","virus_comp_2697_cycle_1_4",1
"38603","virus_comp_2697_cycle_1_5",1
"38604","virus_comp_2697_cycle_1_6",1
"38605","virus_comp_2697_cycle_1_7",1
"38606","virus_comp_2697_cycle_1_8",1
"38607","virus_comp_2699_cycle_1_1",1
"38608","virus_comp_2699_cycle_1_3",1
"38609","virus_comp_2702_cycle_1_10",1
"38610","virus_comp_2702_cycle_1_12",1
"38611","virus_comp_2702_cycle_1_8",1
"38612","virus_comp_2702_cycle_1_9",1
"38613","virus_comp_2704_cycle_1_2",1
"38614","virus_comp_2704_cycle_1_7",1
"38615","virus_comp_2705_cycle_1_7",1
"38616","virus_comp_2705_cycle_1_8",1
"38617","virus_comp_2708_cycle_1_10",1
"38618","virus_comp_2708_cycle_1_4",1
"38619","virus_comp_271_cycle_1_1",1
"38620","virus_comp_271_cycle_1_2",1
"38621","virus_comp_2712_cycle_1_1",1
"38622","virus_comp_2712_cycle_1_2",1
"38623","virus_comp_2712_cycle_1_3",1
"38624","virus_comp_2712_cycle_1_4",1
"38625","virus_comp_2712_cycle_1_5",1
"38626","virus_comp_2714_cycle_1_11",1
"38627","virus_comp_2714_cycle_1_3",1
"38628","virus_comp_2716_cycle_1_1",1
"38629","virus_comp_2716_cycle_1_10",1
"38630","virus_comp_2716_cycle_1_11",1
"38631","virus_comp_2716_cycle_1_12",1
"38632","virus_comp_2716_cycle_1_2",1
"38633","virus_comp_2716_cycle_1_3",1
"38634","virus_comp_2716_cycle_1_4",1
"38635","virus_comp_2716_cycle_1_5",1
"38636","virus_comp_2716_cycle_1_6",1
"38637","virus_comp_2716_cycle_1_7",1
"38638","virus_comp_2716_cycle_1_8",1
"38639","virus_comp_2716_cycle_1_9",1
"38640","virus_comp_2720_cycle_1_2",1
"38641","virus_comp_2721_cycle_1_6",1
"38642","virus_comp_2722_cycle_1_1",1
"38643","virus_comp_2722_cycle_1_10",1
"38644","virus_comp_2722_cycle_1_11",1
"38645","virus_comp_2722_cycle_1_13",1
"38646","virus_comp_2722_cycle_1_14",1
"38647","virus_comp_2722_cycle_1_2",1
"38648","virus_comp_2722_cycle_1_5",1
"38649","virus_comp_2722_cycle_1_6",1
"38650","virus_comp_2722_cycle_1_7",1
"38651","virus_comp_2722_cycle_1_8",1
"38652","virus_comp_2722_cycle_1_9",1
"38653","virus_comp_2724_cycle_1_5",1
"38654","virus_comp_2724_cycle_1_9",1
"38655","virus_comp_2728_cycle_1_2",1
"38656","virus_comp_2729_cycle_1_1",1
"38657","virus_comp_2729_cycle_1_10",1
"38658","virus_comp_2729_cycle_1_11",1
"38659","virus_comp_2729_cycle_1_2",1
"38660","virus_comp_2729_cycle_1_3",1
"38661","virus_comp_2729_cycle_1_4",1
"38662","virus_comp_2729_cycle_1_7",1
"38663","virus_comp_2731_cycle_1_1",1
"38664","virus_comp_2731_cycle_1_5",1
"38665","virus_comp_2734_cycle_1_1",1
"38666","virus_comp_2734_cycle_1_2",1
"38667","virus_comp_2734_cycle_1_3",1
"38668","virus_comp_2734_cycle_1_4",1
"38669","virus_comp_2734_cycle_1_6",1
"38670","virus_comp_2738_cycle_1_1",1
"38671","virus_comp_2738_cycle_1_2",1
"38672","virus_comp_2738_cycle_1_3",1
"38673","virus_comp_2742_cycle_1_3",1
"38674","virus_comp_2744_cycle_1_1",1
"38675","virus_comp_2744_cycle_1_10",1
"38676","virus_comp_2744_cycle_1_3",1
"38677","virus_comp_2744_cycle_1_4",1
"38678","virus_comp_2744_cycle_1_5",1
"38679","virus_comp_2744_cycle_1_6",1
"38680","virus_comp_2744_cycle_1_7",1
"38681","virus_comp_2746_cycle_1_1",1
"38682","virus_comp_2746_cycle_1_4",1
"38683","virus_comp_2746_cycle_1_7",1
"38684","virus_comp_2748_cycle_1_1",1
"38685","virus_comp_2748_cycle_1_2",1
"38686","virus_comp_2748_cycle_1_3",1
"38687","virus_comp_2748_cycle_1_4",1
"38688","virus_comp_2748_cycle_1_5",1
"38689","virus_comp_2748_cycle_1_6",1
"38690","virus_comp_2756_cycle_1_1",1
"38691","virus_comp_2756_cycle_1_2",1
"38692","virus_comp_2756_cycle_1_3",1
"38693","virus_comp_2756_cycle_1_4",1
"38694","virus_comp_2756_cycle_1_5",1
"38695","virus_comp_2756_cycle_1_6",1
"38696","virus_comp_2756_cycle_1_7",1
"38697","virus_comp_2757_cycle_1_3",1
"38698","virus_comp_2757_cycle_1_7",1
"38699","virus_comp_2757_cycle_1_8",1
"38700","virus_comp_2758_cycle_1_5",1
"38701","virus_comp_2758_cycle_1_8",1
"38702","virus_comp_2760_cycle_1_1",1
"38703","virus_comp_2760_cycle_1_2",1
"38704","virus_comp_2760_cycle_1_3",1
"38705","virus_comp_2760_cycle_1_4",1
"38706","virus_comp_2760_cycle_1_5",1
"38707","virus_comp_2760_cycle_1_6",1
"38708","virus_comp_2760_cycle_1_9",1
"38709","virus_comp_2762_cycle_1_1",1
"38710","virus_comp_2762_cycle_1_2",1
"38711","virus_comp_2762_cycle_1_3",1
"38712","virus_comp_2762_cycle_1_4",1
"38713","virus_comp_2762_cycle_1_5",1
"38714","virus_comp_2762_cycle_1_6",1
"38715","virus_comp_2762_cycle_1_7",1
"38716","virus_comp_2762_cycle_1_8",1
"38717","virus_comp_2762_cycle_1_9",1
"38718","virus_comp_2767_cycle_1_1",1
"38719","virus_comp_2767_cycle_1_2",1
"38720","virus_comp_2767_cycle_1_4",1
"38721","virus_comp_2767_cycle_1_5",1
"38722","virus_comp_2767_cycle_1_6",1
"38723","virus_comp_2767_cycle_1_8",1
"38724","virus_comp_2769_cycle_1_2",1
"38725","virus_comp_2769_cycle_1_3",1
"38726","virus_comp_2769_cycle_1_4",1
"38727","virus_comp_2769_cycle_1_5",1
"38728","virus_comp_277_cycle_1_3",1
"38729","virus_comp_277_cycle_1_4",1
"38730","virus_comp_2775_cycle_1_1",1
"38731","virus_comp_2775_cycle_1_2",1
"38732","virus_comp_2776_cycle_1_1",1
"38733","virus_comp_2776_cycle_1_2",1
"38734","virus_comp_2776_cycle_1_3",1
"38735","virus_comp_2776_cycle_1_4",1
"38736","virus_comp_2777_cycle_1_1",1
"38737","virus_comp_2777_cycle_1_5",1
"38738","virus_comp_2779_cycle_1_1",1
"38739","virus_comp_2779_cycle_1_2",1
"38740","virus_comp_2779_cycle_1_3",1
"38741","virus_comp_2779_cycle_1_4",1
"38742","virus_comp_2779_cycle_1_5",1
"38743","virus_comp_2779_cycle_1_6",1
"38744","virus_comp_2779_cycle_1_7",1
"38745","virus_comp_2782_cycle_1_1",1
"38746","virus_comp_2782_cycle_1_2",1
"38747","virus_comp_2782_cycle_1_5",1
"38748","virus_comp_2786_cycle_1_1",1
"38749","virus_comp_2786_cycle_1_2",1
"38750","virus_comp_2786_cycle_1_4",1
"38751","virus_comp_2786_cycle_1_7",1
"38752","virus_comp_2792_cycle_1_1",1
"38753","virus_comp_2792_cycle_1_4",1
"38754","virus_comp_2792_cycle_1_5",1
"38755","virus_comp_2792_cycle_1_6",1
"38756","virus_comp_2793_cycle_1_1",1
"38757","virus_comp_2793_cycle_1_12",1
"38758","virus_comp_2793_cycle_1_13",1
"38759","virus_comp_2793_cycle_1_14",1
"38760","virus_comp_2793_cycle_1_2",1
"38761","virus_comp_2793_cycle_1_3",1
"38762","virus_comp_2793_cycle_1_5",1
"38763","virus_comp_2793_cycle_1_7",1
"38764","virus_comp_2793_cycle_1_8",1
"38765","virus_comp_2796_cycle_1_2",1
"38766","virus_comp_2796_cycle_1_4",1
"38767","virus_comp_280_cycle_1_11",1
"38768","virus_comp_280_cycle_1_22",1
"38769","virus_comp_280_cycle_1_23",1
"38770","virus_comp_2801_cycle_1_10",1
"38771","virus_comp_2801_cycle_1_3",1
"38772","virus_comp_2801_cycle_1_9",1
"38773","virus_comp_2803_cycle_1_2",1
"38774","virus_comp_2803_cycle_1_9",1
"38775","virus_comp_2804_cycle_1_1",1
"38776","virus_comp_2804_cycle_1_2",1
"38777","virus_comp_2806_cycle_1_2",1
"38778","virus_comp_2808_cycle_1_10",1
"38779","virus_comp_2808_cycle_1_11",1
"38780","virus_comp_2808_cycle_1_12",1
"38781","virus_comp_2808_cycle_1_14",1
"38782","virus_comp_2808_cycle_1_3",1
"38783","virus_comp_2808_cycle_1_4",1
"38784","virus_comp_2808_cycle_1_5",1
"38785","virus_comp_2809_cycle_1_2",1
"38786","virus_comp_2809_cycle_1_3",1
"38787","virus_comp_2810_cycle_1_2",1
"38788","virus_comp_2810_cycle_1_3",1
"38789","virus_comp_2810_cycle_1_4",1
"38790","virus_comp_2810_cycle_1_5",1
"38791","virus_comp_2810_cycle_1_6",1
"38792","virus_comp_2810_cycle_1_7",1
"38793","virus_comp_2810_cycle_1_8",1
"38794","virus_comp_2810_cycle_1_9",1
"38795","virus_comp_2812_cycle_1_7",1
"38796","virus_comp_2813_cycle_1_2",1
"38797","virus_comp_2813_cycle_1_3",1
"38798","virus_comp_2814_cycle_1_10",1
"38799","virus_comp_2814_cycle_1_13",1
"38800","virus_comp_2814_cycle_1_15",1
"38801","virus_comp_2814_cycle_1_17",1
"38802","virus_comp_2814_cycle_1_4",1
"38803","virus_comp_2814_cycle_1_5",1
"38804","virus_comp_2814_cycle_1_8",1
"38805","virus_comp_2816_cycle_1_2",1
"38806","virus_comp_2816_cycle_1_7",1
"38807","virus_comp_2817_cycle_1_1",1
"38808","virus_comp_2817_cycle_1_2",1
"38809","virus_comp_2817_cycle_1_3",1
"38810","virus_comp_2817_cycle_1_4",1
"38811","virus_comp_2819_cycle_1_5",1
"38812","virus_comp_2819_cycle_1_7",1
"38813","virus_comp_2819_cycle_1_9",1
"38814","virus_comp_2820_cycle_1_1",1
"38815","virus_comp_2820_cycle_1_6",1
"38816","virus_comp_2824_cycle_1_11",1
"38817","virus_comp_2824_cycle_1_3",1
"38818","virus_comp_2824_cycle_1_7",1
"38819","virus_comp_2824_cycle_1_8",1
"38820","virus_comp_2825_cycle_1_10",1
"38821","virus_comp_2825_cycle_1_2",1
"38822","virus_comp_2825_cycle_1_4",1
"38823","virus_comp_2825_cycle_1_5",1
"38824","virus_comp_2825_cycle_1_6",1
"38825","virus_comp_2825_cycle_1_8",1
"38826","virus_comp_2825_cycle_1_9",1
"38827","virus_comp_2831_cycle_1_1",1
"38828","virus_comp_2831_cycle_1_3",1
"38829","virus_comp_2831_cycle_1_4",1
"38830","virus_comp_2831_cycle_1_5",1
"38831","virus_comp_2831_cycle_1_6",1
"38832","virus_comp_2834_cycle_1_10",1
"38833","virus_comp_2834_cycle_1_12",1
"38834","virus_comp_2834_cycle_1_13",1
"38835","virus_comp_2834_cycle_1_14",1
"38836","virus_comp_2834_cycle_1_4",1
"38837","virus_comp_2834_cycle_1_6",1
"38838","virus_comp_2834_cycle_1_8",1
"38839","virus_comp_2834_cycle_1_9",1
"38840","virus_comp_2835_cycle_1_1",1
"38841","virus_comp_2835_cycle_1_2",1
"38842","virus_comp_2835_cycle_1_3",1
"38843","virus_comp_2835_cycle_1_5",1
"38844","virus_comp_2835_cycle_1_6",1
"38845","virus_comp_2836_cycle_1_2",1
"38846","virus_comp_2836_cycle_1_3",1
"38847","virus_comp_2838_cycle_1_9",1
"38848","virus_comp_2840_cycle_1_1",1
"38849","virus_comp_2840_cycle_1_2",1
"38850","virus_comp_2840_cycle_1_3",1
"38851","virus_comp_2840_cycle_1_4",1
"38852","virus_comp_2840_cycle_1_5",1
"38853","virus_comp_2840_cycle_1_6",1
"38854","virus_comp_2844_cycle_1_7",1
"38855","virus_comp_2846_cycle_1_1",1
"38856","virus_comp_2846_cycle_1_2",1
"38857","virus_comp_2846_cycle_1_4",1
"38858","virus_comp_2849_cycle_1_1",1
"38859","virus_comp_285_cycle_1_20",1
"38860","virus_comp_2856_cycle_1_7",1
"38861","virus_comp_2862_cycle_1_1",1
"38862","virus_comp_2862_cycle_1_2",1
"38863","virus_comp_2862_cycle_1_3",1
"38864","virus_comp_2862_cycle_1_4",1
"38865","virus_comp_2862_cycle_1_5",1
"38866","virus_comp_2862_cycle_1_6",1
"38867","virus_comp_2862_cycle_1_7",1
"38868","virus_comp_2862_cycle_1_8",1
"38869","virus_comp_2863_cycle_1_1",1
"38870","virus_comp_2863_cycle_1_4",1
"38871","virus_comp_2863_cycle_1_5",1
"38872","virus_comp_2865_cycle_1_2",1
"38873","virus_comp_2865_cycle_1_3",1
"38874","virus_comp_2865_cycle_1_7",1
"38875","virus_comp_2868_cycle_1_1",1
"38876","virus_comp_2868_cycle_1_3",1
"38877","virus_comp_2868_cycle_1_4",1
"38878","virus_comp_2868_cycle_1_5",1
"38879","virus_comp_2868_cycle_1_6",1
"38880","virus_comp_2868_cycle_1_7",1
"38881","virus_comp_2868_cycle_1_8",1
"38882","virus_comp_2872_cycle_1_1",1
"38883","virus_comp_2872_cycle_1_2",1
"38884","virus_comp_2872_cycle_1_3",1
"38885","virus_comp_2872_cycle_1_4",1
"38886","virus_comp_2872_cycle_1_5",1
"38887","virus_comp_2872_cycle_1_6",1
"38888","virus_comp_2872_cycle_1_7",1
"38889","virus_comp_2872_cycle_1_8",1
"38890","virus_comp_2874_cycle_1_1",1
"38891","virus_comp_2874_cycle_1_2",1
"38892","virus_comp_2874_cycle_1_3",1
"38893","virus_comp_2874_cycle_1_4",1
"38894","virus_comp_2874_cycle_1_5",1
"38895","virus_comp_2874_cycle_1_6",1
"38896","virus_comp_2874_cycle_1_7",1
"38897","virus_comp_2876_cycle_1_1",1
"38898","virus_comp_2876_cycle_1_3",1
"38899","virus_comp_2876_cycle_1_4",1
"38900","virus_comp_2876_cycle_1_6",1
"38901","virus_comp_2876_cycle_1_7",1
"38902","virus_comp_2877_cycle_1_1",1
"38903","virus_comp_2877_cycle_1_2",1
"38904","virus_comp_2877_cycle_1_3",1
"38905","virus_comp_2877_cycle_1_4",1
"38906","virus_comp_2877_cycle_1_5",1
"38907","virus_comp_2880_cycle_1_1",1
"38908","virus_comp_2880_cycle_1_10",1
"38909","virus_comp_2880_cycle_1_11",1
"38910","virus_comp_2880_cycle_1_2",1
"38911","virus_comp_2880_cycle_1_3",1
"38912","virus_comp_2880_cycle_1_4",1
"38913","virus_comp_2880_cycle_1_5",1
"38914","virus_comp_2880_cycle_1_6",1
"38915","virus_comp_2880_cycle_1_7",1
"38916","virus_comp_2880_cycle_1_8",1
"38917","virus_comp_2880_cycle_1_9",1
"38918","virus_comp_2882_cycle_1_1",1
"38919","virus_comp_2882_cycle_1_7",1
"38920","virus_comp_2883_cycle_1_3",1
"38921","virus_comp_2883_cycle_1_5",1
"38922","virus_comp_2883_cycle_1_6",1
"38923","virus_comp_2884_cycle_1_1",1
"38924","virus_comp_2884_cycle_1_10",1
"38925","virus_comp_2884_cycle_1_11",1
"38926","virus_comp_2884_cycle_1_12",1
"38927","virus_comp_2884_cycle_1_2",1
"38928","virus_comp_2884_cycle_1_3",1
"38929","virus_comp_2884_cycle_1_4",1
"38930","virus_comp_2884_cycle_1_5",1
"38931","virus_comp_2884_cycle_1_6",1
"38932","virus_comp_2884_cycle_1_7",1
"38933","virus_comp_2884_cycle_1_8",1
"38934","virus_comp_2884_cycle_1_9",1
"38935","virus_comp_2886_cycle_1_1",1
"38936","virus_comp_2886_cycle_1_2",1
"38937","virus_comp_2886_cycle_1_3",1
"38938","virus_comp_2886_cycle_1_4",1
"38939","virus_comp_2886_cycle_1_5",1
"38940","virus_comp_2886_cycle_1_6",1
"38941","virus_comp_2886_cycle_1_8",1
"38942","virus_comp_2889_cycle_1_1",1
"38943","virus_comp_2889_cycle_1_2",1
"38944","virus_comp_2889_cycle_1_3",1
"38945","virus_comp_2889_cycle_1_4",1
"38946","virus_comp_2889_cycle_1_5",1
"38947","virus_comp_2889_cycle_1_6",1
"38948","virus_comp_2892_cycle_1_1",1
"38949","virus_comp_2892_cycle_1_2",1
"38950","virus_comp_2892_cycle_1_3",1
"38951","virus_comp_2892_cycle_1_4",1
"38952","virus_comp_2892_cycle_1_5",1
"38953","virus_comp_2892_cycle_1_6",1
"38954","virus_comp_2892_cycle_1_7",1
"38955","virus_comp_2892_cycle_1_8",1
"38956","virus_comp_2893_cycle_1_1",1
"38957","virus_comp_2893_cycle_1_2",1
"38958","virus_comp_2893_cycle_1_3",1
"38959","virus_comp_2898_cycle_1_1",1
"38960","virus_comp_2898_cycle_1_3",1
"38961","virus_comp_2898_cycle_1_4",1
"38962","virus_comp_2898_cycle_1_5",1
"38963","virus_comp_2898_cycle_1_6",1
"38964","virus_comp_2898_cycle_1_7",1
"38965","virus_comp_29_cycle_1_18",1
"38966","virus_comp_29_cycle_1_2",1
"38967","virus_comp_29_cycle_1_26",1
"38968","virus_comp_29_cycle_1_29",1
"38969","virus_comp_29_cycle_1_30",1
"38970","virus_comp_29_cycle_1_4",1
"38971","virus_comp_29_cycle_1_75",1
"38972","virus_comp_29_cycle_1_76",1
"38973","virus_comp_29_cycle_1_91",1
"38974","virus_comp_2900_cycle_1_1",1
"38975","virus_comp_2900_cycle_1_3",1
"38976","virus_comp_2900_cycle_1_4",1
"38977","virus_comp_2900_cycle_1_5",1
"38978","virus_comp_2900_cycle_1_6",1
"38979","virus_comp_2901_cycle_1_1",1
"38980","virus_comp_2901_cycle_1_2",1
"38981","virus_comp_2901_cycle_1_3",1
"38982","virus_comp_2901_cycle_1_4",1
"38983","virus_comp_2901_cycle_1_5",1
"38984","virus_comp_2901_cycle_1_6",1
"38985","virus_comp_2902_cycle_1_1",1
"38986","virus_comp_2902_cycle_1_5",1
"38987","virus_comp_2905_cycle_1_1",1
"38988","virus_comp_2905_cycle_1_2",1
"38989","virus_comp_2908_cycle_1_3",1
"38990","virus_comp_2909_cycle_1_1",1
"38991","virus_comp_2909_cycle_1_3",1
"38992","virus_comp_2913_cycle_1_1",1
"38993","virus_comp_2913_cycle_1_3",1
"38994","virus_comp_2913_cycle_1_4",1
"38995","virus_comp_2918_cycle_1_1",1
"38996","virus_comp_2918_cycle_1_2",1
"38997","virus_comp_2920_cycle_1_1",1
"38998","virus_comp_2920_cycle_1_2",1
"38999","virus_comp_2920_cycle_1_3",1
"39000","virus_comp_2920_cycle_1_4",1
"39001","virus_comp_2920_cycle_1_5",1
"39002","virus_comp_2920_cycle_1_6",1
"39003","virus_comp_2925_cycle_1_1",1
"39004","virus_comp_2925_cycle_1_11",1
"39005","virus_comp_2925_cycle_1_2",1
"39006","virus_comp_2925_cycle_1_3",1
"39007","virus_comp_2925_cycle_1_8",1
"39008","virus_comp_2925_cycle_1_9",1
"39009","virus_comp_2926_cycle_1_1",1
"39010","virus_comp_2926_cycle_1_10",1
"39011","virus_comp_2926_cycle_1_2",1
"39012","virus_comp_2926_cycle_1_3",1
"39013","virus_comp_2926_cycle_1_4",1
"39014","virus_comp_2926_cycle_1_5",1
"39015","virus_comp_2926_cycle_1_6",1
"39016","virus_comp_2926_cycle_1_7",1
"39017","virus_comp_2926_cycle_1_8",1
"39018","virus_comp_2926_cycle_1_9",1
"39019","virus_comp_2928_cycle_1_1",1
"39020","virus_comp_2928_cycle_1_2",1
"39021","virus_comp_2928_cycle_1_3",1
"39022","virus_comp_2928_cycle_1_4",1
"39023","virus_comp_2928_cycle_1_5",1
"39024","virus_comp_2929_cycle_1_1",1
"39025","virus_comp_2929_cycle_1_5",1
"39026","virus_comp_2931_cycle_1_5",1
"39027","virus_comp_2936_cycle_1_1",1
"39028","virus_comp_2936_cycle_1_2",1
"39029","virus_comp_2936_cycle_1_3",1
"39030","virus_comp_2936_cycle_1_4",1
"39031","virus_comp_2938_cycle_1_1",1
"39032","virus_comp_2938_cycle_1_3",1
"39033","virus_comp_2938_cycle_1_6",1
"39034","virus_comp_2938_cycle_1_7",1
"39035","virus_comp_2939_cycle_1_3",1
"39036","virus_comp_2939_cycle_1_5",1
"39037","virus_comp_2939_cycle_1_6",1
"39038","virus_comp_2939_cycle_1_7",1
"39039","virus_comp_2941_cycle_1_1",1
"39040","virus_comp_2941_cycle_1_2",1
"39041","virus_comp_2941_cycle_1_3",1
"39042","virus_comp_2941_cycle_1_4",1
"39043","virus_comp_2941_cycle_1_5",1
"39044","virus_comp_2941_cycle_1_6",1
"39045","virus_comp_2941_cycle_1_7",1
"39046","virus_comp_2943_cycle_1_2",1
"39047","virus_comp_2943_cycle_1_4",1
"39048","virus_comp_2943_cycle_1_6",1
"39049","virus_comp_2943_cycle_1_7",1
"39050","virus_comp_2944_cycle_1_1",1
"39051","virus_comp_2944_cycle_1_10",1
"39052","virus_comp_2944_cycle_1_11",1
"39053","virus_comp_2944_cycle_1_2",1
"39054","virus_comp_2944_cycle_1_3",1
"39055","virus_comp_2944_cycle_1_4",1
"39056","virus_comp_2944_cycle_1_6",1
"39057","virus_comp_2944_cycle_1_7",1
"39058","virus_comp_2944_cycle_1_8",1
"39059","virus_comp_2944_cycle_1_9",1
"39060","virus_comp_2945_cycle_1_1",1
"39061","virus_comp_2945_cycle_1_2",1
"39062","virus_comp_2946_cycle_1_7",1
"39063","virus_comp_2946_cycle_1_8",1
"39064","virus_comp_2946_cycle_1_9",1
"39065","virus_comp_2952_cycle_1_1",1
"39066","virus_comp_2952_cycle_1_10",1
"39067","virus_comp_2952_cycle_1_11",1
"39068","virus_comp_2952_cycle_1_2",1
"39069","virus_comp_2952_cycle_1_3",1
"39070","virus_comp_2952_cycle_1_4",1
"39071","virus_comp_2952_cycle_1_5",1
"39072","virus_comp_2952_cycle_1_6",1
"39073","virus_comp_2952_cycle_1_7",1
"39074","virus_comp_2952_cycle_1_9",1
"39075","virus_comp_2956_cycle_1_1",1
"39076","virus_comp_2956_cycle_1_2",1
"39077","virus_comp_2956_cycle_1_3",1
"39078","virus_comp_2956_cycle_1_4",1
"39079","virus_comp_2956_cycle_1_5",1
"39080","virus_comp_2957_cycle_1_2",1
"39081","virus_comp_2957_cycle_1_3",1
"39082","virus_comp_2962_cycle_1_11",1
"39083","virus_comp_2962_cycle_1_2",1
"39084","virus_comp_2962_cycle_1_3",1
"39085","virus_comp_2962_cycle_1_4",1
"39086","virus_comp_2962_cycle_1_6",1
"39087","virus_comp_2962_cycle_1_7",1
"39088","virus_comp_2962_cycle_1_8",1
"39089","virus_comp_2962_cycle_1_9",1
"39090","virus_comp_2963_cycle_1_1",1
"39091","virus_comp_2963_cycle_1_10",1
"39092","virus_comp_2963_cycle_1_11",1
"39093","virus_comp_2963_cycle_1_2",1
"39094","virus_comp_2963_cycle_1_3",1
"39095","virus_comp_2963_cycle_1_4",1
"39096","virus_comp_2963_cycle_1_5",1
"39097","virus_comp_2963_cycle_1_6",1
"39098","virus_comp_2963_cycle_1_7",1
"39099","virus_comp_2963_cycle_1_8",1
"39100","virus_comp_2963_cycle_1_9",1
"39101","virus_comp_2967_cycle_1_2",1
"39102","virus_comp_2967_cycle_1_8",1
"39103","virus_comp_2967_cycle_1_9",1
"39104","virus_comp_2968_cycle_1_4",1
"39105","virus_comp_2969_cycle_1_12",1
"39106","virus_comp_2969_cycle_1_5",1
"39107","virus_comp_2969_cycle_1_6",1
"39108","virus_comp_2969_cycle_1_7",1
"39109","virus_comp_2969_cycle_1_8",1
"39110","virus_comp_2969_cycle_1_9",1
"39111","virus_comp_2970_cycle_1_1",1
"39112","virus_comp_2970_cycle_1_5",1
"39113","virus_comp_2972_cycle_1_1",1
"39114","virus_comp_2972_cycle_1_3",1
"39115","virus_comp_2972_cycle_1_5",1
"39116","virus_comp_2972_cycle_1_7",1
"39117","virus_comp_2973_cycle_1_1",1
"39118","virus_comp_2973_cycle_1_11",1
"39119","virus_comp_2973_cycle_1_2",1
"39120","virus_comp_2973_cycle_1_3",1
"39121","virus_comp_2973_cycle_1_5",1
"39122","virus_comp_2973_cycle_1_6",1
"39123","virus_comp_2973_cycle_1_7",1
"39124","virus_comp_2973_cycle_1_8",1
"39125","virus_comp_2973_cycle_1_9",1
"39126","virus_comp_2977_cycle_1_1",1
"39127","virus_comp_2977_cycle_1_4",1
"39128","virus_comp_2977_cycle_1_5",1
"39129","virus_comp_2977_cycle_1_6",1
"39130","virus_comp_2978_cycle_1_1",1
"39131","virus_comp_2978_cycle_1_2",1
"39132","virus_comp_2978_cycle_1_3",1
"39133","virus_comp_2978_cycle_1_4",1
"39134","virus_comp_2980_cycle_1_1",1
"39135","virus_comp_2980_cycle_1_10",1
"39136","virus_comp_2980_cycle_1_12",1
"39137","virus_comp_2980_cycle_1_2",1
"39138","virus_comp_2980_cycle_1_4",1
"39139","virus_comp_2980_cycle_1_5",1
"39140","virus_comp_2980_cycle_1_6",1
"39141","virus_comp_2980_cycle_1_7",1
"39142","virus_comp_2980_cycle_1_8",1
"39143","virus_comp_2980_cycle_1_9",1
"39144","virus_comp_2981_cycle_1_1",1
"39145","virus_comp_2981_cycle_1_3",1
"39146","virus_comp_2983_cycle_1_2",1
"39147","virus_comp_2983_cycle_1_3",1
"39148","virus_comp_2986_cycle_1_1",1
"39149","virus_comp_2986_cycle_1_3",1
"39150","virus_comp_2986_cycle_1_4",1
"39151","virus_comp_2986_cycle_1_5",1
"39152","virus_comp_2986_cycle_1_6",1
"39153","virus_comp_2988_cycle_1_6",1
"39154","virus_comp_2990_cycle_1_1",1
"39155","virus_comp_2990_cycle_1_2",1
"39156","virus_comp_2990_cycle_1_4",1
"39157","virus_comp_2990_cycle_1_7",1
"39158","virus_comp_2993_cycle_1_1",1
"39159","virus_comp_2993_cycle_1_2",1
"39160","virus_comp_2993_cycle_1_3",1
"39161","virus_comp_2993_cycle_1_4",1
"39162","virus_comp_2993_cycle_1_5",1
"39163","virus_comp_2993_cycle_1_6",1
"39164","virus_comp_2993_cycle_1_7",1
"39165","virus_comp_2993_cycle_1_8",1
"39166","virus_comp_2994_cycle_1_2",1
"39167","virus_comp_2994_cycle_1_4",1
"39168","virus_comp_2994_cycle_1_5",1
"39169","virus_comp_2994_cycle_1_6",1
"39170","virus_comp_2994_cycle_1_8",1
"39171","virus_comp_2996_cycle_1_10",1
"39172","virus_comp_3003_cycle_1_1",1
"39173","virus_comp_3003_cycle_1_8",1
"39174","virus_comp_3003_cycle_1_9",1
"39175","virus_comp_3007_cycle_1_2",1
"39176","virus_comp_3007_cycle_1_6",1
"39177","virus_comp_3007_cycle_1_8",1
"39178","virus_comp_301_cycle_1_122",1
"39179","virus_comp_3010_cycle_1_1",1
"39180","virus_comp_3010_cycle_1_10",1
"39181","virus_comp_3010_cycle_1_2",1
"39182","virus_comp_3010_cycle_1_3",1
"39183","virus_comp_3010_cycle_1_4",1
"39184","virus_comp_3010_cycle_1_5",1
"39185","virus_comp_3010_cycle_1_6",1
"39186","virus_comp_3010_cycle_1_7",1
"39187","virus_comp_3010_cycle_1_8",1
"39188","virus_comp_3010_cycle_1_9",1
"39189","virus_comp_3022_cycle_1_2",1
"39190","virus_comp_3022_cycle_1_3",1
"39191","virus_comp_3022_cycle_1_5",1
"39192","virus_comp_3022_cycle_1_6",1
"39193","virus_comp_3023_cycle_1_7",1
"39194","virus_comp_3024_cycle_1_1",1
"39195","virus_comp_3024_cycle_1_2",1
"39196","virus_comp_3024_cycle_1_3",1
"39197","virus_comp_3024_cycle_1_4",1
"39198","virus_comp_3024_cycle_1_5",1
"39199","virus_comp_3025_cycle_1_1",1
"39200","virus_comp_3025_cycle_1_10",1
"39201","virus_comp_3025_cycle_1_11",1
"39202","virus_comp_3025_cycle_1_13",1
"39203","virus_comp_3025_cycle_1_2",1
"39204","virus_comp_3025_cycle_1_3",1
"39205","virus_comp_3025_cycle_1_5",1
"39206","virus_comp_3025_cycle_1_6",1
"39207","virus_comp_3025_cycle_1_8",1
"39208","virus_comp_3025_cycle_1_9",1
"39209","virus_comp_3026_cycle_1_5",1
"39210","virus_comp_3026_cycle_1_6",1
"39211","virus_comp_3026_cycle_1_8",1
"39212","virus_comp_3026_cycle_1_9",1
"39213","virus_comp_3030_cycle_1_1",1
"39214","virus_comp_3030_cycle_1_2",1
"39215","virus_comp_3030_cycle_1_3",1
"39216","virus_comp_3030_cycle_1_5",1
"39217","virus_comp_3031_cycle_1_1",1
"39218","virus_comp_3031_cycle_1_9",1
"39219","virus_comp_3033_cycle_1_1",1
"39220","virus_comp_3033_cycle_1_2",1
"39221","virus_comp_3033_cycle_1_3",1
"39222","virus_comp_3035_cycle_1_6",1
"39223","virus_comp_304_cycle_1_1",1
"39224","virus_comp_3042_cycle_1_1",1
"39225","virus_comp_3042_cycle_1_2",1
"39226","virus_comp_3042_cycle_1_3",1
"39227","virus_comp_3042_cycle_1_8",1
"39228","virus_comp_3042_cycle_1_9",1
"39229","virus_comp_3044_cycle_1_8",1
"39230","virus_comp_3046_cycle_1_1",1
"39231","virus_comp_3046_cycle_1_10",1
"39232","virus_comp_3046_cycle_1_2",1
"39233","virus_comp_3046_cycle_1_3",1
"39234","virus_comp_3046_cycle_1_4",1
"39235","virus_comp_3046_cycle_1_5",1
"39236","virus_comp_3046_cycle_1_6",1
"39237","virus_comp_3046_cycle_1_9",1
"39238","virus_comp_3047_cycle_1_1",1
"39239","virus_comp_3047_cycle_1_2",1
"39240","virus_comp_3047_cycle_1_6",1
"39241","virus_comp_3047_cycle_1_8",1
"39242","virus_comp_3049_cycle_1_1",1
"39243","virus_comp_3049_cycle_1_2",1
"39244","virus_comp_3050_cycle_1_1",1
"39245","virus_comp_3050_cycle_1_2",1
"39246","virus_comp_3050_cycle_1_3",1
"39247","virus_comp_3050_cycle_1_4",1
"39248","virus_comp_3050_cycle_1_5",1
"39249","virus_comp_3051_cycle_1_6",1
"39250","virus_comp_3052_cycle_1_1",1
"39251","virus_comp_3052_cycle_1_6",1
"39252","virus_comp_3054_cycle_1_1",1
"39253","virus_comp_3054_cycle_1_2",1
"39254","virus_comp_3054_cycle_1_7",1
"39255","virus_comp_3055_cycle_1_1",1
"39256","virus_comp_3055_cycle_1_4",1
"39257","virus_comp_3058_cycle_1_1",1
"39258","virus_comp_3058_cycle_1_3",1
"39259","virus_comp_3058_cycle_1_4",1
"39260","virus_comp_3058_cycle_1_5",1
"39261","virus_comp_3058_cycle_1_6",1
"39262","virus_comp_3058_cycle_1_7",1
"39263","virus_comp_3058_cycle_1_8",1
"39264","virus_comp_3060_cycle_1_1",1
"39265","virus_comp_3060_cycle_1_2",1
"39266","virus_comp_3060_cycle_1_3",1
"39267","virus_comp_3060_cycle_1_4",1
"39268","virus_comp_3060_cycle_1_5",1
"39269","virus_comp_3060_cycle_1_6",1
"39270","virus_comp_3060_cycle_1_7",1
"39271","virus_comp_3061_cycle_1_1",1
"39272","virus_comp_3061_cycle_1_2",1
"39273","virus_comp_3061_cycle_1_4",1
"39274","virus_comp_3061_cycle_1_5",1
"39275","virus_comp_3063_cycle_1_1",1
"39276","virus_comp_3063_cycle_1_11",1
"39277","virus_comp_3063_cycle_1_12",1
"39278","virus_comp_3065_cycle_1_10",1
"39279","virus_comp_3065_cycle_1_11",1
"39280","virus_comp_3065_cycle_1_2",1
"39281","virus_comp_3065_cycle_1_3",1
"39282","virus_comp_3065_cycle_1_4",1
"39283","virus_comp_3065_cycle_1_5",1
"39284","virus_comp_3065_cycle_1_6",1
"39285","virus_comp_3065_cycle_1_7",1
"39286","virus_comp_3065_cycle_1_8",1
"39287","virus_comp_3065_cycle_1_9",1
"39288","virus_comp_3066_cycle_1_2",1
"39289","virus_comp_3066_cycle_1_3",1
"39290","virus_comp_3066_cycle_1_4",1
"39291","virus_comp_3067_cycle_1_4",1
"39292","virus_comp_3067_cycle_1_6",1
"39293","virus_comp_3071_cycle_1_1",1
"39294","virus_comp_3071_cycle_1_3",1
"39295","virus_comp_3071_cycle_1_4",1
"39296","virus_comp_3071_cycle_1_6",1
"39297","virus_comp_3071_cycle_1_8",1
"39298","virus_comp_3075_cycle_1_1",1
"39299","virus_comp_3075_cycle_1_10",1
"39300","virus_comp_3075_cycle_1_3",1
"39301","virus_comp_3075_cycle_1_4",1
"39302","virus_comp_3075_cycle_1_5",1
"39303","virus_comp_3075_cycle_1_7",1
"39304","virus_comp_3075_cycle_1_9",1
"39305","virus_comp_3083_cycle_1_1",1
"39306","virus_comp_3085_cycle_1_10",1
"39307","virus_comp_3085_cycle_1_11",1
"39308","virus_comp_3085_cycle_1_12",1
"39309","virus_comp_3085_cycle_1_13",1
"39310","virus_comp_3085_cycle_1_2",1
"39311","virus_comp_3085_cycle_1_3",1
"39312","virus_comp_3085_cycle_1_5",1
"39313","virus_comp_3085_cycle_1_6",1
"39314","virus_comp_3085_cycle_1_7",1
"39315","virus_comp_3085_cycle_1_8",1
"39316","virus_comp_3085_cycle_1_9",1
"39317","virus_comp_3088_cycle_1_1",1
"39318","virus_comp_3088_cycle_1_2",1
"39319","virus_comp_3088_cycle_1_3",1
"39320","virus_comp_3088_cycle_1_4",1
"39321","virus_comp_3088_cycle_1_5",1
"39322","virus_comp_3092_cycle_1_1",1
"39323","virus_comp_3092_cycle_1_2",1
"39324","virus_comp_3092_cycle_1_3",1
"39325","virus_comp_3092_cycle_1_4",1
"39326","virus_comp_3092_cycle_1_5",1
"39327","virus_comp_3092_cycle_1_6",1
"39328","virus_comp_3092_cycle_1_7",1
"39329","virus_comp_3092_cycle_1_8",1
"39330","virus_comp_3092_cycle_1_9",1
"39331","virus_comp_3094_cycle_1_2",1
"39332","virus_comp_3094_cycle_1_4",1
"39333","virus_comp_3099_cycle_1_1",1
"39334","virus_comp_3099_cycle_1_10",1
"39335","virus_comp_3099_cycle_1_11",1
"39336","virus_comp_3099_cycle_1_12",1
"39337","virus_comp_3099_cycle_1_13",1
"39338","virus_comp_3099_cycle_1_16",1
"39339","virus_comp_3099_cycle_1_2",1
"39340","virus_comp_3099_cycle_1_3",1
"39341","virus_comp_3099_cycle_1_4",1
"39342","virus_comp_3099_cycle_1_5",1
"39343","virus_comp_3099_cycle_1_9",1
"39344","virus_comp_3105_cycle_1_1",1
"39345","virus_comp_3105_cycle_1_2",1
"39346","virus_comp_3105_cycle_1_3",1
"39347","virus_comp_3105_cycle_1_4",1
"39348","virus_comp_3108_cycle_1_1",1
"39349","virus_comp_3108_cycle_1_2",1
"39350","virus_comp_3108_cycle_1_3",1
"39351","virus_comp_3109_cycle_1_1",1
"39352","virus_comp_3109_cycle_1_3",1
"39353","virus_comp_3114_cycle_1_8",1
"39354","virus_comp_3117_cycle_1_2",1
"39355","virus_comp_3117_cycle_1_5",1
"39356","virus_comp_3117_cycle_1_6",1
"39357","virus_comp_3121_cycle_1_2",1
"39358","virus_comp_3121_cycle_1_3",1
"39359","virus_comp_3121_cycle_1_4",1
"39360","virus_comp_3121_cycle_1_5",1
"39361","virus_comp_3121_cycle_1_6",1
"39362","virus_comp_3121_cycle_1_8",1
"39363","virus_comp_3123_cycle_1_1",1
"39364","virus_comp_3124_cycle_1_1",1
"39365","virus_comp_3124_cycle_1_2",1
"39366","virus_comp_3127_cycle_1_1",1
"39367","virus_comp_3127_cycle_1_3",1
"39368","virus_comp_3127_cycle_1_4",1
"39369","virus_comp_3129_cycle_1_2",1
"39370","virus_comp_3129_cycle_1_4",1
"39371","virus_comp_3129_cycle_1_5",1
"39372","virus_comp_3131_cycle_1_4",1
"39373","virus_comp_3132_cycle_1_3",1
"39374","virus_comp_3132_cycle_1_4",1
"39375","virus_comp_3132_cycle_1_5",1
"39376","virus_comp_3136_cycle_1_3",1
"39377","virus_comp_3146_cycle_1_1",1
"39378","virus_comp_3146_cycle_1_2",1
"39379","virus_comp_3146_cycle_1_3",1
"39380","virus_comp_3149_cycle_1_2",1
"39381","virus_comp_3150_cycle_1_1",1
"39382","virus_comp_3150_cycle_1_2",1
"39383","virus_comp_3150_cycle_1_3",1
"39384","virus_comp_3152_cycle_1_11",1
"39385","virus_comp_3152_cycle_1_4",1
"39386","virus_comp_3152_cycle_1_5",1
"39387","virus_comp_3152_cycle_1_6",1
"39388","virus_comp_3152_cycle_1_7",1
"39389","virus_comp_3152_cycle_1_8",1
"39390","virus_comp_3153_cycle_1_1",1
"39391","virus_comp_3153_cycle_1_10",1
"39392","virus_comp_3153_cycle_1_11",1
"39393","virus_comp_3153_cycle_1_12",1
"39394","virus_comp_3153_cycle_1_13",1
"39395","virus_comp_3153_cycle_1_2",1
"39396","virus_comp_3153_cycle_1_6",1
"39397","virus_comp_3153_cycle_1_7",1
"39398","virus_comp_3154_cycle_1_6",1
"39399","virus_comp_3155_cycle_1_2",1
"39400","virus_comp_3155_cycle_1_3",1
"39401","virus_comp_3155_cycle_1_4",1
"39402","virus_comp_3155_cycle_1_5",1
"39403","virus_comp_3155_cycle_1_6",1
"39404","virus_comp_3162_cycle_1_1",1
"39405","virus_comp_3162_cycle_1_2",1
"39406","virus_comp_3162_cycle_1_4",1
"39407","virus_comp_3162_cycle_1_7",1
"39408","virus_comp_3165_cycle_1_1",1
"39409","virus_comp_3165_cycle_1_2",1
"39410","virus_comp_3166_cycle_1_1",1
"39411","virus_comp_3166_cycle_1_4",1
"39412","virus_comp_3166_cycle_1_6",1
"39413","virus_comp_3166_cycle_1_8",1
"39414","virus_comp_3170_cycle_1_1",1
"39415","virus_comp_3172_cycle_1_1",1
"39416","virus_comp_3172_cycle_1_3",1
"39417","virus_comp_3173_cycle_1_1",1
"39418","virus_comp_3173_cycle_1_2",1
"39419","virus_comp_3173_cycle_1_3",1
"39420","virus_comp_3179_cycle_1_4",1
"39421","virus_comp_318_cycle_1_120",1
"39422","virus_comp_318_cycle_1_2",1
"39423","virus_comp_318_cycle_1_3",1
"39424","virus_comp_318_cycle_1_51",1
"39425","virus_comp_318_cycle_1_97",1
"39426","virus_comp_3189_cycle_1_5",1
"39427","virus_comp_3189_cycle_1_7",1
"39428","virus_comp_3194_cycle_1_1",1
"39429","virus_comp_3194_cycle_1_10",1
"39430","virus_comp_3194_cycle_1_2",1
"39431","virus_comp_3194_cycle_1_3",1
"39432","virus_comp_3194_cycle_1_4",1
"39433","virus_comp_3194_cycle_1_5",1
"39434","virus_comp_3194_cycle_1_6",1
"39435","virus_comp_3194_cycle_1_7",1
"39436","virus_comp_3194_cycle_1_8",1
"39437","virus_comp_3194_cycle_1_9",1
"39438","virus_comp_3195_cycle_1_1",1
"39439","virus_comp_3195_cycle_1_2",1
"39440","virus_comp_3195_cycle_1_5",1
"39441","virus_comp_3195_cycle_1_6",1
"39442","virus_comp_3195_cycle_1_8",1
"39443","virus_comp_3195_cycle_1_9",1
"39444","virus_comp_3198_cycle_1_1",1
"39445","virus_comp_3198_cycle_1_2",1
"39446","virus_comp_3198_cycle_1_3",1
"39447","virus_comp_3198_cycle_1_4",1
"39448","virus_comp_3199_cycle_1_1",1
"39449","virus_comp_3199_cycle_1_2",1
"39450","virus_comp_3200_cycle_1_2",1
"39451","virus_comp_3200_cycle_1_3",1
"39452","virus_comp_3200_cycle_1_6",1
"39453","virus_comp_3204_cycle_1_1",1
"39454","virus_comp_3206_cycle_1_1",1
"39455","virus_comp_3206_cycle_1_2",1
"39456","virus_comp_3206_cycle_1_3",1
"39457","virus_comp_3206_cycle_1_4",1
"39458","virus_comp_3206_cycle_1_6",1
"39459","virus_comp_3206_cycle_1_7",1
"39460","virus_comp_3208_cycle_1_2",1
"39461","virus_comp_3208_cycle_1_3",1
"39462","virus_comp_3208_cycle_1_7",1
"39463","virus_comp_3209_cycle_1_1",1
"39464","virus_comp_3209_cycle_1_2",1
"39465","virus_comp_3209_cycle_1_3",1
"39466","virus_comp_3210_cycle_1_4",1
"39467","virus_comp_3210_cycle_1_5",1
"39468","virus_comp_3212_cycle_1_10",1
"39469","virus_comp_3212_cycle_1_2",1
"39470","virus_comp_3212_cycle_1_3",1
"39471","virus_comp_3212_cycle_1_4",1
"39472","virus_comp_3212_cycle_1_7",1
"39473","virus_comp_3212_cycle_1_8",1
"39474","virus_comp_3212_cycle_1_9",1
"39475","virus_comp_3216_cycle_1_3",1
"39476","virus_comp_3216_cycle_1_5",1
"39477","virus_comp_3216_cycle_1_6",1
"39478","virus_comp_3223_cycle_1_1",1
"39479","virus_comp_3223_cycle_1_2",1
"39480","virus_comp_3225_cycle_1_2",1
"39481","virus_comp_3225_cycle_1_3",1
"39482","virus_comp_3226_cycle_1_6",1
"39483","virus_comp_3226_cycle_1_7",1
"39484","virus_comp_3226_cycle_1_9",1
"39485","virus_comp_3229_cycle_1_2",1
"39486","virus_comp_3229_cycle_1_3",1
"39487","virus_comp_3232_cycle_1_2",1
"39488","virus_comp_3232_cycle_1_3",1
"39489","virus_comp_3232_cycle_1_8",1
"39490","virus_comp_3232_cycle_1_9",1
"39491","virus_comp_3235_cycle_1_1",1
"39492","virus_comp_3235_cycle_1_2",1
"39493","virus_comp_3235_cycle_1_5",1
"39494","virus_comp_3235_cycle_1_6",1
"39495","virus_comp_3236_cycle_1_1",1
"39496","virus_comp_3236_cycle_1_6",1
"39497","virus_comp_3236_cycle_1_9",1
"39498","virus_comp_3239_cycle_1_1",1
"39499","virus_comp_3239_cycle_1_2",1
"39500","virus_comp_3239_cycle_1_5",1
"39501","virus_comp_324_cycle_1_6",1
"39502","virus_comp_3240_cycle_1_4",1
"39503","virus_comp_3240_cycle_1_6",1
"39504","virus_comp_3240_cycle_1_8",1
"39505","virus_comp_3243_cycle_1_1",1
"39506","virus_comp_3243_cycle_1_10",1
"39507","virus_comp_3243_cycle_1_11",1
"39508","virus_comp_3243_cycle_1_12",1
"39509","virus_comp_3243_cycle_1_13",1
"39510","virus_comp_3243_cycle_1_2",1
"39511","virus_comp_3243_cycle_1_3",1
"39512","virus_comp_3243_cycle_1_4",1
"39513","virus_comp_3243_cycle_1_5",1
"39514","virus_comp_3243_cycle_1_6",1
"39515","virus_comp_3243_cycle_1_7",1
"39516","virus_comp_3243_cycle_1_8",1
"39517","virus_comp_3243_cycle_1_9",1
"39518","virus_comp_3245_cycle_1_1",1
"39519","virus_comp_3245_cycle_1_2",1
"39520","virus_comp_3245_cycle_1_3",1
"39521","virus_comp_3245_cycle_1_4",1
"39522","virus_comp_3245_cycle_1_5",1
"39523","virus_comp_3246_cycle_1_1",1
"39524","virus_comp_3246_cycle_1_2",1
"39525","virus_comp_3246_cycle_1_3",1
"39526","virus_comp_3246_cycle_1_4",1
"39527","virus_comp_3247_cycle_1_1",1
"39528","virus_comp_3247_cycle_1_2",1
"39529","virus_comp_3247_cycle_1_3",1
"39530","virus_comp_3251_cycle_1_1",1
"39531","virus_comp_3251_cycle_1_2",1
"39532","virus_comp_3251_cycle_1_3",1
"39533","virus_comp_3251_cycle_1_4",1
"39534","virus_comp_3251_cycle_1_5",1
"39535","virus_comp_3257_cycle_1_1",1
"39536","virus_comp_3259_cycle_1_1",1
"39537","virus_comp_3259_cycle_1_3",1
"39538","virus_comp_3259_cycle_1_5",1
"39539","virus_comp_3260_cycle_1_9",1
"39540","virus_comp_3262_cycle_1_1",1
"39541","virus_comp_3262_cycle_1_2",1
"39542","virus_comp_3264_cycle_1_5",1
"39543","virus_comp_3270_cycle_1_1",1
"39544","virus_comp_3270_cycle_1_2",1
"39545","virus_comp_3274_cycle_1_10",1
"39546","virus_comp_3274_cycle_1_3",1
"39547","virus_comp_3274_cycle_1_7",1
"39548","virus_comp_3274_cycle_1_8",1
"39549","virus_comp_3274_cycle_1_9",1
"39550","virus_comp_3275_cycle_1_5",1
"39551","virus_comp_3275_cycle_1_6",1
"39552","virus_comp_3275_cycle_1_7",1
"39553","virus_comp_3277_cycle_1_1",1
"39554","virus_comp_3277_cycle_1_3",1
"39555","virus_comp_3277_cycle_1_5",1
"39556","virus_comp_3281_cycle_1_2",1
"39557","virus_comp_3281_cycle_1_3",1
"39558","virus_comp_3281_cycle_1_9",1
"39559","virus_comp_3286_cycle_1_2",1
"39560","virus_comp_3288_cycle_1_1",1
"39561","virus_comp_3288_cycle_1_11",1
"39562","virus_comp_3288_cycle_1_2",1
"39563","virus_comp_3288_cycle_1_3",1
"39564","virus_comp_3288_cycle_1_4",1
"39565","virus_comp_3288_cycle_1_5",1
"39566","virus_comp_3288_cycle_1_6",1
"39567","virus_comp_3288_cycle_1_7",1
"39568","virus_comp_3288_cycle_1_8",1
"39569","virus_comp_3288_cycle_1_9",1
"39570","virus_comp_3291_cycle_1_1",1
"39571","virus_comp_3291_cycle_1_2",1
"39572","virus_comp_3291_cycle_1_3",1
"39573","virus_comp_3293_cycle_1_1",1
"39574","virus_comp_3293_cycle_1_2",1
"39575","virus_comp_3293_cycle_1_3",1
"39576","virus_comp_3295_cycle_1_7",1
"39577","virus_comp_3295_cycle_1_8",1
"39578","virus_comp_3297_cycle_1_2",1
"39579","virus_comp_3297_cycle_1_3",1
"39580","virus_comp_3297_cycle_1_6",1
"39581","virus_comp_3297_cycle_1_7",1
"39582","virus_comp_3297_cycle_1_8",1
"39583","virus_comp_330_cycle_1_114",1
"39584","virus_comp_330_cycle_1_115",1
"39585","virus_comp_3301_cycle_1_1",1
"39586","virus_comp_3301_cycle_1_10",1
"39587","virus_comp_3301_cycle_1_2",1
"39588","virus_comp_3301_cycle_1_8",1
"39589","virus_comp_3304_cycle_1_1",1
"39590","virus_comp_3304_cycle_1_10",1
"39591","virus_comp_3304_cycle_1_2",1
"39592","virus_comp_3304_cycle_1_3",1
"39593","virus_comp_3304_cycle_1_4",1
"39594","virus_comp_3304_cycle_1_5",1
"39595","virus_comp_3304_cycle_1_6",1
"39596","virus_comp_3304_cycle_1_7",1
"39597","virus_comp_3304_cycle_1_8",1
"39598","virus_comp_3304_cycle_1_9",1
"39599","virus_comp_3307_cycle_1_2",1
"39600","virus_comp_3307_cycle_1_3",1
"39601","virus_comp_3307_cycle_1_4",1
"39602","virus_comp_3307_cycle_1_5",1
"39603","virus_comp_3307_cycle_1_6",1
"39604","virus_comp_3307_cycle_1_7",1
"39605","virus_comp_3307_cycle_1_8",1
"39606","virus_comp_3309_cycle_1_3",1
"39607","virus_comp_3309_cycle_1_4",1
"39608","virus_comp_331_cycle_1_3",1
"39609","virus_comp_3310_cycle_1_1",1
"39610","virus_comp_3310_cycle_1_2",1
"39611","virus_comp_3310_cycle_1_3",1
"39612","virus_comp_3310_cycle_1_4",1
"39613","virus_comp_3310_cycle_1_5",1
"39614","virus_comp_3310_cycle_1_6",1
"39615","virus_comp_3311_cycle_1_1",1
"39616","virus_comp_3311_cycle_1_10",1
"39617","virus_comp_3311_cycle_1_8",1
"39618","virus_comp_3311_cycle_1_9",1
"39619","virus_comp_3313_cycle_1_1",1
"39620","virus_comp_3313_cycle_1_13",1
"39621","virus_comp_3313_cycle_1_14",1
"39622","virus_comp_3313_cycle_1_3",1
"39623","virus_comp_3313_cycle_1_7",1
"39624","virus_comp_3313_cycle_1_8",1
"39625","virus_comp_3313_cycle_1_9",1
"39626","virus_comp_3318_cycle_1_1",1
"39627","virus_comp_3318_cycle_1_2",1
"39628","virus_comp_3318_cycle_1_3",1
"39629","virus_comp_3319_cycle_1_2",1
"39630","virus_comp_332_cycle_1_22",1
"39631","virus_comp_332_cycle_1_87",1
"39632","virus_comp_3320_cycle_1_5",1
"39633","virus_comp_3320_cycle_1_9",1
"39634","virus_comp_3322_cycle_1_1",1
"39635","virus_comp_3322_cycle_1_4",1
"39636","virus_comp_3322_cycle_1_7",1
"39637","virus_comp_3323_cycle_1_2",1
"39638","virus_comp_3323_cycle_1_3",1
"39639","virus_comp_3323_cycle_1_4",1
"39640","virus_comp_3323_cycle_1_5",1
"39641","virus_comp_3323_cycle_1_6",1
"39642","virus_comp_3328_cycle_1_4",1
"39643","virus_comp_3329_cycle_1_1",1
"39644","virus_comp_3329_cycle_1_2",1
"39645","virus_comp_3329_cycle_1_3",1
"39646","virus_comp_3329_cycle_1_4",1
"39647","virus_comp_3329_cycle_1_5",1
"39648","virus_comp_3329_cycle_1_6",1
"39649","virus_comp_333_cycle_1_1",1
"39650","virus_comp_333_cycle_1_2",1
"39651","virus_comp_333_cycle_1_3",1
"39652","virus_comp_333_cycle_1_4",1
"39653","virus_comp_3337_cycle_1_1",1
"39654","virus_comp_3337_cycle_1_2",1
"39655","virus_comp_3337_cycle_1_3",1
"39656","virus_comp_3337_cycle_1_4",1
"39657","virus_comp_3337_cycle_1_5",1
"39658","virus_comp_3338_cycle_1_2",1
"39659","virus_comp_334_cycle_1_1",1
"39660","virus_comp_334_cycle_1_2",1
"39661","virus_comp_3340_cycle_1_2",1
"39662","virus_comp_3340_cycle_1_3",1
"39663","virus_comp_3340_cycle_1_4",1
"39664","virus_comp_3340_cycle_1_5",1
"39665","virus_comp_3340_cycle_1_6",1
"39666","virus_comp_3347_cycle_1_1",1
"39667","virus_comp_3347_cycle_1_2",1
"39668","virus_comp_3347_cycle_1_3",1
"39669","virus_comp_3347_cycle_1_6",1
"39670","virus_comp_3347_cycle_1_7",1
"39671","virus_comp_335_cycle_1_1",1
"39672","virus_comp_335_cycle_1_10",1
"39673","virus_comp_335_cycle_1_11",1
"39674","virus_comp_335_cycle_1_12",1
"39675","virus_comp_335_cycle_1_14",1
"39676","virus_comp_335_cycle_1_2",1
"39677","virus_comp_335_cycle_1_3",1
"39678","virus_comp_335_cycle_1_5",1
"39679","virus_comp_335_cycle_1_9",1
"39680","virus_comp_3351_cycle_1_6",1
"39681","virus_comp_3352_cycle_1_1",1
"39682","virus_comp_3352_cycle_1_2",1
"39683","virus_comp_3352_cycle_1_3",1
"39684","virus_comp_3352_cycle_1_7",1
"39685","virus_comp_3353_cycle_1_1",1
"39686","virus_comp_3357_cycle_1_1",1
"39687","virus_comp_3357_cycle_1_11",1
"39688","virus_comp_3357_cycle_1_4",1
"39689","virus_comp_3357_cycle_1_6",1
"39690","virus_comp_3357_cycle_1_8",1
"39691","virus_comp_3358_cycle_1_10",1
"39692","virus_comp_3358_cycle_1_2",1
"39693","virus_comp_3358_cycle_1_9",1
"39694","virus_comp_3359_cycle_1_10",1
"39695","virus_comp_3359_cycle_1_8",1
"39696","virus_comp_336_cycle_1_1",1
"39697","virus_comp_336_cycle_1_10",1
"39698","virus_comp_336_cycle_1_12",1
"39699","virus_comp_336_cycle_1_13",1
"39700","virus_comp_336_cycle_1_14",1
"39701","virus_comp_336_cycle_1_16",1
"39702","virus_comp_336_cycle_1_17",1
"39703","virus_comp_336_cycle_1_18",1
"39704","virus_comp_336_cycle_1_19",1
"39705","virus_comp_336_cycle_1_2",1
"39706","virus_comp_336_cycle_1_20",1
"39707","virus_comp_336_cycle_1_21",1
"39708","virus_comp_336_cycle_1_22",1
"39709","virus_comp_336_cycle_1_23",1
"39710","virus_comp_336_cycle_1_24",1
"39711","virus_comp_336_cycle_1_25",1
"39712","virus_comp_336_cycle_1_3",1
"39713","virus_comp_336_cycle_1_4",1
"39714","virus_comp_336_cycle_1_5",1
"39715","virus_comp_336_cycle_1_6",1
"39716","virus_comp_336_cycle_1_8",1
"39717","virus_comp_336_cycle_1_9",1
"39718","virus_comp_3360_cycle_1_4",1
"39719","virus_comp_3360_cycle_1_5",1
"39720","virus_comp_3365_cycle_1_2",1
"39721","virus_comp_3365_cycle_1_3",1
"39722","virus_comp_3365_cycle_1_4",1
"39723","virus_comp_3367_cycle_1_1",1
"39724","virus_comp_3367_cycle_1_5",1
"39725","virus_comp_3367_cycle_1_6",1
"39726","virus_comp_3367_cycle_1_7",1
"39727","virus_comp_3368_cycle_1_1",1
"39728","virus_comp_3368_cycle_1_4",1
"39729","virus_comp_3368_cycle_1_6",1
"39730","virus_comp_3368_cycle_1_7",1
"39731","virus_comp_3371_cycle_1_2",1
"39732","virus_comp_3371_cycle_1_3",1
"39733","virus_comp_3371_cycle_1_4",1
"39734","virus_comp_3371_cycle_1_6",1
"39735","virus_comp_3374_cycle_1_1",1
"39736","virus_comp_3374_cycle_1_2",1
"39737","virus_comp_3374_cycle_1_3",1
"39738","virus_comp_3374_cycle_1_4",1
"39739","virus_comp_3375_cycle_1_1",1
"39740","virus_comp_3375_cycle_1_2",1
"39741","virus_comp_3375_cycle_1_3",1
"39742","virus_comp_3375_cycle_1_4",1
"39743","virus_comp_3375_cycle_1_5",1
"39744","virus_comp_3376_cycle_1_1",1
"39745","virus_comp_3376_cycle_1_2",1
"39746","virus_comp_3376_cycle_1_3",1
"39747","virus_comp_3376_cycle_1_4",1
"39748","virus_comp_3376_cycle_1_5",1
"39749","virus_comp_3376_cycle_1_6",1
"39750","virus_comp_3378_cycle_1_11",1
"39751","virus_comp_3381_cycle_1_1",1
"39752","virus_comp_3381_cycle_1_10",1
"39753","virus_comp_3381_cycle_1_11",1
"39754","virus_comp_3381_cycle_1_2",1
"39755","virus_comp_3381_cycle_1_3",1
"39756","virus_comp_3381_cycle_1_4",1
"39757","virus_comp_3381_cycle_1_9",1
"39758","virus_comp_3383_cycle_1_1",1
"39759","virus_comp_3384_cycle_1_1",1
"39760","virus_comp_3386_cycle_1_2",1
"39761","virus_comp_3386_cycle_1_3",1
"39762","virus_comp_3386_cycle_1_4",1
"39763","virus_comp_3386_cycle_1_7",1
"39764","virus_comp_3389_cycle_1_1",1
"39765","virus_comp_3389_cycle_1_3",1
"39766","virus_comp_3389_cycle_1_4",1
"39767","virus_comp_3389_cycle_1_5",1
"39768","virus_comp_339_cycle_1_1",1
"39769","virus_comp_3390_cycle_1_1",1
"39770","virus_comp_3390_cycle_1_2",1
"39771","virus_comp_3390_cycle_1_8",1
"39772","virus_comp_3392_cycle_1_5",1
"39773","virus_comp_3395_cycle_1_1",1
"39774","virus_comp_3395_cycle_1_6",1
"39775","virus_comp_3395_cycle_1_7",1
"39776","virus_comp_3395_cycle_1_8",1
"39777","virus_comp_3396_cycle_1_2",1
"39778","virus_comp_3396_cycle_1_4",1
"39779","virus_comp_3396_cycle_1_6",1
"39780","virus_comp_3396_cycle_1_7",1
"39781","virus_comp_3397_cycle_1_1",1
"39782","virus_comp_3397_cycle_1_2",1
"39783","virus_comp_3397_cycle_1_3",1
"39784","virus_comp_3397_cycle_1_4",1
"39785","virus_comp_3397_cycle_1_5",1
"39786","virus_comp_3397_cycle_1_6",1
"39787","virus_comp_3400_cycle_1_6",1
"39788","virus_comp_3400_cycle_1_7",1
"39789","virus_comp_3403_cycle_1_1",1
"39790","virus_comp_3404_cycle_1_3",1
"39791","virus_comp_3404_cycle_1_4",1
"39792","virus_comp_3404_cycle_1_6",1
"39793","virus_comp_3405_cycle_1_1",1
"39794","virus_comp_3405_cycle_1_3",1
"39795","virus_comp_3406_cycle_1_1",1
"39796","virus_comp_3406_cycle_1_2",1
"39797","virus_comp_3406_cycle_1_3",1
"39798","virus_comp_3406_cycle_1_4",1
"39799","virus_comp_3406_cycle_1_5",1
"39800","virus_comp_3406_cycle_1_6",1
"39801","virus_comp_3406_cycle_1_7",1
"39802","virus_comp_3408_cycle_1_1",1
"39803","virus_comp_3408_cycle_1_10",1
"39804","virus_comp_3408_cycle_1_11",1
"39805","virus_comp_3408_cycle_1_12",1
"39806","virus_comp_3408_cycle_1_2",1
"39807","virus_comp_3408_cycle_1_3",1
"39808","virus_comp_3408_cycle_1_4",1
"39809","virus_comp_3408_cycle_1_5",1
"39810","virus_comp_3408_cycle_1_6",1
"39811","virus_comp_3408_cycle_1_7",1
"39812","virus_comp_3408_cycle_1_8",1
"39813","virus_comp_3408_cycle_1_9",1
"39814","virus_comp_3409_cycle_1_1",1
"39815","virus_comp_3409_cycle_1_4",1
"39816","virus_comp_3409_cycle_1_5",1
"39817","virus_comp_3409_cycle_1_6",1
"39818","virus_comp_3414_cycle_1_1",1
"39819","virus_comp_3414_cycle_1_3",1
"39820","virus_comp_3414_cycle_1_4",1
"39821","virus_comp_3414_cycle_1_5",1
"39822","virus_comp_3414_cycle_1_6",1
"39823","virus_comp_3417_cycle_1_4",1
"39824","virus_comp_3417_cycle_1_5",1
"39825","virus_comp_3418_cycle_1_1",1
"39826","virus_comp_3418_cycle_1_2",1
"39827","virus_comp_3418_cycle_1_3",1
"39828","virus_comp_3418_cycle_1_4",1
"39829","virus_comp_3418_cycle_1_5",1
"39830","virus_comp_3418_cycle_1_6",1
"39831","virus_comp_3418_cycle_1_7",1
"39832","virus_comp_3426_cycle_1_1",1
"39833","virus_comp_3426_cycle_1_2",1
"39834","virus_comp_3426_cycle_1_3",1
"39835","virus_comp_3434_cycle_1_1",1
"39836","virus_comp_3434_cycle_1_2",1
"39837","virus_comp_3434_cycle_1_3",1
"39838","virus_comp_3434_cycle_1_4",1
"39839","virus_comp_3434_cycle_1_5",1
"39840","virus_comp_3435_cycle_1_1",1
"39841","virus_comp_3435_cycle_1_2",1
"39842","virus_comp_3435_cycle_1_3",1
"39843","virus_comp_3435_cycle_1_4",1
"39844","virus_comp_3435_cycle_1_5",1
"39845","virus_comp_3435_cycle_1_6",1
"39846","virus_comp_3438_cycle_1_11",1
"39847","virus_comp_3440_cycle_1_1",1
"39848","virus_comp_3440_cycle_1_2",1
"39849","virus_comp_3440_cycle_1_3",1
"39850","virus_comp_3441_cycle_1_1",1
"39851","virus_comp_3441_cycle_1_10",1
"39852","virus_comp_3441_cycle_1_11",1
"39853","virus_comp_3441_cycle_1_2",1
"39854","virus_comp_3441_cycle_1_3",1
"39855","virus_comp_3441_cycle_1_4",1
"39856","virus_comp_3441_cycle_1_5",1
"39857","virus_comp_3441_cycle_1_6",1
"39858","virus_comp_3441_cycle_1_7",1
"39859","virus_comp_3441_cycle_1_8",1
"39860","virus_comp_3441_cycle_1_9",1
"39861","virus_comp_3443_cycle_1_11",1
"39862","virus_comp_3443_cycle_1_8",1
"39863","virus_comp_3447_cycle_1_1",1
"39864","virus_comp_3447_cycle_1_10",1
"39865","virus_comp_3447_cycle_1_11",1
"39866","virus_comp_3447_cycle_1_12",1
"39867","virus_comp_3447_cycle_1_2",1
"39868","virus_comp_3447_cycle_1_3",1
"39869","virus_comp_3447_cycle_1_5",1
"39870","virus_comp_3447_cycle_1_6",1
"39871","virus_comp_3447_cycle_1_7",1
"39872","virus_comp_3447_cycle_1_8",1
"39873","virus_comp_3447_cycle_1_9",1
"39874","virus_comp_3453_cycle_1_1",1
"39875","virus_comp_3453_cycle_1_4",1
"39876","virus_comp_3453_cycle_1_7",1
"39877","virus_comp_3456_cycle_1_1",1
"39878","virus_comp_3456_cycle_1_5",1
"39879","virus_comp_3456_cycle_1_6",1
"39880","virus_comp_3456_cycle_1_7",1
"39881","virus_comp_3457_cycle_1_1",1
"39882","virus_comp_3457_cycle_1_3",1
"39883","virus_comp_3457_cycle_1_4",1
"39884","virus_comp_3457_cycle_1_5",1
"39885","virus_comp_3457_cycle_1_6",1
"39886","virus_comp_3457_cycle_1_9",1
"39887","virus_comp_3458_cycle_1_1",1
"39888","virus_comp_3458_cycle_1_2",1
"39889","virus_comp_3458_cycle_1_4",1
"39890","virus_comp_3458_cycle_1_5",1
"39891","virus_comp_3458_cycle_1_6",1
"39892","virus_comp_3458_cycle_1_7",1
"39893","virus_comp_3472_cycle_1_1",1
"39894","virus_comp_3472_cycle_1_2",1
"39895","virus_comp_3472_cycle_1_4",1
"39896","virus_comp_3480_cycle_1_4",1
"39897","virus_comp_3480_cycle_1_5",1
"39898","virus_comp_3483_cycle_1_1",1
"39899","virus_comp_3483_cycle_1_4",1
"39900","virus_comp_3493_cycle_1_7",1
"39901","virus_comp_3497_cycle_1_1",1
"39902","virus_comp_3497_cycle_1_2",1
"39903","virus_comp_3497_cycle_1_3",1
"39904","virus_comp_3498_cycle_1_2",1
"39905","virus_comp_3499_cycle_1_1",1
"39906","virus_comp_3499_cycle_1_2",1
"39907","virus_comp_3499_cycle_1_3",1
"39908","virus_comp_3500_cycle_1_10",1
"39909","virus_comp_3500_cycle_1_2",1
"39910","virus_comp_3500_cycle_1_3",1
"39911","virus_comp_3500_cycle_1_4",1
"39912","virus_comp_3500_cycle_1_6",1
"39913","virus_comp_3500_cycle_1_7",1
"39914","virus_comp_3500_cycle_1_9",1
"39915","virus_comp_3502_cycle_1_1",1
"39916","virus_comp_3502_cycle_1_2",1
"39917","virus_comp_3502_cycle_1_3",1
"39918","virus_comp_3502_cycle_1_4",1
"39919","virus_comp_3502_cycle_1_5",1
"39920","virus_comp_3502_cycle_1_6",1
"39921","virus_comp_3502_cycle_1_7",1
"39922","virus_comp_3502_cycle_1_8",1
"39923","virus_comp_3502_cycle_1_9",1
"39924","virus_comp_3504_cycle_1_1",1
"39925","virus_comp_3508_cycle_1_5",1
"39926","virus_comp_3508_cycle_1_7",1
"39927","virus_comp_3510_cycle_1_4",1
"39928","virus_comp_3510_cycle_1_5",1
"39929","virus_comp_3514_cycle_1_1",1
"39930","virus_comp_3514_cycle_1_4",1
"39931","virus_comp_3514_cycle_1_5",1
"39932","virus_comp_3515_cycle_1_2",1
"39933","virus_comp_3515_cycle_1_5",1
"39934","virus_comp_3518_cycle_1_1",1
"39935","virus_comp_3518_cycle_1_2",1
"39936","virus_comp_3518_cycle_1_3",1
"39937","virus_comp_3518_cycle_1_4",1
"39938","virus_comp_3518_cycle_1_5",1
"39939","virus_comp_3518_cycle_1_6",1
"39940","virus_comp_3519_cycle_1_3",1
"39941","virus_comp_3519_cycle_1_5",1
"39942","virus_comp_3519_cycle_1_6",1
"39943","virus_comp_3519_cycle_1_7",1
"39944","virus_comp_3519_cycle_1_9",1
"39945","virus_comp_3522_cycle_1_7",1
"39946","virus_comp_3526_cycle_1_1",1
"39947","virus_comp_3526_cycle_1_2",1
"39948","virus_comp_3526_cycle_1_5",1
"39949","virus_comp_3527_cycle_1_3",1
"39950","virus_comp_3527_cycle_1_6",1
"39951","virus_comp_3528_cycle_1_5",1
"39952","virus_comp_3531_cycle_1_5",1
"39953","virus_comp_3534_cycle_1_5",1
"39954","virus_comp_3535_cycle_1_1",1
"39955","virus_comp_3535_cycle_1_2",1
"39956","virus_comp_3535_cycle_1_3",1
"39957","virus_comp_3535_cycle_1_4",1
"39958","virus_comp_3535_cycle_1_5",1
"39959","virus_comp_3535_cycle_1_6",1
"39960","virus_comp_3535_cycle_1_7",1
"39961","virus_comp_3537_cycle_1_5",1
"39962","virus_comp_3538_cycle_1_1",1
"39963","virus_comp_3538_cycle_1_2",1
"39964","virus_comp_3538_cycle_1_3",1
"39965","virus_comp_3538_cycle_1_4",1
"39966","virus_comp_3541_cycle_1_1",1
"39967","virus_comp_3541_cycle_1_2",1
"39968","virus_comp_3541_cycle_1_3",1
"39969","virus_comp_3541_cycle_1_4",1
"39970","virus_comp_3541_cycle_1_5",1
"39971","virus_comp_3542_cycle_1_1",1
"39972","virus_comp_3542_cycle_1_7",1
"39973","virus_comp_3542_cycle_1_9",1
"39974","virus_comp_3543_cycle_1_5",1
"39975","virus_comp_3543_cycle_1_7",1
"39976","virus_comp_3543_cycle_1_8",1
"39977","virus_comp_3549_cycle_1_1",1
"39978","virus_comp_3549_cycle_1_10",1
"39979","virus_comp_3549_cycle_1_11",1
"39980","virus_comp_3549_cycle_1_2",1
"39981","virus_comp_3549_cycle_1_3",1
"39982","virus_comp_3549_cycle_1_4",1
"39983","virus_comp_3549_cycle_1_5",1
"39984","virus_comp_3549_cycle_1_6",1
"39985","virus_comp_3549_cycle_1_7",1
"39986","virus_comp_3549_cycle_1_8",1
"39987","virus_comp_3549_cycle_1_9",1
"39988","virus_comp_355_cycle_1_11",1
"39989","virus_comp_355_cycle_1_13",1
"39990","virus_comp_355_cycle_1_14",1
"39991","virus_comp_355_cycle_1_8",1
"39992","virus_comp_3553_cycle_1_1",1
"39993","virus_comp_3553_cycle_1_2",1
"39994","virus_comp_3558_cycle_1_1",1
"39995","virus_comp_3558_cycle_1_2",1
"39996","virus_comp_3558_cycle_1_3",1
"39997","virus_comp_3558_cycle_1_4",1
"39998","virus_comp_3558_cycle_1_5",1
"39999","virus_comp_3558_cycle_1_6",1
"40000","virus_comp_3558_cycle_1_7",1
"40001","virus_comp_3562_cycle_1_2",1
"40002","virus_comp_3565_cycle_1_1",1
"40003","virus_comp_3565_cycle_1_2",1
"40004","virus_comp_3565_cycle_1_3",1
"40005","virus_comp_3565_cycle_1_6",1
"40006","virus_comp_3567_cycle_1_1",1
"40007","virus_comp_3567_cycle_1_2",1
"40008","virus_comp_3567_cycle_1_3",1
"40009","virus_comp_3567_cycle_1_4",1
"40010","virus_comp_3568_cycle_1_1",1
"40011","virus_comp_3568_cycle_1_4",1
"40012","virus_comp_3568_cycle_1_5",1
"40013","virus_comp_3568_cycle_1_6",1
"40014","virus_comp_3568_cycle_1_7",1
"40015","virus_comp_3569_cycle_1_1",1
"40016","virus_comp_3569_cycle_1_2",1
"40017","virus_comp_3569_cycle_1_5",1
"40018","virus_comp_3569_cycle_1_6",1
"40019","virus_comp_3569_cycle_1_7",1
"40020","virus_comp_357_cycle_1_9",1
"40021","virus_comp_3577_cycle_1_1",1
"40022","virus_comp_3577_cycle_1_2",1
"40023","virus_comp_3577_cycle_1_3",1
"40024","virus_comp_3577_cycle_1_4",1
"40025","virus_comp_3577_cycle_1_5",1
"40026","virus_comp_3577_cycle_1_6",1
"40027","virus_comp_3580_cycle_1_1",1
"40028","virus_comp_3580_cycle_1_10",1
"40029","virus_comp_3580_cycle_1_6",1
"40030","virus_comp_3580_cycle_1_7",1
"40031","virus_comp_3580_cycle_1_8",1
"40032","virus_comp_3580_cycle_1_9",1
"40033","virus_comp_3583_cycle_1_1",1
"40034","virus_comp_3583_cycle_1_2",1
"40035","virus_comp_3583_cycle_1_3",1
"40036","virus_comp_3583_cycle_1_4",1
"40037","virus_comp_3583_cycle_1_5",1
"40038","virus_comp_3583_cycle_1_6",1
"40039","virus_comp_3585_cycle_1_7",1
"40040","virus_comp_3585_cycle_1_8",1
"40041","virus_comp_3586_cycle_1_1",1
"40042","virus_comp_3586_cycle_1_5",1
"40043","virus_comp_3586_cycle_1_6",1
"40044","virus_comp_3586_cycle_1_7",1
"40045","virus_comp_3586_cycle_1_9",1
"40046","virus_comp_3592_cycle_1_2",1
"40047","virus_comp_3592_cycle_1_3",1
"40048","virus_comp_3593_cycle_1_1",1
"40049","virus_comp_3593_cycle_1_2",1
"40050","virus_comp_3593_cycle_1_3",1
"40051","virus_comp_3593_cycle_1_4",1
"40052","virus_comp_3593_cycle_1_5",1
"40053","virus_comp_3593_cycle_1_6",1
"40054","virus_comp_3593_cycle_1_8",1
"40055","virus_comp_3593_cycle_1_9",1
"40056","virus_comp_3594_cycle_1_2",1
"40057","virus_comp_3594_cycle_1_3",1
"40058","virus_comp_3594_cycle_1_4",1
"40059","virus_comp_3594_cycle_1_5",1
"40060","virus_comp_3596_cycle_1_1",1
"40061","virus_comp_3596_cycle_1_2",1
"40062","virus_comp_3596_cycle_1_3",1
"40063","virus_comp_3596_cycle_1_4",1
"40064","virus_comp_3596_cycle_1_7",1
"40065","virus_comp_3597_cycle_1_1",1
"40066","virus_comp_3597_cycle_1_2",1
"40067","virus_comp_3597_cycle_1_4",1
"40068","virus_comp_3597_cycle_1_5",1
"40069","virus_comp_3597_cycle_1_6",1
"40070","virus_comp_3597_cycle_1_7",1
"40071","virus_comp_3597_cycle_1_8",1
"40072","virus_comp_3601_cycle_1_2",1
"40073","virus_comp_3601_cycle_1_3",1
"40074","virus_comp_3601_cycle_1_4",1
"40075","virus_comp_3601_cycle_1_5",1
"40076","virus_comp_3601_cycle_1_7",1
"40077","virus_comp_3601_cycle_1_9",1
"40078","virus_comp_3603_cycle_1_1",1
"40079","virus_comp_3603_cycle_1_2",1
"40080","virus_comp_3603_cycle_1_3",1
"40081","virus_comp_3603_cycle_1_4",1
"40082","virus_comp_3603_cycle_1_5",1
"40083","virus_comp_3603_cycle_1_6",1
"40084","virus_comp_3603_cycle_1_7",1
"40085","virus_comp_3607_cycle_1_1",1
"40086","virus_comp_3607_cycle_1_2",1
"40087","virus_comp_3607_cycle_1_3",1
"40088","virus_comp_3607_cycle_1_4",1
"40089","virus_comp_361_cycle_1_1",1
"40090","virus_comp_361_cycle_1_10",1
"40091","virus_comp_361_cycle_1_100",1
"40092","virus_comp_361_cycle_1_101",1
"40093","virus_comp_361_cycle_1_102",1
"40094","virus_comp_361_cycle_1_103",1
"40095","virus_comp_361_cycle_1_104",1
"40096","virus_comp_361_cycle_1_105",1
"40097","virus_comp_361_cycle_1_106",1
"40098","virus_comp_361_cycle_1_107",1
"40099","virus_comp_361_cycle_1_108",1
"40100","virus_comp_361_cycle_1_109",1
"40101","virus_comp_361_cycle_1_11",1
"40102","virus_comp_361_cycle_1_110",1
"40103","virus_comp_361_cycle_1_111",1
"40104","virus_comp_361_cycle_1_112",1
"40105","virus_comp_361_cycle_1_113",1
"40106","virus_comp_361_cycle_1_114",1
"40107","virus_comp_361_cycle_1_12",1
"40108","virus_comp_361_cycle_1_13",1
"40109","virus_comp_361_cycle_1_14",1
"40110","virus_comp_361_cycle_1_15",1
"40111","virus_comp_361_cycle_1_16",1
"40112","virus_comp_361_cycle_1_17",1
"40113","virus_comp_361_cycle_1_18",1
"40114","virus_comp_361_cycle_1_19",1
"40115","virus_comp_361_cycle_1_2",1
"40116","virus_comp_361_cycle_1_20",1
"40117","virus_comp_361_cycle_1_21",1
"40118","virus_comp_361_cycle_1_22",1
"40119","virus_comp_361_cycle_1_23",1
"40120","virus_comp_361_cycle_1_24",1
"40121","virus_comp_361_cycle_1_26",1
"40122","virus_comp_361_cycle_1_27",1
"40123","virus_comp_361_cycle_1_28",1
"40124","virus_comp_361_cycle_1_29",1
"40125","virus_comp_361_cycle_1_3",1
"40126","virus_comp_361_cycle_1_30",1
"40127","virus_comp_361_cycle_1_31",1
"40128","virus_comp_361_cycle_1_32",1
"40129","virus_comp_361_cycle_1_33",1
"40130","virus_comp_361_cycle_1_34",1
"40131","virus_comp_361_cycle_1_35",1
"40132","virus_comp_361_cycle_1_36",1
"40133","virus_comp_361_cycle_1_37",1
"40134","virus_comp_361_cycle_1_38",1
"40135","virus_comp_361_cycle_1_39",1
"40136","virus_comp_361_cycle_1_4",1
"40137","virus_comp_361_cycle_1_40",1
"40138","virus_comp_361_cycle_1_41",1
"40139","virus_comp_361_cycle_1_42",1
"40140","virus_comp_361_cycle_1_43",1
"40141","virus_comp_361_cycle_1_44",1
"40142","virus_comp_361_cycle_1_45",1
"40143","virus_comp_361_cycle_1_46",1
"40144","virus_comp_361_cycle_1_47",1
"40145","virus_comp_361_cycle_1_48",1
"40146","virus_comp_361_cycle_1_49",1
"40147","virus_comp_361_cycle_1_5",1
"40148","virus_comp_361_cycle_1_50",1
"40149","virus_comp_361_cycle_1_51",1
"40150","virus_comp_361_cycle_1_52",1
"40151","virus_comp_361_cycle_1_53",1
"40152","virus_comp_361_cycle_1_54",1
"40153","virus_comp_361_cycle_1_55",1
"40154","virus_comp_361_cycle_1_56",1
"40155","virus_comp_361_cycle_1_57",1
"40156","virus_comp_361_cycle_1_58",1
"40157","virus_comp_361_cycle_1_59",1
"40158","virus_comp_361_cycle_1_6",1
"40159","virus_comp_361_cycle_1_60",1
"40160","virus_comp_361_cycle_1_61",1
"40161","virus_comp_361_cycle_1_62",1
"40162","virus_comp_361_cycle_1_63",1
"40163","virus_comp_361_cycle_1_64",1
"40164","virus_comp_361_cycle_1_65",1
"40165","virus_comp_361_cycle_1_66",1
"40166","virus_comp_361_cycle_1_67",1
"40167","virus_comp_361_cycle_1_68",1
"40168","virus_comp_361_cycle_1_7",1
"40169","virus_comp_361_cycle_1_70",1
"40170","virus_comp_361_cycle_1_71",1
"40171","virus_comp_361_cycle_1_72",1
"40172","virus_comp_361_cycle_1_73",1
"40173","virus_comp_361_cycle_1_74",1
"40174","virus_comp_361_cycle_1_75",1
"40175","virus_comp_361_cycle_1_76",1
"40176","virus_comp_361_cycle_1_77",1
"40177","virus_comp_361_cycle_1_78",1
"40178","virus_comp_361_cycle_1_79",1
"40179","virus_comp_361_cycle_1_8",1
"40180","virus_comp_361_cycle_1_80",1
"40181","virus_comp_361_cycle_1_81",1
"40182","virus_comp_361_cycle_1_82",1
"40183","virus_comp_361_cycle_1_83",1
"40184","virus_comp_361_cycle_1_84",1
"40185","virus_comp_361_cycle_1_85",1
"40186","virus_comp_361_cycle_1_86",1
"40187","virus_comp_361_cycle_1_87",1
"40188","virus_comp_361_cycle_1_88",1
"40189","virus_comp_361_cycle_1_89",1
"40190","virus_comp_361_cycle_1_9",1
"40191","virus_comp_361_cycle_1_90",1
"40192","virus_comp_361_cycle_1_91",1
"40193","virus_comp_361_cycle_1_92",1
"40194","virus_comp_361_cycle_1_94",1
"40195","virus_comp_361_cycle_1_96",1
"40196","virus_comp_361_cycle_1_97",1
"40197","virus_comp_361_cycle_1_98",1
"40198","virus_comp_361_cycle_1_99",1
"40199","virus_comp_3616_cycle_1_6",1
"40200","virus_comp_3619_cycle_1_1",1
"40201","virus_comp_3619_cycle_1_3",1
"40202","virus_comp_3623_cycle_1_1",1
"40203","virus_comp_3623_cycle_1_2",1
"40204","virus_comp_3623_cycle_1_3",1
"40205","virus_comp_3623_cycle_1_5",1
"40206","virus_comp_3625_cycle_1_1",1
"40207","virus_comp_3625_cycle_1_10",1
"40208","virus_comp_3625_cycle_1_11",1
"40209","virus_comp_3625_cycle_1_2",1
"40210","virus_comp_3625_cycle_1_3",1
"40211","virus_comp_3625_cycle_1_4",1
"40212","virus_comp_3625_cycle_1_5",1
"40213","virus_comp_3625_cycle_1_6",1
"40214","virus_comp_3625_cycle_1_7",1
"40215","virus_comp_3625_cycle_1_8",1
"40216","virus_comp_3625_cycle_1_9",1
"40217","virus_comp_3626_cycle_1_1",1
"40218","virus_comp_3626_cycle_1_2",1
"40219","virus_comp_3626_cycle_1_3",1
"40220","virus_comp_3626_cycle_1_4",1
"40221","virus_comp_3626_cycle_1_5",1
"40222","virus_comp_3628_cycle_1_2",1
"40223","virus_comp_3628_cycle_1_3",1
"40224","virus_comp_3630_cycle_1_1",1
"40225","virus_comp_3630_cycle_1_8",1
"40226","virus_comp_3630_cycle_1_9",1
"40227","virus_comp_3632_cycle_1_2",1
"40228","virus_comp_3634_cycle_1_1",1
"40229","virus_comp_3634_cycle_1_2",1
"40230","virus_comp_3634_cycle_1_3",1
"40231","virus_comp_3634_cycle_1_4",1
"40232","virus_comp_3637_cycle_1_1",1
"40233","virus_comp_3637_cycle_1_2",1
"40234","virus_comp_3637_cycle_1_3",1
"40235","virus_comp_3637_cycle_1_4",1
"40236","virus_comp_364_cycle_1_8",1
"40237","virus_comp_3641_cycle_1_1",1
"40238","virus_comp_3641_cycle_1_4",1
"40239","virus_comp_3641_cycle_1_5",1
"40240","virus_comp_3641_cycle_1_6",1
"40241","virus_comp_3642_cycle_1_1",1
"40242","virus_comp_3643_cycle_1_4",1
"40243","virus_comp_3644_cycle_1_1",1
"40244","virus_comp_3644_cycle_1_2",1
"40245","virus_comp_3644_cycle_1_3",1
"40246","virus_comp_3644_cycle_1_4",1
"40247","virus_comp_3644_cycle_1_5",1
"40248","virus_comp_3644_cycle_1_6",1
"40249","virus_comp_3646_cycle_1_2",1
"40250","virus_comp_3648_cycle_1_1",1
"40251","virus_comp_3648_cycle_1_3",1
"40252","virus_comp_3648_cycle_1_4",1
"40253","virus_comp_3648_cycle_1_5",1
"40254","virus_comp_3648_cycle_1_6",1
"40255","virus_comp_3648_cycle_1_7",1
"40256","virus_comp_365_cycle_1_2",1
"40257","virus_comp_365_cycle_1_4",1
"40258","virus_comp_365_cycle_1_5",1
"40259","virus_comp_365_cycle_1_6",1
"40260","virus_comp_365_cycle_1_8",1
"40261","virus_comp_3652_cycle_1_1",1
"40262","virus_comp_3652_cycle_1_2",1
"40263","virus_comp_3652_cycle_1_8",1
"40264","virus_comp_3654_cycle_1_2",1
"40265","virus_comp_3654_cycle_1_3",1
"40266","virus_comp_3654_cycle_1_4",1
"40267","virus_comp_3655_cycle_1_1",1
"40268","virus_comp_3658_cycle_1_4",1
"40269","virus_comp_3658_cycle_1_7",1
"40270","virus_comp_366_cycle_1_1",1
"40271","virus_comp_366_cycle_1_10",1
"40272","virus_comp_366_cycle_1_11",1
"40273","virus_comp_366_cycle_1_12",1
"40274","virus_comp_366_cycle_1_13",1
"40275","virus_comp_366_cycle_1_14",1
"40276","virus_comp_366_cycle_1_15",1
"40277","virus_comp_366_cycle_1_16",1
"40278","virus_comp_366_cycle_1_17",1
"40279","virus_comp_366_cycle_1_2",1
"40280","virus_comp_366_cycle_1_5",1
"40281","virus_comp_366_cycle_1_8",1
"40282","virus_comp_3663_cycle_1_7",1
"40283","virus_comp_3663_cycle_1_8",1
"40284","virus_comp_3668_cycle_1_7",1
"40285","virus_comp_3669_cycle_1_1",1
"40286","virus_comp_3671_cycle_1_3",1
"40287","virus_comp_3672_cycle_1_1",1
"40288","virus_comp_3672_cycle_1_2",1
"40289","virus_comp_3675_cycle_1_2",1
"40290","virus_comp_3675_cycle_1_5",1
"40291","virus_comp_3677_cycle_1_2",1
"40292","virus_comp_3679_cycle_1_1",1
"40293","virus_comp_3685_cycle_1_1",1
"40294","virus_comp_3685_cycle_1_2",1
"40295","virus_comp_3685_cycle_1_3",1
"40296","virus_comp_3685_cycle_1_4",1
"40297","virus_comp_3685_cycle_1_5",1
"40298","virus_comp_3685_cycle_1_6",1
"40299","virus_comp_3685_cycle_1_7",1
"40300","virus_comp_3685_cycle_1_8",1
"40301","virus_comp_3685_cycle_1_9",1
"40302","virus_comp_3686_cycle_1_1",1
"40303","virus_comp_3686_cycle_1_2",1
"40304","virus_comp_3686_cycle_1_3",1
"40305","virus_comp_3686_cycle_1_4",1
"40306","virus_comp_3686_cycle_1_5",1
"40307","virus_comp_3686_cycle_1_6",1
"40308","virus_comp_3687_cycle_1_3",1
"40309","virus_comp_3687_cycle_1_4",1
"40310","virus_comp_3687_cycle_1_5",1
"40311","virus_comp_3688_cycle_1_1",1
"40312","virus_comp_3688_cycle_1_2",1
"40313","virus_comp_369_cycle_1_1",1
"40314","virus_comp_369_cycle_1_3",1
"40315","virus_comp_369_cycle_1_4",1
"40316","virus_comp_3695_cycle_1_3",1
"40317","virus_comp_3697_cycle_1_1",1
"40318","virus_comp_3697_cycle_1_4",1
"40319","virus_comp_3697_cycle_1_5",1
"40320","virus_comp_370_cycle_1_15",1
"40321","virus_comp_370_cycle_1_25",1
"40322","virus_comp_370_cycle_1_26",1
"40323","virus_comp_370_cycle_1_27",1
"40324","virus_comp_370_cycle_1_29",1
"40325","virus_comp_370_cycle_1_34",1
"40326","virus_comp_370_cycle_1_35",1
"40327","virus_comp_370_cycle_1_36",1
"40328","virus_comp_370_cycle_1_37",1
"40329","virus_comp_370_cycle_1_49",1
"40330","virus_comp_370_cycle_1_8",1
"40331","virus_comp_3701_cycle_1_1",1
"40332","virus_comp_3701_cycle_1_2",1
"40333","virus_comp_3703_cycle_1_3",1
"40334","virus_comp_3703_cycle_1_7",1
"40335","virus_comp_3703_cycle_1_8",1
"40336","virus_comp_3708_cycle_1_1",1
"40337","virus_comp_3708_cycle_1_3",1
"40338","virus_comp_3708_cycle_1_4",1
"40339","virus_comp_3708_cycle_1_5",1
"40340","virus_comp_3709_cycle_1_1",1
"40341","virus_comp_3709_cycle_1_10",1
"40342","virus_comp_3709_cycle_1_2",1
"40343","virus_comp_3709_cycle_1_3",1
"40344","virus_comp_3709_cycle_1_5",1
"40345","virus_comp_3709_cycle_1_6",1
"40346","virus_comp_3713_cycle_1_1",1
"40347","virus_comp_3713_cycle_1_2",1
"40348","virus_comp_3713_cycle_1_3",1
"40349","virus_comp_3714_cycle_1_7",1
"40350","virus_comp_3715_cycle_1_1",1
"40351","virus_comp_3715_cycle_1_2",1
"40352","virus_comp_3715_cycle_1_3",1
"40353","virus_comp_3715_cycle_1_4",1
"40354","virus_comp_3715_cycle_1_5",1
"40355","virus_comp_3718_cycle_1_3",1
"40356","virus_comp_372_cycle_1_52",1
"40357","virus_comp_372_cycle_1_67",1
"40358","virus_comp_372_cycle_1_83",1
"40359","virus_comp_3721_cycle_1_1",1
"40360","virus_comp_3721_cycle_1_2",1
"40361","virus_comp_3721_cycle_1_3",1
"40362","virus_comp_3721_cycle_1_4",1
"40363","virus_comp_3721_cycle_1_5",1
"40364","virus_comp_3721_cycle_1_6",1
"40365","virus_comp_3723_cycle_1_1",1
"40366","virus_comp_3723_cycle_1_2",1
"40367","virus_comp_3723_cycle_1_3",1
"40368","virus_comp_3723_cycle_1_5",1
"40369","virus_comp_3728_cycle_1_1",1
"40370","virus_comp_3728_cycle_1_10",1
"40371","virus_comp_3728_cycle_1_3",1
"40372","virus_comp_3728_cycle_1_4",1
"40373","virus_comp_3730_cycle_1_3",1
"40374","virus_comp_3737_cycle_1_1",1
"40375","virus_comp_3737_cycle_1_2",1
"40376","virus_comp_3737_cycle_1_5",1
"40377","virus_comp_3737_cycle_1_8",1
"40378","virus_comp_3742_cycle_1_1",1
"40379","virus_comp_3747_cycle_1_5",1
"40380","virus_comp_3747_cycle_1_7",1
"40381","virus_comp_3750_cycle_1_1",1
"40382","virus_comp_3750_cycle_1_2",1
"40383","virus_comp_3750_cycle_1_3",1
"40384","virus_comp_3750_cycle_1_4",1
"40385","virus_comp_3751_cycle_1_1",1
"40386","virus_comp_3751_cycle_1_2",1
"40387","virus_comp_3751_cycle_1_8",1
"40388","virus_comp_3752_cycle_1_1",1
"40389","virus_comp_3752_cycle_1_2",1
"40390","virus_comp_3752_cycle_1_3",1
"40391","virus_comp_3752_cycle_1_4",1
"40392","virus_comp_3752_cycle_1_5",1
"40393","virus_comp_3752_cycle_1_6",1
"40394","virus_comp_3752_cycle_1_7",1
"40395","virus_comp_3752_cycle_1_8",1
"40396","virus_comp_3752_cycle_1_9",1
"40397","virus_comp_3754_cycle_1_1",1
"40398","virus_comp_3755_cycle_1_10",1
"40399","virus_comp_3755_cycle_1_11",1
"40400","virus_comp_3755_cycle_1_4",1
"40401","virus_comp_3758_cycle_1_1",1
"40402","virus_comp_376_cycle_1_5",1
"40403","virus_comp_3761_cycle_1_2",1
"40404","virus_comp_3761_cycle_1_3",1
"40405","virus_comp_3761_cycle_1_5",1
"40406","virus_comp_3761_cycle_1_6",1
"40407","virus_comp_3771_cycle_1_2",1
"40408","virus_comp_3771_cycle_1_3",1
"40409","virus_comp_3771_cycle_1_4",1
"40410","virus_comp_3773_cycle_1_3",1
"40411","virus_comp_3775_cycle_1_2",1
"40412","virus_comp_3776_cycle_1_1",1
"40413","virus_comp_3779_cycle_1_1",1
"40414","virus_comp_3779_cycle_1_2",1
"40415","virus_comp_378_cycle_1_1",1
"40416","virus_comp_378_cycle_1_2",1
"40417","virus_comp_378_cycle_1_4",1
"40418","virus_comp_378_cycle_1_5",1
"40419","virus_comp_3780_cycle_1_1",1
"40420","virus_comp_3780_cycle_1_4",1
"40421","virus_comp_3780_cycle_1_5",1
"40422","virus_comp_3780_cycle_1_6",1
"40423","virus_comp_3783_cycle_1_1",1
"40424","virus_comp_3783_cycle_1_3",1
"40425","virus_comp_3784_cycle_1_1",1
"40426","virus_comp_3784_cycle_1_2",1
"40427","virus_comp_3784_cycle_1_3",1
"40428","virus_comp_3784_cycle_1_4",1
"40429","virus_comp_3789_cycle_1_1",1
"40430","virus_comp_3789_cycle_1_2",1
"40431","virus_comp_3789_cycle_1_3",1
"40432","virus_comp_3789_cycle_1_4",1
"40433","virus_comp_3791_cycle_1_1",1
"40434","virus_comp_3791_cycle_1_2",1
"40435","virus_comp_3791_cycle_1_3",1
"40436","virus_comp_3791_cycle_1_4",1
"40437","virus_comp_3791_cycle_1_5",1
"40438","virus_comp_3791_cycle_1_6",1
"40439","virus_comp_3791_cycle_1_7",1
"40440","virus_comp_3792_cycle_1_5",1
"40441","virus_comp_3793_cycle_1_1",1
"40442","virus_comp_3793_cycle_1_2",1
"40443","virus_comp_3793_cycle_1_3",1
"40444","virus_comp_3794_cycle_1_3",1
"40445","virus_comp_3794_cycle_1_4",1
"40446","virus_comp_3794_cycle_1_7",1
"40447","virus_comp_3795_cycle_1_1",1
"40448","virus_comp_3795_cycle_1_2",1
"40449","virus_comp_3795_cycle_1_3",1
"40450","virus_comp_3799_cycle_1_1",1
"40451","virus_comp_3799_cycle_1_2",1
"40452","virus_comp_3799_cycle_1_4",1
"40453","virus_comp_3806_cycle_1_3",1
"40454","virus_comp_3806_cycle_1_6",1
"40455","virus_comp_3807_cycle_1_6",1
"40456","virus_comp_3808_cycle_1_6",1
"40457","virus_comp_381_cycle_1_1",1
"40458","virus_comp_381_cycle_1_11",1
"40459","virus_comp_381_cycle_1_12",1
"40460","virus_comp_381_cycle_1_13",1
"40461","virus_comp_381_cycle_1_14",1
"40462","virus_comp_381_cycle_1_15",1
"40463","virus_comp_381_cycle_1_16",1
"40464","virus_comp_381_cycle_1_20",1
"40465","virus_comp_381_cycle_1_22",1
"40466","virus_comp_381_cycle_1_24",1
"40467","virus_comp_381_cycle_1_25",1
"40468","virus_comp_381_cycle_1_26",1
"40469","virus_comp_381_cycle_1_28",1
"40470","virus_comp_381_cycle_1_29",1
"40471","virus_comp_381_cycle_1_3",1
"40472","virus_comp_381_cycle_1_30",1
"40473","virus_comp_381_cycle_1_32",1
"40474","virus_comp_381_cycle_1_33",1
"40475","virus_comp_381_cycle_1_34",1
"40476","virus_comp_381_cycle_1_36",1
"40477","virus_comp_381_cycle_1_37",1
"40478","virus_comp_381_cycle_1_38",1
"40479","virus_comp_381_cycle_1_39",1
"40480","virus_comp_381_cycle_1_41",1
"40481","virus_comp_381_cycle_1_42",1
"40482","virus_comp_381_cycle_1_43",1
"40483","virus_comp_381_cycle_1_44",1
"40484","virus_comp_381_cycle_1_45",1
"40485","virus_comp_381_cycle_1_46",1
"40486","virus_comp_381_cycle_1_48",1
"40487","virus_comp_381_cycle_1_49",1
"40488","virus_comp_381_cycle_1_5",1
"40489","virus_comp_381_cycle_1_51",1
"40490","virus_comp_381_cycle_1_52",1
"40491","virus_comp_381_cycle_1_53",1
"40492","virus_comp_381_cycle_1_54",1
"40493","virus_comp_381_cycle_1_56",1
"40494","virus_comp_381_cycle_1_57",1
"40495","virus_comp_381_cycle_1_58",1
"40496","virus_comp_381_cycle_1_59",1
"40497","virus_comp_381_cycle_1_60",1
"40498","virus_comp_381_cycle_1_61",1
"40499","virus_comp_381_cycle_1_62",1
"40500","virus_comp_381_cycle_1_63",1
"40501","virus_comp_381_cycle_1_64",1
"40502","virus_comp_381_cycle_1_65",1
"40503","virus_comp_381_cycle_1_66",1
"40504","virus_comp_381_cycle_1_68",1
"40505","virus_comp_381_cycle_1_70",1
"40506","virus_comp_381_cycle_1_71",1
"40507","virus_comp_381_cycle_1_72",1
"40508","virus_comp_381_cycle_1_73",1
"40509","virus_comp_381_cycle_1_75",1
"40510","virus_comp_381_cycle_1_8",1
"40511","virus_comp_381_cycle_1_80",1
"40512","virus_comp_381_cycle_1_81",1
"40513","virus_comp_381_cycle_1_82",1
"40514","virus_comp_381_cycle_1_84",1
"40515","virus_comp_381_cycle_1_9",1
"40516","virus_comp_381_cycle_1_95",1
"40517","virus_comp_3811_cycle_1_1",1
"40518","virus_comp_3812_cycle_1_1",1
"40519","virus_comp_3812_cycle_1_2",1
"40520","virus_comp_3812_cycle_1_3",1
"40521","virus_comp_3812_cycle_1_4",1
"40522","virus_comp_3812_cycle_1_5",1
"40523","virus_comp_3813_cycle_1_4",1
"40524","virus_comp_3814_cycle_1_1",1
"40525","virus_comp_3814_cycle_1_3",1
"40526","virus_comp_3814_cycle_1_4",1
"40527","virus_comp_3815_cycle_1_1",1
"40528","virus_comp_3815_cycle_1_4",1
"40529","virus_comp_3815_cycle_1_6",1
"40530","virus_comp_3815_cycle_1_7",1
"40531","virus_comp_3816_cycle_1_2",1
"40532","virus_comp_3816_cycle_1_3",1
"40533","virus_comp_3816_cycle_1_4",1
"40534","virus_comp_3818_cycle_1_1",1
"40535","virus_comp_3818_cycle_1_2",1
"40536","virus_comp_3818_cycle_1_3",1
"40537","virus_comp_3820_cycle_1_2",1
"40538","virus_comp_3820_cycle_1_3",1
"40539","virus_comp_3820_cycle_1_6",1
"40540","virus_comp_3822_cycle_1_2",1
"40541","virus_comp_3822_cycle_1_3",1
"40542","virus_comp_3822_cycle_1_4",1
"40543","virus_comp_3822_cycle_1_5",1
"40544","virus_comp_3822_cycle_1_6",1
"40545","virus_comp_3822_cycle_1_7",1
"40546","virus_comp_3823_cycle_1_4",1
"40547","virus_comp_3825_cycle_1_1",1
"40548","virus_comp_3825_cycle_1_8",1
"40549","virus_comp_3825_cycle_1_9",1
"40550","virus_comp_3826_cycle_1_5",1
"40551","virus_comp_3826_cycle_1_7",1
"40552","virus_comp_3829_cycle_1_1",1
"40553","virus_comp_3829_cycle_1_2",1
"40554","virus_comp_3829_cycle_1_4",1
"40555","virus_comp_3829_cycle_1_5",1
"40556","virus_comp_3829_cycle_1_6",1
"40557","virus_comp_3829_cycle_1_7",1
"40558","virus_comp_3830_cycle_1_1",1
"40559","virus_comp_3830_cycle_1_10",1
"40560","virus_comp_3830_cycle_1_11",1
"40561","virus_comp_3830_cycle_1_12",1
"40562","virus_comp_3830_cycle_1_3",1
"40563","virus_comp_3830_cycle_1_4",1
"40564","virus_comp_3830_cycle_1_5",1
"40565","virus_comp_3830_cycle_1_6",1
"40566","virus_comp_3830_cycle_1_7",1
"40567","virus_comp_3830_cycle_1_8",1
"40568","virus_comp_3830_cycle_1_9",1
"40569","virus_comp_3831_cycle_1_1",1
"40570","virus_comp_3831_cycle_1_2",1
"40571","virus_comp_3831_cycle_1_3",1
"40572","virus_comp_3831_cycle_1_6",1
"40573","virus_comp_3832_cycle_1_8",1
"40574","virus_comp_3833_cycle_1_1",1
"40575","virus_comp_3833_cycle_1_2",1
"40576","virus_comp_3833_cycle_1_4",1
"40577","virus_comp_3833_cycle_1_5",1
"40578","virus_comp_3834_cycle_1_1",1
"40579","virus_comp_3834_cycle_1_2",1
"40580","virus_comp_3834_cycle_1_3",1
"40581","virus_comp_3835_cycle_1_1",1
"40582","virus_comp_3835_cycle_1_10",1
"40583","virus_comp_3835_cycle_1_11",1
"40584","virus_comp_3835_cycle_1_4",1
"40585","virus_comp_3835_cycle_1_5",1
"40586","virus_comp_3835_cycle_1_7",1
"40587","virus_comp_3835_cycle_1_8",1
"40588","virus_comp_3845_cycle_1_6",1
"40589","virus_comp_3846_cycle_1_1",1
"40590","virus_comp_3846_cycle_1_2",1
"40591","virus_comp_3846_cycle_1_3",1
"40592","virus_comp_3846_cycle_1_4",1
"40593","virus_comp_3846_cycle_1_5",1
"40594","virus_comp_3847_cycle_1_1",1
"40595","virus_comp_3847_cycle_1_2",1
"40596","virus_comp_3848_cycle_1_4",1
"40597","virus_comp_3848_cycle_1_5",1
"40598","virus_comp_3848_cycle_1_6",1
"40599","virus_comp_3857_cycle_1_1",1
"40600","virus_comp_3857_cycle_1_2",1
"40601","virus_comp_3857_cycle_1_3",1
"40602","virus_comp_3859_cycle_1_1",1
"40603","virus_comp_3859_cycle_1_2",1
"40604","virus_comp_3859_cycle_1_3",1
"40605","virus_comp_3861_cycle_1_1",1
"40606","virus_comp_3861_cycle_1_2",1
"40607","virus_comp_3861_cycle_1_3",1
"40608","virus_comp_3862_cycle_1_1",1
"40609","virus_comp_3862_cycle_1_2",1
"40610","virus_comp_3862_cycle_1_3",1
"40611","virus_comp_3862_cycle_1_5",1
"40612","virus_comp_3862_cycle_1_6",1
"40613","virus_comp_3862_cycle_1_7",1
"40614","virus_comp_3862_cycle_1_8",1
"40615","virus_comp_3862_cycle_1_9",1
"40616","virus_comp_3866_cycle_1_2",1
"40617","virus_comp_3866_cycle_1_4",1
"40618","virus_comp_3869_cycle_1_1",1
"40619","virus_comp_3870_cycle_1_3",1
"40620","virus_comp_3870_cycle_1_8",1
"40621","virus_comp_3876_cycle_1_2",1
"40622","virus_comp_3876_cycle_1_5",1
"40623","virus_comp_3876_cycle_1_6",1
"40624","virus_comp_3877_cycle_1_1",1
"40625","virus_comp_3877_cycle_1_3",1
"40626","virus_comp_3877_cycle_1_4",1
"40627","virus_comp_3880_cycle_1_8",1
"40628","virus_comp_3880_cycle_1_9",1
"40629","virus_comp_3882_cycle_1_6",1
"40630","virus_comp_3884_cycle_1_1",1
"40631","virus_comp_3884_cycle_1_2",1
"40632","virus_comp_3884_cycle_1_4",1
"40633","virus_comp_3884_cycle_1_5",1
"40634","virus_comp_3884_cycle_1_6",1
"40635","virus_comp_3886_cycle_1_1",1
"40636","virus_comp_3886_cycle_1_2",1
"40637","virus_comp_3886_cycle_1_3",1
"40638","virus_comp_3886_cycle_1_4",1
"40639","virus_comp_3886_cycle_1_5",1
"40640","virus_comp_3889_cycle_1_2",1
"40641","virus_comp_3889_cycle_1_3",1
"40642","virus_comp_3889_cycle_1_4",1
"40643","virus_comp_3889_cycle_1_5",1
"40644","virus_comp_3889_cycle_1_6",1
"40645","virus_comp_3890_cycle_1_1",1
"40646","virus_comp_3893_cycle_1_1",1
"40647","virus_comp_3893_cycle_1_2",1
"40648","virus_comp_3894_cycle_1_1",1
"40649","virus_comp_3894_cycle_1_2",1
"40650","virus_comp_3894_cycle_1_3",1
"40651","virus_comp_3894_cycle_1_4",1
"40652","virus_comp_3894_cycle_1_5",1
"40653","virus_comp_3894_cycle_1_6",1
"40654","virus_comp_3897_cycle_1_1",1
"40655","virus_comp_3897_cycle_1_2",1
"40656","virus_comp_3897_cycle_1_3",1
"40657","virus_comp_3897_cycle_1_4",1
"40658","virus_comp_3897_cycle_1_5",1
"40659","virus_comp_390_cycle_1_1",1
"40660","virus_comp_390_cycle_1_2",1
"40661","virus_comp_390_cycle_1_4",1
"40662","virus_comp_390_cycle_1_5",1
"40663","virus_comp_390_cycle_1_8",1
"40664","virus_comp_3900_cycle_1_2",1
"40665","virus_comp_3900_cycle_1_4",1
"40666","virus_comp_3900_cycle_1_5",1
"40667","virus_comp_3902_cycle_1_3",1
"40668","virus_comp_391_cycle_1_14",1
"40669","virus_comp_391_cycle_1_19",1
"40670","virus_comp_391_cycle_1_33",1
"40671","virus_comp_391_cycle_1_36",1
"40672","virus_comp_391_cycle_1_47",1
"40673","virus_comp_391_cycle_1_50",1
"40674","virus_comp_391_cycle_1_51",1
"40675","virus_comp_391_cycle_1_53",1
"40676","virus_comp_391_cycle_1_54",1
"40677","virus_comp_391_cycle_1_57",1
"40678","virus_comp_391_cycle_1_62",1
"40679","virus_comp_391_cycle_1_63",1
"40680","virus_comp_391_cycle_1_68",1
"40681","virus_comp_3916_cycle_1_2",1
"40682","virus_comp_3916_cycle_1_3",1
"40683","virus_comp_3916_cycle_1_4",1
"40684","virus_comp_3918_cycle_1_3",1
"40685","virus_comp_3918_cycle_1_5",1
"40686","virus_comp_3918_cycle_1_7",1
"40687","virus_comp_3924_cycle_1_1",1
"40688","virus_comp_3924_cycle_1_2",1
"40689","virus_comp_3924_cycle_1_3",1
"40690","virus_comp_3924_cycle_1_4",1
"40691","virus_comp_3924_cycle_1_5",1
"40692","virus_comp_3924_cycle_1_6",1
"40693","virus_comp_3924_cycle_1_7",1
"40694","virus_comp_3926_cycle_1_1",1
"40695","virus_comp_3926_cycle_1_10",1
"40696","virus_comp_3926_cycle_1_2",1
"40697","virus_comp_3926_cycle_1_3",1
"40698","virus_comp_3926_cycle_1_4",1
"40699","virus_comp_3926_cycle_1_5",1
"40700","virus_comp_3926_cycle_1_6",1
"40701","virus_comp_3926_cycle_1_7",1
"40702","virus_comp_3926_cycle_1_8",1
"40703","virus_comp_3926_cycle_1_9",1
"40704","virus_comp_3927_cycle_1_1",1
"40705","virus_comp_3927_cycle_1_2",1
"40706","virus_comp_3930_cycle_1_9",1
"40707","virus_comp_3933_cycle_1_4",1
"40708","virus_comp_3935_cycle_1_1",1
"40709","virus_comp_3935_cycle_1_5",1
"40710","virus_comp_3935_cycle_1_6",1
"40711","virus_comp_3939_cycle_1_1",1
"40712","virus_comp_3939_cycle_1_2",1
"40713","virus_comp_3939_cycle_1_3",1
"40714","virus_comp_3939_cycle_1_5",1
"40715","virus_comp_3940_cycle_1_1",1
"40716","virus_comp_3940_cycle_1_3",1
"40717","virus_comp_3940_cycle_1_4",1
"40718","virus_comp_3940_cycle_1_5",1
"40719","virus_comp_3940_cycle_1_6",1
"40720","virus_comp_3942_cycle_1_3",1
"40721","virus_comp_3942_cycle_1_4",1
"40722","virus_comp_3946_cycle_1_5",1
"40723","virus_comp_3947_cycle_1_1",1
"40724","virus_comp_3947_cycle_1_5",1
"40725","virus_comp_3948_cycle_1_1",1
"40726","virus_comp_3948_cycle_1_3",1
"40727","virus_comp_3948_cycle_1_5",1
"40728","virus_comp_3948_cycle_1_6",1
"40729","virus_comp_3948_cycle_1_8",1
"40730","virus_comp_3954_cycle_1_3",1
"40731","virus_comp_3954_cycle_1_5",1
"40732","virus_comp_3956_cycle_1_2",1
"40733","virus_comp_3956_cycle_1_5",1
"40734","virus_comp_3957_cycle_1_2",1
"40735","virus_comp_3957_cycle_1_3",1
"40736","virus_comp_396_cycle_1_1",1
"40737","virus_comp_3960_cycle_1_1",1
"40738","virus_comp_3960_cycle_1_2",1
"40739","virus_comp_3960_cycle_1_3",1
"40740","virus_comp_3961_cycle_1_6",1
"40741","virus_comp_3965_cycle_1_1",1
"40742","virus_comp_3965_cycle_1_3",1
"40743","virus_comp_3966_cycle_1_1",1
"40744","virus_comp_3966_cycle_1_2",1
"40745","virus_comp_3966_cycle_1_3",1
"40746","virus_comp_3966_cycle_1_4",1
"40747","virus_comp_3966_cycle_1_5",1
"40748","virus_comp_3975_cycle_1_1",1
"40749","virus_comp_3975_cycle_1_2",1
"40750","virus_comp_3975_cycle_1_3",1
"40751","virus_comp_3975_cycle_1_4",1
"40752","virus_comp_3976_cycle_1_3",1
"40753","virus_comp_3976_cycle_1_4",1
"40754","virus_comp_398_cycle_1_1",1
"40755","virus_comp_398_cycle_1_3",1
"40756","virus_comp_398_cycle_1_4",1
"40757","virus_comp_398_cycle_1_5",1
"40758","virus_comp_3981_cycle_1_1",1
"40759","virus_comp_3981_cycle_1_2",1
"40760","virus_comp_3981_cycle_1_3",1
"40761","virus_comp_3981_cycle_1_4",1
"40762","virus_comp_3982_cycle_1_1",1
"40763","virus_comp_3982_cycle_1_2",1
"40764","virus_comp_3982_cycle_1_3",1
"40765","virus_comp_3982_cycle_1_4",1
"40766","virus_comp_3982_cycle_1_5",1
"40767","virus_comp_3982_cycle_1_6",1
"40768","virus_comp_3983_cycle_1_1",1
"40769","virus_comp_3983_cycle_1_3",1
"40770","virus_comp_3983_cycle_1_4",1
"40771","virus_comp_3984_cycle_1_5",1
"40772","virus_comp_3986_cycle_1_5",1
"40773","virus_comp_3986_cycle_1_6",1
"40774","virus_comp_3986_cycle_1_8",1
"40775","virus_comp_3989_cycle_1_1",1
"40776","virus_comp_3992_cycle_1_1",1
"40777","virus_comp_3992_cycle_1_2",1
"40778","virus_comp_3992_cycle_1_4",1
"40779","virus_comp_3992_cycle_1_5",1
"40780","virus_comp_3992_cycle_1_6",1
"40781","virus_comp_3992_cycle_1_7",1
"40782","virus_comp_3996_cycle_1_2",1
"40783","virus_comp_3996_cycle_1_4",1
"40784","virus_comp_4_cycle_1_5",1
"40785","virus_comp_400_cycle_3_18",1
"40786","virus_comp_400_cycle_3_41",1
"40787","virus_comp_400_cycle_3_55",1
"40788","virus_comp_400_cycle_3_77",1
"40789","virus_comp_4002_cycle_1_1",1
"40790","virus_comp_4002_cycle_1_2",1
"40791","virus_comp_4002_cycle_1_3",1
"40792","virus_comp_4002_cycle_1_4",1
"40793","virus_comp_4002_cycle_1_6",1
"40794","virus_comp_4004_cycle_1_1",1
"40795","virus_comp_4004_cycle_1_3",1
"40796","virus_comp_4004_cycle_1_4",1
"40797","virus_comp_4004_cycle_1_5",1
"40798","virus_comp_4004_cycle_1_6",1
"40799","virus_comp_4004_cycle_1_7",1
"40800","virus_comp_4005_cycle_1_1",1
"40801","virus_comp_4005_cycle_1_2",1
"40802","virus_comp_4005_cycle_1_3",1
"40803","virus_comp_4007_cycle_1_1",1
"40804","virus_comp_4007_cycle_1_2",1
"40805","virus_comp_4011_cycle_1_8",1
"40806","virus_comp_4013_cycle_1_1",1
"40807","virus_comp_4013_cycle_1_4",1
"40808","virus_comp_4017_cycle_1_1",1
"40809","virus_comp_4017_cycle_1_2",1
"40810","virus_comp_4017_cycle_1_4",1
"40811","virus_comp_4018_cycle_1_1",1
"40812","virus_comp_4018_cycle_1_2",1
"40813","virus_comp_4018_cycle_1_3",1
"40814","virus_comp_4019_cycle_1_1",1
"40815","virus_comp_4019_cycle_1_2",1
"40816","virus_comp_4019_cycle_1_3",1
"40817","virus_comp_4019_cycle_1_4",1
"40818","virus_comp_4019_cycle_1_5",1
"40819","virus_comp_4019_cycle_1_7",1
"40820","virus_comp_4019_cycle_1_9",1
"40821","virus_comp_4025_cycle_1_1",1
"40822","virus_comp_4029_cycle_1_1",1
"40823","virus_comp_4029_cycle_1_4",1
"40824","virus_comp_403_cycle_1_1",1
"40825","virus_comp_403_cycle_1_2",1
"40826","virus_comp_403_cycle_1_3",1
"40827","virus_comp_4031_cycle_1_1",1
"40828","virus_comp_4031_cycle_1_2",1
"40829","virus_comp_4031_cycle_1_3",1
"40830","virus_comp_4031_cycle_1_4",1
"40831","virus_comp_4033_cycle_1_2",1
"40832","virus_comp_4033_cycle_1_3",1
"40833","virus_comp_4036_cycle_1_2",1
"40834","virus_comp_4036_cycle_1_3",1
"40835","virus_comp_4039_cycle_1_1",1
"40836","virus_comp_4039_cycle_1_2",1
"40837","virus_comp_4039_cycle_1_3",1
"40838","virus_comp_4039_cycle_1_4",1
"40839","virus_comp_4041_cycle_1_1",1
"40840","virus_comp_4041_cycle_1_2",1
"40841","virus_comp_4041_cycle_1_3",1
"40842","virus_comp_4041_cycle_1_5",1
"40843","virus_comp_4043_cycle_1_1",1
"40844","virus_comp_4043_cycle_1_2",1
"40845","virus_comp_4043_cycle_1_3",1
"40846","virus_comp_4045_cycle_1_4",1
"40847","virus_comp_4046_cycle_1_6",1
"40848","virus_comp_4048_cycle_1_5",1
"40849","virus_comp_4048_cycle_1_6",1
"40850","virus_comp_4049_cycle_1_2",1
"40851","virus_comp_4049_cycle_1_4",1
"40852","virus_comp_4049_cycle_1_6",1
"40853","virus_comp_405_cycle_1_6",1
"40854","virus_comp_4051_cycle_1_2",1
"40855","virus_comp_4051_cycle_1_3",1
"40856","virus_comp_4051_cycle_1_4",1
"40857","virus_comp_4053_cycle_1_1",1
"40858","virus_comp_4053_cycle_1_2",1
"40859","virus_comp_4053_cycle_1_3",1
"40860","virus_comp_4053_cycle_1_4",1
"40861","virus_comp_4060_cycle_1_1",1
"40862","virus_comp_4060_cycle_1_2",1
"40863","virus_comp_4060_cycle_1_3",1
"40864","virus_comp_4060_cycle_1_4",1
"40865","virus_comp_4064_cycle_1_1",1
"40866","virus_comp_4064_cycle_1_2",1
"40867","virus_comp_4064_cycle_1_3",1
"40868","virus_comp_4064_cycle_1_4",1
"40869","virus_comp_4064_cycle_1_5",1
"40870","virus_comp_4064_cycle_1_6",1
"40871","virus_comp_4067_cycle_1_4",1
"40872","virus_comp_4067_cycle_1_5",1
"40873","virus_comp_4067_cycle_1_6",1
"40874","virus_comp_4068_cycle_1_2",1
"40875","virus_comp_4068_cycle_1_3",1
"40876","virus_comp_4068_cycle_1_5",1
"40877","virus_comp_407_cycle_1_6",1
"40878","virus_comp_407_cycle_1_7",1
"40879","virus_comp_4080_cycle_1_1",1
"40880","virus_comp_4080_cycle_1_2",1
"40881","virus_comp_4080_cycle_1_3",1
"40882","virus_comp_4080_cycle_1_4",1
"40883","virus_comp_4080_cycle_1_5",1
"40884","virus_comp_4082_cycle_1_1",1
"40885","virus_comp_4082_cycle_1_3",1
"40886","virus_comp_4083_cycle_1_1",1
"40887","virus_comp_4083_cycle_1_2",1
"40888","virus_comp_4083_cycle_1_3",1
"40889","virus_comp_4083_cycle_1_4",1
"40890","virus_comp_4083_cycle_1_5",1
"40891","virus_comp_4088_cycle_1_1",1
"40892","virus_comp_4088_cycle_1_2",1
"40893","virus_comp_4088_cycle_1_3",1
"40894","virus_comp_4092_cycle_1_1",1
"40895","virus_comp_4092_cycle_1_3",1
"40896","virus_comp_4092_cycle_1_8",1
"40897","virus_comp_4093_cycle_1_4",1
"40898","virus_comp_4096_cycle_1_1",1
"40899","virus_comp_4098_cycle_1_1",1
"40900","virus_comp_4098_cycle_1_4",1
"40901","virus_comp_4098_cycle_1_7",1
"40902","virus_comp_410_cycle_1_10",1
"40903","virus_comp_410_cycle_1_11",1
"40904","virus_comp_410_cycle_1_12",1
"40905","virus_comp_410_cycle_1_13",1
"40906","virus_comp_410_cycle_1_18",1
"40907","virus_comp_410_cycle_1_19",1
"40908","virus_comp_410_cycle_1_5",1
"40909","virus_comp_410_cycle_1_6",1
"40910","virus_comp_410_cycle_1_9",1
"40911","virus_comp_4105_cycle_1_1",1
"40912","virus_comp_4105_cycle_1_3",1
"40913","virus_comp_4105_cycle_1_4",1
"40914","virus_comp_4106_cycle_1_1",1
"40915","virus_comp_4106_cycle_1_2",1
"40916","virus_comp_4106_cycle_1_4",1
"40917","virus_comp_4106_cycle_1_5",1
"40918","virus_comp_4106_cycle_1_6",1
"40919","virus_comp_4108_cycle_1_1",1
"40920","virus_comp_4108_cycle_1_2",1
"40921","virus_comp_4108_cycle_1_3",1
"40922","virus_comp_411_cycle_1_2",1
"40923","virus_comp_4110_cycle_1_5",1
"40924","virus_comp_4113_cycle_1_1",1
"40925","virus_comp_4113_cycle_1_2",1
"40926","virus_comp_4113_cycle_1_3",1
"40927","virus_comp_4113_cycle_1_4",1
"40928","virus_comp_4116_cycle_1_1",1
"40929","virus_comp_4116_cycle_1_2",1
"40930","virus_comp_4116_cycle_1_3",1
"40931","virus_comp_4116_cycle_1_4",1
"40932","virus_comp_4116_cycle_1_5",1
"40933","virus_comp_4117_cycle_1_1",1
"40934","virus_comp_4117_cycle_1_2",1
"40935","virus_comp_4117_cycle_1_4",1
"40936","virus_comp_4117_cycle_1_5",1
"40937","virus_comp_4117_cycle_1_7",1
"40938","virus_comp_4117_cycle_1_8",1
"40939","virus_comp_4118_cycle_1_2",1
"40940","virus_comp_4119_cycle_1_5",1
"40941","virus_comp_4121_cycle_1_1",1
"40942","virus_comp_4121_cycle_1_2",1
"40943","virus_comp_4121_cycle_1_4",1
"40944","virus_comp_4121_cycle_1_6",1
"40945","virus_comp_4125_cycle_1_1",1
"40946","virus_comp_4125_cycle_1_2",1
"40947","virus_comp_4125_cycle_1_3",1
"40948","virus_comp_4125_cycle_1_4",1
"40949","virus_comp_4126_cycle_1_1",1
"40950","virus_comp_4126_cycle_1_2",1
"40951","virus_comp_4131_cycle_1_1",1
"40952","virus_comp_4131_cycle_1_2",1
"40953","virus_comp_4131_cycle_1_3",1
"40954","virus_comp_4131_cycle_1_4",1
"40955","virus_comp_4132_cycle_1_2",1
"40956","virus_comp_4134_cycle_1_1",1
"40957","virus_comp_4148_cycle_1_1",1
"40958","virus_comp_415_cycle_1_11",1
"40959","virus_comp_415_cycle_1_12",1
"40960","virus_comp_415_cycle_1_13",1
"40961","virus_comp_415_cycle_1_14",1
"40962","virus_comp_415_cycle_1_15",1
"40963","virus_comp_415_cycle_1_16",1
"40964","virus_comp_415_cycle_1_17",1
"40965","virus_comp_415_cycle_1_60",1
"40966","virus_comp_4151_cycle_1_2",1
"40967","virus_comp_4151_cycle_1_3",1
"40968","virus_comp_4151_cycle_1_4",1
"40969","virus_comp_4151_cycle_1_5",1
"40970","virus_comp_4151_cycle_1_6",1
"40971","virus_comp_4152_cycle_1_1",1
"40972","virus_comp_4152_cycle_1_2",1
"40973","virus_comp_4154_cycle_1_2",1
"40974","virus_comp_4154_cycle_1_3",1
"40975","virus_comp_4154_cycle_1_4",1
"40976","virus_comp_4154_cycle_1_5",1
"40977","virus_comp_416_cycle_1_6",1
"40978","virus_comp_4164_cycle_1_1",1
"40979","virus_comp_4164_cycle_1_2",1
"40980","virus_comp_4164_cycle_1_3",1
"40981","virus_comp_4166_cycle_1_1",1
"40982","virus_comp_4166_cycle_1_3",1
"40983","virus_comp_4168_cycle_1_1",1
"40984","virus_comp_4168_cycle_1_2",1
"40985","virus_comp_4168_cycle_1_3",1
"40986","virus_comp_4168_cycle_1_4",1
"40987","virus_comp_4169_cycle_1_1",1
"40988","virus_comp_4169_cycle_1_2",1
"40989","virus_comp_4169_cycle_1_3",1
"40990","virus_comp_4169_cycle_1_4",1
"40991","virus_comp_417_cycle_1_31",1
"40992","virus_comp_4171_cycle_1_1",1
"40993","virus_comp_4173_cycle_1_1",1
"40994","virus_comp_4173_cycle_1_2",1
"40995","virus_comp_4173_cycle_1_3",1
"40996","virus_comp_4173_cycle_1_4",1
"40997","virus_comp_4173_cycle_1_5",1
"40998","virus_comp_4176_cycle_1_1",1
"40999","virus_comp_4176_cycle_1_2",1
"41000","virus_comp_4176_cycle_1_3",1
"41001","virus_comp_4176_cycle_1_4",1
"41002","virus_comp_4179_cycle_1_3",1
"41003","virus_comp_418_cycle_1_28",1
"41004","virus_comp_418_cycle_1_32",1
"41005","virus_comp_418_cycle_1_42",1
"41006","virus_comp_418_cycle_1_8",1
"41007","virus_comp_4180_cycle_1_2",1
"41008","virus_comp_4180_cycle_1_3",1
"41009","virus_comp_4181_cycle_1_1",1
"41010","virus_comp_4181_cycle_1_2",1
"41011","virus_comp_4181_cycle_1_3",1
"41012","virus_comp_4181_cycle_1_4",1
"41013","virus_comp_4182_cycle_1_1",1
"41014","virus_comp_4182_cycle_1_2",1
"41015","virus_comp_4182_cycle_1_3",1
"41016","virus_comp_4182_cycle_1_4",1
"41017","virus_comp_4184_cycle_1_1",1
"41018","virus_comp_4184_cycle_1_3",1
"41019","virus_comp_4184_cycle_1_5",1
"41020","virus_comp_4186_cycle_1_1",1
"41021","virus_comp_4186_cycle_1_2",1
"41022","virus_comp_4189_cycle_1_1",1
"41023","virus_comp_4189_cycle_1_2",1
"41024","virus_comp_4189_cycle_1_6",1
"41025","virus_comp_4191_cycle_1_1",1
"41026","virus_comp_4191_cycle_1_2",1
"41027","virus_comp_4191_cycle_1_4",1
"41028","virus_comp_4191_cycle_1_5",1
"41029","virus_comp_4192_cycle_1_2",1
"41030","virus_comp_4192_cycle_1_3",1
"41031","virus_comp_4195_cycle_1_1",1
"41032","virus_comp_4195_cycle_1_3",1
"41033","virus_comp_4195_cycle_1_6",1
"41034","virus_comp_4196_cycle_1_1",1
"41035","virus_comp_4196_cycle_1_2",1
"41036","virus_comp_4196_cycle_1_3",1
"41037","virus_comp_4196_cycle_1_4",1
"41038","virus_comp_4196_cycle_1_5",1
"41039","virus_comp_4197_cycle_1_1",1
"41040","virus_comp_4197_cycle_1_2",1
"41041","virus_comp_4197_cycle_1_3",1
"41042","virus_comp_4200_cycle_1_1",1
"41043","virus_comp_4200_cycle_1_4",1
"41044","virus_comp_4202_cycle_1_1",1
"41045","virus_comp_4202_cycle_1_2",1
"41046","virus_comp_4202_cycle_1_3",1
"41047","virus_comp_4202_cycle_1_4",1
"41048","virus_comp_4202_cycle_1_5",1
"41049","virus_comp_4202_cycle_1_6",1
"41050","virus_comp_4204_cycle_1_1",1
"41051","virus_comp_421_cycle_1_1",1
"41052","virus_comp_4212_cycle_1_1",1
"41053","virus_comp_4212_cycle_1_2",1
"41054","virus_comp_4212_cycle_1_3",1
"41055","virus_comp_4212_cycle_1_4",1
"41056","virus_comp_4212_cycle_1_5",1
"41057","virus_comp_4212_cycle_1_6",1
"41058","virus_comp_4212_cycle_1_7",1
"41059","virus_comp_4214_cycle_1_1",1
"41060","virus_comp_4214_cycle_1_2",1
"41061","virus_comp_4214_cycle_1_3",1
"41062","virus_comp_4215_cycle_1_1",1
"41063","virus_comp_4215_cycle_1_3",1
"41064","virus_comp_4216_cycle_1_1",1
"41065","virus_comp_4216_cycle_1_2",1
"41066","virus_comp_4216_cycle_1_3",1
"41067","virus_comp_4216_cycle_1_4",1
"41068","virus_comp_4216_cycle_1_5",1
"41069","virus_comp_4223_cycle_1_1",1
"41070","virus_comp_4223_cycle_1_3",1
"41071","virus_comp_4223_cycle_1_5",1
"41072","virus_comp_4226_cycle_1_1",1
"41073","virus_comp_4226_cycle_1_6",1
"41074","virus_comp_4226_cycle_1_7",1
"41075","virus_comp_423_cycle_1_2",1
"41076","virus_comp_4231_cycle_1_4",1
"41077","virus_comp_4231_cycle_1_5",1
"41078","virus_comp_4233_cycle_1_3",1
"41079","virus_comp_4233_cycle_1_4",1
"41080","virus_comp_4233_cycle_1_5",1
"41081","virus_comp_4237_cycle_1_1",1
"41082","virus_comp_4237_cycle_1_3",1
"41083","virus_comp_4238_cycle_1_2",1
"41084","virus_comp_4238_cycle_1_3",1
"41085","virus_comp_4245_cycle_1_1",1
"41086","virus_comp_4245_cycle_1_2",1
"41087","virus_comp_4252_cycle_1_1",1
"41088","virus_comp_4252_cycle_1_2",1
"41089","virus_comp_4252_cycle_1_3",1
"41090","virus_comp_4253_cycle_1_1",1
"41091","virus_comp_4253_cycle_1_2",1
"41092","virus_comp_4253_cycle_1_3",1
"41093","virus_comp_4263_cycle_1_2",1
"41094","virus_comp_4263_cycle_1_3",1
"41095","virus_comp_4263_cycle_1_4",1
"41096","virus_comp_4266_cycle_1_1",1
"41097","virus_comp_4266_cycle_1_2",1
"41098","virus_comp_4266_cycle_1_3",1
"41099","virus_comp_4266_cycle_1_4",1
"41100","virus_comp_4268_cycle_1_2",1
"41101","virus_comp_4271_cycle_1_1",1
"41102","virus_comp_4271_cycle_1_8",1
"41103","virus_comp_4273_cycle_1_1",1
"41104","virus_comp_4273_cycle_1_2",1
"41105","virus_comp_4273_cycle_1_3",1
"41106","virus_comp_4273_cycle_1_5",1
"41107","virus_comp_4273_cycle_1_6",1
"41108","virus_comp_4276_cycle_1_9",1
"41109","virus_comp_4278_cycle_1_6",1
"41110","virus_comp_4279_cycle_1_6",1
"41111","virus_comp_4279_cycle_1_7",1
"41112","virus_comp_4280_cycle_1_1",1
"41113","virus_comp_4280_cycle_1_2",1
"41114","virus_comp_4280_cycle_1_3",1
"41115","virus_comp_4281_cycle_1_1",1
"41116","virus_comp_4281_cycle_1_2",1
"41117","virus_comp_4281_cycle_1_3",1
"41118","virus_comp_4281_cycle_1_4",1
"41119","virus_comp_4289_cycle_1_1",1
"41120","virus_comp_4289_cycle_1_4",1
"41121","virus_comp_4293_cycle_1_3",1
"41122","virus_comp_4293_cycle_1_6",1
"41123","virus_comp_4293_cycle_1_9",1
"41124","virus_comp_4298_cycle_1_3",1
"41125","virus_comp_4299_cycle_1_1",1
"41126","virus_comp_4299_cycle_1_2",1
"41127","virus_comp_4299_cycle_1_4",1
"41128","virus_comp_4299_cycle_1_5",1
"41129","virus_comp_4303_cycle_1_1",1
"41130","virus_comp_4303_cycle_1_2",1
"41131","virus_comp_4303_cycle_1_3",1
"41132","virus_comp_4303_cycle_1_4",1
"41133","virus_comp_4303_cycle_1_5",1
"41134","virus_comp_4303_cycle_1_6",1
"41135","virus_comp_4304_cycle_1_5",1
"41136","virus_comp_4305_cycle_1_1",1
"41137","virus_comp_4305_cycle_1_2",1
"41138","virus_comp_4305_cycle_1_3",1
"41139","virus_comp_4307_cycle_1_1",1
"41140","virus_comp_4307_cycle_1_3",1
"41141","virus_comp_4307_cycle_1_5",1
"41142","virus_comp_4309_cycle_1_1",1
"41143","virus_comp_4312_cycle_1_3",1
"41144","virus_comp_4312_cycle_1_4",1
"41145","virus_comp_4312_cycle_1_6",1
"41146","virus_comp_4315_cycle_1_1",1
"41147","virus_comp_4315_cycle_1_2",1
"41148","virus_comp_4315_cycle_1_4",1
"41149","virus_comp_4319_cycle_1_1",1
"41150","virus_comp_4319_cycle_1_2",1
"41151","virus_comp_4319_cycle_1_3",1
"41152","virus_comp_4319_cycle_1_4",1
"41153","virus_comp_4319_cycle_1_5",1
"41154","virus_comp_4320_cycle_1_2",1
"41155","virus_comp_4320_cycle_1_3",1
"41156","virus_comp_4322_cycle_1_1",1
"41157","virus_comp_4322_cycle_1_3",1
"41158","virus_comp_4322_cycle_1_5",1
"41159","virus_comp_4322_cycle_1_6",1
"41160","virus_comp_4323_cycle_1_1",1
"41161","virus_comp_4325_cycle_1_1",1
"41162","virus_comp_4325_cycle_1_2",1
"41163","virus_comp_4325_cycle_1_3",1
"41164","virus_comp_4325_cycle_1_5",1
"41165","virus_comp_4325_cycle_1_6",1
"41166","virus_comp_433_cycle_1_17",1
"41167","virus_comp_433_cycle_1_21",1
"41168","virus_comp_433_cycle_1_46",1
"41169","virus_comp_4332_cycle_1_1",1
"41170","virus_comp_4332_cycle_1_3",1
"41171","virus_comp_4332_cycle_1_4",1
"41172","virus_comp_4332_cycle_1_5",1
"41173","virus_comp_4332_cycle_1_6",1
"41174","virus_comp_4339_cycle_1_10",1
"41175","virus_comp_4339_cycle_1_6",1
"41176","virus_comp_4339_cycle_1_8",1
"41177","virus_comp_434_cycle_1_1",1
"41178","virus_comp_434_cycle_1_11",1
"41179","virus_comp_434_cycle_1_12",1
"41180","virus_comp_434_cycle_1_2",1
"41181","virus_comp_4342_cycle_1_1",1
"41182","virus_comp_4342_cycle_1_2",1
"41183","virus_comp_4342_cycle_1_4",1
"41184","virus_comp_4343_cycle_1_2",1
"41185","virus_comp_4344_cycle_1_1",1
"41186","virus_comp_4344_cycle_1_3",1
"41187","virus_comp_4345_cycle_1_1",1
"41188","virus_comp_4345_cycle_1_2",1
"41189","virus_comp_4345_cycle_1_5",1
"41190","virus_comp_4345_cycle_1_6",1
"41191","virus_comp_4347_cycle_1_3",1
"41192","virus_comp_4349_cycle_1_5",1
"41193","virus_comp_4353_cycle_1_1",1
"41194","virus_comp_4353_cycle_1_2",1
"41195","virus_comp_4355_cycle_1_1",1
"41196","virus_comp_4358_cycle_1_1",1
"41197","virus_comp_4358_cycle_1_3",1
"41198","virus_comp_4358_cycle_1_4",1
"41199","virus_comp_4358_cycle_1_6",1
"41200","virus_comp_4360_cycle_1_3",1
"41201","virus_comp_4361_cycle_1_4",1
"41202","virus_comp_4369_cycle_1_1",1
"41203","virus_comp_4371_cycle_1_1",1
"41204","virus_comp_4371_cycle_1_3",1
"41205","virus_comp_4378_cycle_1_1",1
"41206","virus_comp_4379_cycle_1_7",1
"41207","virus_comp_4379_cycle_1_8",1
"41208","virus_comp_4381_cycle_1_1",1
"41209","virus_comp_4381_cycle_1_2",1
"41210","virus_comp_4381_cycle_1_3",1
"41211","virus_comp_4381_cycle_1_4",1
"41212","virus_comp_4381_cycle_1_5",1
"41213","virus_comp_4381_cycle_1_7",1
"41214","virus_comp_4381_cycle_1_8",1
"41215","virus_comp_4381_cycle_1_9",1
"41216","virus_comp_4383_cycle_1_1",1
"41217","virus_comp_4383_cycle_1_5",1
"41218","virus_comp_4383_cycle_1_6",1
"41219","virus_comp_4389_cycle_1_6",1
"41220","virus_comp_439_cycle_1_1",1
"41221","virus_comp_439_cycle_1_11",1
"41222","virus_comp_439_cycle_1_2",1
"41223","virus_comp_439_cycle_1_41",1
"41224","virus_comp_4394_cycle_1_1",1
"41225","virus_comp_4394_cycle_1_2",1
"41226","virus_comp_4394_cycle_1_3",1
"41227","virus_comp_4394_cycle_1_4",1
"41228","virus_comp_4394_cycle_1_5",1
"41229","virus_comp_4394_cycle_1_6",1
"41230","virus_comp_4394_cycle_1_8",1
"41231","virus_comp_4398_cycle_1_1",1
"41232","virus_comp_4398_cycle_1_2",1
"41233","virus_comp_4398_cycle_1_3",1
"41234","virus_comp_440_cycle_1_1",1
"41235","virus_comp_440_cycle_1_2",1
"41236","virus_comp_440_cycle_1_8",1
"41237","virus_comp_4400_cycle_1_1",1
"41238","virus_comp_4400_cycle_1_2",1
"41239","virus_comp_4401_cycle_1_2",1
"41240","virus_comp_4401_cycle_1_5",1
"41241","virus_comp_4402_cycle_1_1",1
"41242","virus_comp_4403_cycle_1_1",1
"41243","virus_comp_4403_cycle_1_2",1
"41244","virus_comp_4403_cycle_1_3",1
"41245","virus_comp_4403_cycle_1_4",1
"41246","virus_comp_4403_cycle_1_5",1
"41247","virus_comp_4406_cycle_1_4",1
"41248","virus_comp_4408_cycle_1_1",1
"41249","virus_comp_4408_cycle_1_2",1
"41250","virus_comp_4408_cycle_1_3",1
"41251","virus_comp_4408_cycle_1_4",1
"41252","virus_comp_4408_cycle_1_5",1
"41253","virus_comp_4408_cycle_1_6",1
"41254","virus_comp_4410_cycle_1_2",1
"41255","virus_comp_4410_cycle_1_4",1
"41256","virus_comp_4412_cycle_1_2",1
"41257","virus_comp_4412_cycle_1_3",1
"41258","virus_comp_4412_cycle_1_5",1
"41259","virus_comp_4416_cycle_1_1",1
"41260","virus_comp_4416_cycle_1_2",1
"41261","virus_comp_4416_cycle_1_6",1
"41262","virus_comp_4418_cycle_1_4",1
"41263","virus_comp_4418_cycle_1_5",1
"41264","virus_comp_442_cycle_1_3",1
"41265","virus_comp_442_cycle_1_58",1
"41266","virus_comp_4421_cycle_1_1",1
"41267","virus_comp_4421_cycle_1_2",1
"41268","virus_comp_4421_cycle_1_3",1
"41269","virus_comp_4421_cycle_1_4",1
"41270","virus_comp_4421_cycle_1_5",1
"41271","virus_comp_4421_cycle_1_6",1
"41272","virus_comp_4421_cycle_1_7",1
"41273","virus_comp_4421_cycle_1_8",1
"41274","virus_comp_4423_cycle_1_1",1
"41275","virus_comp_4423_cycle_1_2",1
"41276","virus_comp_4423_cycle_1_3",1
"41277","virus_comp_4423_cycle_1_4",1
"41278","virus_comp_443_cycle_1_6",1
"41279","virus_comp_4430_cycle_1_1",1
"41280","virus_comp_4430_cycle_1_2",1
"41281","virus_comp_4430_cycle_1_3",1
"41282","virus_comp_4430_cycle_1_5",1
"41283","virus_comp_4430_cycle_1_7",1
"41284","virus_comp_4432_cycle_1_1",1
"41285","virus_comp_4432_cycle_1_5",1
"41286","virus_comp_4444_cycle_1_1",1
"41287","virus_comp_4444_cycle_1_2",1
"41288","virus_comp_4444_cycle_1_3",1
"41289","virus_comp_4444_cycle_1_4",1
"41290","virus_comp_4446_cycle_1_1",1
"41291","virus_comp_4446_cycle_1_2",1
"41292","virus_comp_4446_cycle_1_7",1
"41293","virus_comp_445_cycle_1_5",1
"41294","virus_comp_4451_cycle_1_1",1
"41295","virus_comp_4451_cycle_1_3",1
"41296","virus_comp_4451_cycle_1_4",1
"41297","virus_comp_4451_cycle_1_6",1
"41298","virus_comp_4451_cycle_1_7",1
"41299","virus_comp_4458_cycle_1_1",1
"41300","virus_comp_4458_cycle_1_2",1
"41301","virus_comp_4458_cycle_1_3",1
"41302","virus_comp_4458_cycle_1_4",1
"41303","virus_comp_4458_cycle_1_5",1
"41304","virus_comp_4458_cycle_1_6",1
"41305","virus_comp_4458_cycle_1_7",1
"41306","virus_comp_4458_cycle_1_8",1
"41307","virus_comp_4458_cycle_1_9",1
"41308","virus_comp_446_cycle_1_1",1
"41309","virus_comp_446_cycle_1_10",1
"41310","virus_comp_446_cycle_1_14",1
"41311","virus_comp_446_cycle_1_15",1
"41312","virus_comp_446_cycle_1_3",1
"41313","virus_comp_446_cycle_1_8",1
"41314","virus_comp_446_cycle_1_9",1
"41315","virus_comp_4462_cycle_1_1",1
"41316","virus_comp_4462_cycle_1_2",1
"41317","virus_comp_4462_cycle_1_3",1
"41318","virus_comp_4462_cycle_1_4",1
"41319","virus_comp_4462_cycle_1_5",1
"41320","virus_comp_4462_cycle_1_6",1
"41321","virus_comp_4463_cycle_1_1",1
"41322","virus_comp_4463_cycle_1_2",1
"41323","virus_comp_4463_cycle_1_6",1
"41324","virus_comp_4464_cycle_1_5",1
"41325","virus_comp_4466_cycle_1_7",1
"41326","virus_comp_4472_cycle_1_1",1
"41327","virus_comp_4472_cycle_1_2",1
"41328","virus_comp_4472_cycle_1_3",1
"41329","virus_comp_4472_cycle_1_5",1
"41330","virus_comp_4474_cycle_1_1",1
"41331","virus_comp_4474_cycle_1_2",1
"41332","virus_comp_4474_cycle_1_3",1
"41333","virus_comp_4474_cycle_1_4",1
"41334","virus_comp_4474_cycle_1_5",1
"41335","virus_comp_4474_cycle_1_6",1
"41336","virus_comp_4474_cycle_1_7",1
"41337","virus_comp_4477_cycle_1_2",1
"41338","virus_comp_4478_cycle_1_1",1
"41339","virus_comp_4478_cycle_1_2",1
"41340","virus_comp_4478_cycle_1_3",1
"41341","virus_comp_448_cycle_1_1",1
"41342","virus_comp_448_cycle_1_16",1
"41343","virus_comp_448_cycle_1_19",1
"41344","virus_comp_448_cycle_1_27",1
"41345","virus_comp_448_cycle_1_28",1
"41346","virus_comp_448_cycle_1_29",1
"41347","virus_comp_448_cycle_1_3",1
"41348","virus_comp_448_cycle_1_31",1
"41349","virus_comp_448_cycle_1_41",1
"41350","virus_comp_448_cycle_1_58",1
"41351","virus_comp_448_cycle_1_59",1
"41352","virus_comp_448_cycle_1_63",1
"41353","virus_comp_448_cycle_1_65",1
"41354","virus_comp_448_cycle_1_71",1
"41355","virus_comp_448_cycle_1_74",1
"41356","virus_comp_448_cycle_1_77",1
"41357","virus_comp_448_cycle_1_78",1
"41358","virus_comp_448_cycle_1_79",1
"41359","virus_comp_448_cycle_1_80",1
"41360","virus_comp_448_cycle_1_81",1
"41361","virus_comp_448_cycle_1_82",1
"41362","virus_comp_448_cycle_1_84",1
"41363","virus_comp_4481_cycle_1_4",1
"41364","virus_comp_4484_cycle_1_1",1
"41365","virus_comp_4484_cycle_1_2",1
"41366","virus_comp_4484_cycle_1_3",1
"41367","virus_comp_4484_cycle_1_4",1
"41368","virus_comp_4484_cycle_1_5",1
"41369","virus_comp_4484_cycle_1_6",1
"41370","virus_comp_4484_cycle_1_7",1
"41371","virus_comp_4484_cycle_1_8",1
"41372","virus_comp_4487_cycle_1_1",1
"41373","virus_comp_4487_cycle_1_4",1
"41374","virus_comp_4494_cycle_1_1",1
"41375","virus_comp_4494_cycle_1_2",1
"41376","virus_comp_4496_cycle_1_2",1
"41377","virus_comp_4500_cycle_1_4",1
"41378","virus_comp_4502_cycle_1_2",1
"41379","virus_comp_4502_cycle_1_3",1
"41380","virus_comp_4509_cycle_1_1",1
"41381","virus_comp_4509_cycle_1_2",1
"41382","virus_comp_451_cycle_1_3",1
"41383","virus_comp_451_cycle_1_4",1
"41384","virus_comp_451_cycle_1_5",1
"41385","virus_comp_451_cycle_1_6",1
"41386","virus_comp_4510_cycle_1_1",1
"41387","virus_comp_4510_cycle_1_2",1
"41388","virus_comp_4518_cycle_1_1",1
"41389","virus_comp_4518_cycle_1_4",1
"41390","virus_comp_4521_cycle_1_1",1
"41391","virus_comp_4521_cycle_1_4",1
"41392","virus_comp_4521_cycle_1_6",1
"41393","virus_comp_4523_cycle_1_1",1
"41394","virus_comp_4523_cycle_1_2",1
"41395","virus_comp_4523_cycle_1_3",1
"41396","virus_comp_4523_cycle_1_5",1
"41397","virus_comp_4523_cycle_1_6",1
"41398","virus_comp_4523_cycle_1_7",1
"41399","virus_comp_4523_cycle_1_8",1
"41400","virus_comp_4525_cycle_1_4",1
"41401","virus_comp_4525_cycle_1_5",1
"41402","virus_comp_4526_cycle_1_1",1
"41403","virus_comp_4526_cycle_1_5",1
"41404","virus_comp_453_cycle_1_1",1
"41405","virus_comp_453_cycle_1_5",1
"41406","virus_comp_453_cycle_1_6",1
"41407","virus_comp_4531_cycle_1_2",1
"41408","virus_comp_4532_cycle_1_3",1
"41409","virus_comp_4537_cycle_1_3",1
"41410","virus_comp_4538_cycle_1_4",1
"41411","virus_comp_4538_cycle_1_5",1
"41412","virus_comp_4539_cycle_1_1",1
"41413","virus_comp_4539_cycle_1_2",1
"41414","virus_comp_4539_cycle_1_3",1
"41415","virus_comp_4539_cycle_1_4",1
"41416","virus_comp_4539_cycle_1_5",1
"41417","virus_comp_4539_cycle_1_6",1
"41418","virus_comp_4544_cycle_1_1",1
"41419","virus_comp_4544_cycle_1_2",1
"41420","virus_comp_4544_cycle_1_3",1
"41421","virus_comp_4548_cycle_1_3",1
"41422","virus_comp_4548_cycle_1_4",1
"41423","virus_comp_455_cycle_1_3",1
"41424","virus_comp_4558_cycle_1_1",1
"41425","virus_comp_4558_cycle_1_2",1
"41426","virus_comp_4558_cycle_1_3",1
"41427","virus_comp_4558_cycle_1_4",1
"41428","virus_comp_4558_cycle_1_5",1
"41429","virus_comp_4562_cycle_1_1",1
"41430","virus_comp_4562_cycle_1_2",1
"41431","virus_comp_4565_cycle_1_2",1
"41432","virus_comp_457_cycle_1_8",1
"41433","virus_comp_4572_cycle_1_1",1
"41434","virus_comp_4572_cycle_1_4",1
"41435","virus_comp_4572_cycle_1_5",1
"41436","virus_comp_4572_cycle_1_8",1
"41437","virus_comp_4573_cycle_1_1",1
"41438","virus_comp_4575_cycle_1_1",1
"41439","virus_comp_4575_cycle_1_2",1
"41440","virus_comp_4575_cycle_1_3",1
"41441","virus_comp_4575_cycle_1_4",1
"41442","virus_comp_4575_cycle_1_5",1
"41443","virus_comp_4575_cycle_1_6",1
"41444","virus_comp_4575_cycle_1_7",1
"41445","virus_comp_4582_cycle_1_1",1
"41446","virus_comp_4582_cycle_1_3",1
"41447","virus_comp_4582_cycle_1_4",1
"41448","virus_comp_4582_cycle_1_5",1
"41449","virus_comp_4582_cycle_1_6",1
"41450","virus_comp_4585_cycle_1_1",1
"41451","virus_comp_4585_cycle_1_5",1
"41452","virus_comp_4591_cycle_1_1",1
"41453","virus_comp_4595_cycle_1_4",1
"41454","virus_comp_4596_cycle_1_1",1
"41455","virus_comp_4596_cycle_1_2",1
"41456","virus_comp_4596_cycle_1_4",1
"41457","virus_comp_4597_cycle_1_1",1
"41458","virus_comp_4597_cycle_1_4",1
"41459","virus_comp_4597_cycle_1_7",1
"41460","virus_comp_4599_cycle_1_1",1
"41461","virus_comp_4599_cycle_1_2",1
"41462","virus_comp_4599_cycle_1_3",1
"41463","virus_comp_4599_cycle_1_4",1
"41464","virus_comp_460_cycle_1_1",1
"41465","virus_comp_460_cycle_1_14",1
"41466","virus_comp_460_cycle_1_15",1
"41467","virus_comp_460_cycle_1_16",1
"41468","virus_comp_460_cycle_1_19",1
"41469","virus_comp_460_cycle_1_2",1
"41470","virus_comp_460_cycle_1_20",1
"41471","virus_comp_460_cycle_1_21",1
"41472","virus_comp_460_cycle_1_22",1
"41473","virus_comp_460_cycle_1_24",1
"41474","virus_comp_460_cycle_1_25",1
"41475","virus_comp_460_cycle_1_26",1
"41476","virus_comp_460_cycle_1_27",1
"41477","virus_comp_460_cycle_1_28",1
"41478","virus_comp_460_cycle_1_29",1
"41479","virus_comp_460_cycle_1_3",1
"41480","virus_comp_460_cycle_1_30",1
"41481","virus_comp_460_cycle_1_4",1
"41482","virus_comp_460_cycle_1_5",1
"41483","virus_comp_460_cycle_1_6",1
"41484","virus_comp_460_cycle_1_7",1
"41485","virus_comp_460_cycle_1_8",1
"41486","virus_comp_4603_cycle_1_2",1
"41487","virus_comp_4605_cycle_1_1",1
"41488","virus_comp_4606_cycle_1_1",1
"41489","virus_comp_4606_cycle_1_2",1
"41490","virus_comp_4606_cycle_1_4",1
"41491","virus_comp_4614_cycle_1_1",1
"41492","virus_comp_4614_cycle_1_2",1
"41493","virus_comp_4614_cycle_1_3",1
"41494","virus_comp_4614_cycle_1_5",1
"41495","virus_comp_4615_cycle_1_2",1
"41496","virus_comp_4615_cycle_1_3",1
"41497","virus_comp_4617_cycle_1_3",1
"41498","virus_comp_462_cycle_1_1",1
"41499","virus_comp_462_cycle_1_14",1
"41500","virus_comp_462_cycle_1_17",1
"41501","virus_comp_462_cycle_1_18",1
"41502","virus_comp_462_cycle_1_19",1
"41503","virus_comp_462_cycle_1_2",1
"41504","virus_comp_462_cycle_1_20",1
"41505","virus_comp_462_cycle_1_22",1
"41506","virus_comp_462_cycle_1_23",1
"41507","virus_comp_462_cycle_1_24",1
"41508","virus_comp_462_cycle_1_25",1
"41509","virus_comp_462_cycle_1_26",1
"41510","virus_comp_462_cycle_1_3",1
"41511","virus_comp_462_cycle_1_7",1
"41512","virus_comp_4621_cycle_1_1",1
"41513","virus_comp_4621_cycle_1_6",1
"41514","virus_comp_4622_cycle_1_2",1
"41515","virus_comp_4622_cycle_1_3",1
"41516","virus_comp_4622_cycle_1_4",1
"41517","virus_comp_4622_cycle_1_6",1
"41518","virus_comp_4626_cycle_1_1",1
"41519","virus_comp_4626_cycle_1_4",1
"41520","virus_comp_4626_cycle_1_5",1
"41521","virus_comp_4626_cycle_1_6",1
"41522","virus_comp_463_cycle_1_4",1
"41523","virus_comp_4631_cycle_1_1",1
"41524","virus_comp_4631_cycle_1_2",1
"41525","virus_comp_4631_cycle_1_3",1
"41526","virus_comp_4631_cycle_1_4",1
"41527","virus_comp_4631_cycle_1_5",1
"41528","virus_comp_4631_cycle_1_6",1
"41529","virus_comp_4631_cycle_1_7",1
"41530","virus_comp_4632_cycle_1_6",1
"41531","virus_comp_4635_cycle_1_1",1
"41532","virus_comp_4635_cycle_1_2",1
"41533","virus_comp_4635_cycle_1_3",1
"41534","virus_comp_4635_cycle_1_4",1
"41535","virus_comp_4637_cycle_1_1",1
"41536","virus_comp_4637_cycle_1_2",1
"41537","virus_comp_4639_cycle_1_1",1
"41538","virus_comp_4639_cycle_1_2",1
"41539","virus_comp_4639_cycle_1_3",1
"41540","virus_comp_4639_cycle_1_4",1
"41541","virus_comp_4639_cycle_1_5",1
"41542","virus_comp_464_cycle_1_1",1
"41543","virus_comp_464_cycle_1_2",1
"41544","virus_comp_464_cycle_1_26",1
"41545","virus_comp_464_cycle_1_27",1
"41546","virus_comp_464_cycle_1_28",1
"41547","virus_comp_464_cycle_1_3",1
"41548","virus_comp_464_cycle_1_35",1
"41549","virus_comp_464_cycle_1_36",1
"41550","virus_comp_464_cycle_1_38",1
"41551","virus_comp_464_cycle_1_42",1
"41552","virus_comp_464_cycle_1_6",1
"41553","virus_comp_464_cycle_1_63",1
"41554","virus_comp_464_cycle_1_64",1
"41555","virus_comp_464_cycle_1_7",1
"41556","virus_comp_464_cycle_1_72",1
"41557","virus_comp_464_cycle_1_75",1
"41558","virus_comp_464_cycle_1_76",1
"41559","virus_comp_464_cycle_1_77",1
"41560","virus_comp_464_cycle_1_78",1
"41561","virus_comp_464_cycle_1_80",1
"41562","virus_comp_464_cycle_1_81",1
"41563","virus_comp_464_cycle_1_82",1
"41564","virus_comp_464_cycle_1_83",1
"41565","virus_comp_464_cycle_1_84",1
"41566","virus_comp_4645_cycle_1_1",1
"41567","virus_comp_4645_cycle_1_3",1
"41568","virus_comp_4652_cycle_1_1",1
"41569","virus_comp_4652_cycle_1_2",1
"41570","virus_comp_4652_cycle_1_3",1
"41571","virus_comp_4655_cycle_1_1",1
"41572","virus_comp_4655_cycle_1_2",1
"41573","virus_comp_4655_cycle_1_3",1
"41574","virus_comp_4655_cycle_1_5",1
"41575","virus_comp_4655_cycle_1_6",1
"41576","virus_comp_4658_cycle_1_1",1
"41577","virus_comp_466_cycle_1_1",1
"41578","virus_comp_466_cycle_1_4",1
"41579","virus_comp_4662_cycle_1_1",1
"41580","virus_comp_4662_cycle_1_2",1
"41581","virus_comp_4662_cycle_1_3",1
"41582","virus_comp_4670_cycle_1_2",1
"41583","virus_comp_4670_cycle_1_3",1
"41584","virus_comp_4670_cycle_1_4",1
"41585","virus_comp_4670_cycle_1_5",1
"41586","virus_comp_4670_cycle_1_6",1
"41587","virus_comp_4674_cycle_1_1",1
"41588","virus_comp_4681_cycle_1_2",1
"41589","virus_comp_4681_cycle_1_3",1
"41590","virus_comp_4681_cycle_1_4",1
"41591","virus_comp_4684_cycle_1_1",1
"41592","virus_comp_4687_cycle_1_1",1
"41593","virus_comp_4687_cycle_1_2",1
"41594","virus_comp_4687_cycle_1_3",1
"41595","virus_comp_4687_cycle_1_4",1
"41596","virus_comp_4688_cycle_1_5",1
"41597","virus_comp_4690_cycle_1_1",1
"41598","virus_comp_4692_cycle_1_1",1
"41599","virus_comp_4692_cycle_1_2",1
"41600","virus_comp_4696_cycle_1_1",1
"41601","virus_comp_4696_cycle_1_2",1
"41602","virus_comp_4696_cycle_1_3",1
"41603","virus_comp_4698_cycle_1_3",1
"41604","virus_comp_4698_cycle_1_5",1
"41605","virus_comp_4698_cycle_1_7",1
"41606","virus_comp_4701_cycle_1_1",1
"41607","virus_comp_4701_cycle_1_2",1
"41608","virus_comp_4701_cycle_1_3",1
"41609","virus_comp_4701_cycle_1_4",1
"41610","virus_comp_4701_cycle_1_5",1
"41611","virus_comp_4706_cycle_1_1",1
"41612","virus_comp_4706_cycle_1_2",1
"41613","virus_comp_4706_cycle_1_5",1
"41614","virus_comp_4706_cycle_1_6",1
"41615","virus_comp_472_cycle_1_11",1
"41616","virus_comp_472_cycle_1_12",1
"41617","virus_comp_472_cycle_1_13",1
"41618","virus_comp_472_cycle_1_18",1
"41619","virus_comp_472_cycle_1_2",1
"41620","virus_comp_472_cycle_1_3",1
"41621","virus_comp_472_cycle_1_4",1
"41622","virus_comp_4727_cycle_1_2",1
"41623","virus_comp_4727_cycle_1_3",1
"41624","virus_comp_4727_cycle_1_4",1
"41625","virus_comp_4734_cycle_1_1",1
"41626","virus_comp_4734_cycle_1_2",1
"41627","virus_comp_4734_cycle_1_3",1
"41628","virus_comp_4734_cycle_1_4",1
"41629","virus_comp_4735_cycle_1_1",1
"41630","virus_comp_4735_cycle_1_2",1
"41631","virus_comp_4735_cycle_1_3",1
"41632","virus_comp_4735_cycle_1_4",1
"41633","virus_comp_4735_cycle_1_5",1
"41634","virus_comp_4735_cycle_1_6",1
"41635","virus_comp_4735_cycle_1_8",1
"41636","virus_comp_4737_cycle_1_3",1
"41637","virus_comp_4737_cycle_1_4",1
"41638","virus_comp_4738_cycle_1_4",1
"41639","virus_comp_4738_cycle_1_5",1
"41640","virus_comp_4742_cycle_1_1",1
"41641","virus_comp_4742_cycle_1_2",1
"41642","virus_comp_4744_cycle_1_3",1
"41643","virus_comp_4749_cycle_1_1",1
"41644","virus_comp_4749_cycle_1_2",1
"41645","virus_comp_4749_cycle_1_3",1
"41646","virus_comp_4749_cycle_1_4",1
"41647","virus_comp_4749_cycle_1_6",1
"41648","virus_comp_475_cycle_1_33",1
"41649","virus_comp_475_cycle_1_34",1
"41650","virus_comp_475_cycle_1_44",1
"41651","virus_comp_475_cycle_1_45",1
"41652","virus_comp_475_cycle_1_51",1
"41653","virus_comp_475_cycle_1_56",1
"41654","virus_comp_475_cycle_1_57",1
"41655","virus_comp_475_cycle_1_58",1
"41656","virus_comp_475_cycle_1_60",1
"41657","virus_comp_475_cycle_1_61",1
"41658","virus_comp_475_cycle_1_62",1
"41659","virus_comp_475_cycle_1_64",1
"41660","virus_comp_475_cycle_1_65",1
"41661","virus_comp_475_cycle_1_90",1
"41662","virus_comp_4750_cycle_1_3",1
"41663","virus_comp_4750_cycle_1_4",1
"41664","virus_comp_4751_cycle_1_5",1
"41665","virus_comp_4753_cycle_1_1",1
"41666","virus_comp_4753_cycle_1_2",1
"41667","virus_comp_4753_cycle_1_4",1
"41668","virus_comp_4755_cycle_1_1",1
"41669","virus_comp_4755_cycle_1_2",1
"41670","virus_comp_4755_cycle_1_3",1
"41671","virus_comp_4759_cycle_1_1",1
"41672","virus_comp_4759_cycle_1_2",1
"41673","virus_comp_476_cycle_1_2",1
"41674","virus_comp_476_cycle_1_3",1
"41675","virus_comp_4760_cycle_1_1",1
"41676","virus_comp_4760_cycle_1_5",1
"41677","virus_comp_4763_cycle_1_5",1
"41678","virus_comp_4764_cycle_1_1",1
"41679","virus_comp_4764_cycle_1_2",1
"41680","virus_comp_4764_cycle_1_3",1
"41681","virus_comp_4764_cycle_1_4",1
"41682","virus_comp_4764_cycle_1_5",1
"41683","virus_comp_4768_cycle_1_1",1
"41684","virus_comp_4769_cycle_1_1",1
"41685","virus_comp_4769_cycle_1_2",1
"41686","virus_comp_4769_cycle_1_4",1
"41687","virus_comp_4769_cycle_1_6",1
"41688","virus_comp_4771_cycle_1_1",1
"41689","virus_comp_4771_cycle_1_2",1
"41690","virus_comp_4771_cycle_1_6",1
"41691","virus_comp_4772_cycle_1_4",1
"41692","virus_comp_4774_cycle_1_3",1
"41693","virus_comp_4776_cycle_1_5",1
"41694","virus_comp_4778_cycle_1_1",1
"41695","virus_comp_4778_cycle_1_3",1
"41696","virus_comp_4778_cycle_1_4",1
"41697","virus_comp_4778_cycle_1_5",1
"41698","virus_comp_4778_cycle_1_6",1
"41699","virus_comp_4778_cycle_1_7",1
"41700","virus_comp_4779_cycle_1_4",1
"41701","virus_comp_478_cycle_1_1",1
"41702","virus_comp_478_cycle_1_13",1
"41703","virus_comp_478_cycle_1_16",1
"41704","virus_comp_478_cycle_1_17",1
"41705","virus_comp_478_cycle_1_18",1
"41706","virus_comp_478_cycle_1_19",1
"41707","virus_comp_478_cycle_1_21",1
"41708","virus_comp_478_cycle_1_22",1
"41709","virus_comp_478_cycle_1_24",1
"41710","virus_comp_478_cycle_1_32",1
"41711","virus_comp_478_cycle_1_4",1
"41712","virus_comp_478_cycle_1_6",1
"41713","virus_comp_478_cycle_1_8",1
"41714","virus_comp_479_cycle_1_25",1
"41715","virus_comp_4796_cycle_1_1",1
"41716","virus_comp_4797_cycle_1_1",1
"41717","virus_comp_4797_cycle_1_4",1
"41718","virus_comp_480_cycle_1_11",1
"41719","virus_comp_4800_cycle_1_3",1
"41720","virus_comp_4802_cycle_1_1",1
"41721","virus_comp_4802_cycle_1_4",1
"41722","virus_comp_4806_cycle_1_1",1
"41723","virus_comp_4806_cycle_1_2",1
"41724","virus_comp_4806_cycle_1_3",1
"41725","virus_comp_4806_cycle_1_4",1
"41726","virus_comp_4814_cycle_1_2",1
"41727","virus_comp_4814_cycle_1_3",1
"41728","virus_comp_4814_cycle_1_5",1
"41729","virus_comp_4814_cycle_1_7",1
"41730","virus_comp_4815_cycle_1_1",1
"41731","virus_comp_4815_cycle_1_2",1
"41732","virus_comp_4815_cycle_1_4",1
"41733","virus_comp_4815_cycle_1_5",1
"41734","virus_comp_4820_cycle_1_1",1
"41735","virus_comp_4820_cycle_1_2",1
"41736","virus_comp_4820_cycle_1_3",1
"41737","virus_comp_4820_cycle_1_4",1
"41738","virus_comp_4822_cycle_1_4",1
"41739","virus_comp_4823_cycle_1_1",1
"41740","virus_comp_4823_cycle_1_2",1
"41741","virus_comp_4823_cycle_1_3",1
"41742","virus_comp_4823_cycle_1_4",1
"41743","virus_comp_4827_cycle_1_1",1
"41744","virus_comp_4827_cycle_1_4",1
"41745","virus_comp_4835_cycle_1_1",1
"41746","virus_comp_4835_cycle_1_2",1
"41747","virus_comp_4835_cycle_1_3",1
"41748","virus_comp_4835_cycle_1_4",1
"41749","virus_comp_4835_cycle_1_6",1
"41750","virus_comp_4841_cycle_1_2",1
"41751","virus_comp_4841_cycle_1_3",1
"41752","virus_comp_4841_cycle_1_4",1
"41753","virus_comp_4841_cycle_1_5",1
"41754","virus_comp_4841_cycle_1_6",1
"41755","virus_comp_4841_cycle_1_7",1
"41756","virus_comp_4842_cycle_1_1",1
"41757","virus_comp_4842_cycle_1_2",1
"41758","virus_comp_4842_cycle_1_3",1
"41759","virus_comp_4842_cycle_1_4",1
"41760","virus_comp_4842_cycle_1_5",1
"41761","virus_comp_4845_cycle_1_1",1
"41762","virus_comp_4845_cycle_1_2",1
"41763","virus_comp_4845_cycle_1_3",1
"41764","virus_comp_4845_cycle_1_4",1
"41765","virus_comp_4849_cycle_1_2",1
"41766","virus_comp_4849_cycle_1_3",1
"41767","virus_comp_4849_cycle_1_4",1
"41768","virus_comp_4851_cycle_1_4",1
"41769","virus_comp_4855_cycle_1_1",1
"41770","virus_comp_4855_cycle_1_2",1
"41771","virus_comp_4855_cycle_1_3",1
"41772","virus_comp_4856_cycle_1_4",1
"41773","virus_comp_4856_cycle_1_5",1
"41774","virus_comp_486_cycle_1_1",1
"41775","virus_comp_486_cycle_1_10",1
"41776","virus_comp_486_cycle_1_11",1
"41777","virus_comp_486_cycle_1_12",1
"41778","virus_comp_486_cycle_1_13",1
"41779","virus_comp_486_cycle_1_14",1
"41780","virus_comp_486_cycle_1_15",1
"41781","virus_comp_486_cycle_1_16",1
"41782","virus_comp_486_cycle_1_17",1
"41783","virus_comp_486_cycle_1_19",1
"41784","virus_comp_486_cycle_1_2",1
"41785","virus_comp_486_cycle_1_20",1
"41786","virus_comp_486_cycle_1_21",1
"41787","virus_comp_486_cycle_1_22",1
"41788","virus_comp_486_cycle_1_23",1
"41789","virus_comp_486_cycle_1_24",1
"41790","virus_comp_486_cycle_1_25",1
"41791","virus_comp_486_cycle_1_26",1
"41792","virus_comp_486_cycle_1_27",1
"41793","virus_comp_486_cycle_1_28",1
"41794","virus_comp_486_cycle_1_29",1
"41795","virus_comp_486_cycle_1_3",1
"41796","virus_comp_486_cycle_1_30",1
"41797","virus_comp_486_cycle_1_31",1
"41798","virus_comp_486_cycle_1_32",1
"41799","virus_comp_486_cycle_1_33",1
"41800","virus_comp_486_cycle_1_34",1
"41801","virus_comp_486_cycle_1_35",1
"41802","virus_comp_486_cycle_1_36",1
"41803","virus_comp_486_cycle_1_37",1
"41804","virus_comp_486_cycle_1_38",1
"41805","virus_comp_486_cycle_1_39",1
"41806","virus_comp_486_cycle_1_4",1
"41807","virus_comp_486_cycle_1_40",1
"41808","virus_comp_486_cycle_1_41",1
"41809","virus_comp_486_cycle_1_42",1
"41810","virus_comp_486_cycle_1_43",1
"41811","virus_comp_486_cycle_1_44",1
"41812","virus_comp_486_cycle_1_45",1
"41813","virus_comp_486_cycle_1_46",1
"41814","virus_comp_486_cycle_1_47",1
"41815","virus_comp_486_cycle_1_48",1
"41816","virus_comp_486_cycle_1_49",1
"41817","virus_comp_486_cycle_1_5",1
"41818","virus_comp_486_cycle_1_50",1
"41819","virus_comp_486_cycle_1_51",1
"41820","virus_comp_486_cycle_1_52",1
"41821","virus_comp_486_cycle_1_53",1
"41822","virus_comp_486_cycle_1_54",1
"41823","virus_comp_486_cycle_1_55",1
"41824","virus_comp_486_cycle_1_56",1
"41825","virus_comp_486_cycle_1_57",1
"41826","virus_comp_486_cycle_1_58",1
"41827","virus_comp_486_cycle_1_59",1
"41828","virus_comp_486_cycle_1_6",1
"41829","virus_comp_486_cycle_1_60",1
"41830","virus_comp_486_cycle_1_61",1
"41831","virus_comp_486_cycle_1_62",1
"41832","virus_comp_486_cycle_1_63",1
"41833","virus_comp_486_cycle_1_64",1
"41834","virus_comp_486_cycle_1_65",1
"41835","virus_comp_486_cycle_1_66",1
"41836","virus_comp_486_cycle_1_67",1
"41837","virus_comp_486_cycle_1_68",1
"41838","virus_comp_486_cycle_1_69",1
"41839","virus_comp_486_cycle_1_7",1
"41840","virus_comp_486_cycle_1_70",1
"41841","virus_comp_486_cycle_1_71",1
"41842","virus_comp_486_cycle_1_72",1
"41843","virus_comp_486_cycle_1_73",1
"41844","virus_comp_486_cycle_1_74",1
"41845","virus_comp_486_cycle_1_75",1
"41846","virus_comp_486_cycle_1_76",1
"41847","virus_comp_486_cycle_1_77",1
"41848","virus_comp_486_cycle_1_8",1
"41849","virus_comp_486_cycle_1_9",1
"41850","virus_comp_4861_cycle_1_1",1
"41851","virus_comp_4861_cycle_1_2",1
"41852","virus_comp_4861_cycle_1_3",1
"41853","virus_comp_4861_cycle_1_4",1
"41854","virus_comp_4861_cycle_1_5",1
"41855","virus_comp_4861_cycle_1_6",1
"41856","virus_comp_4862_cycle_1_1",1
"41857","virus_comp_4862_cycle_1_2",1
"41858","virus_comp_4865_cycle_1_2",1
"41859","virus_comp_4865_cycle_1_3",1
"41860","virus_comp_4865_cycle_1_5",1
"41861","virus_comp_4868_cycle_1_1",1
"41862","virus_comp_4868_cycle_1_2",1
"41863","virus_comp_4868_cycle_1_3",1
"41864","virus_comp_4868_cycle_1_4",1
"41865","virus_comp_4869_cycle_1_1",1
"41866","virus_comp_4869_cycle_1_5",1
"41867","virus_comp_4874_cycle_1_1",1
"41868","virus_comp_4875_cycle_1_3",1
"41869","virus_comp_4875_cycle_1_5",1
"41870","virus_comp_4877_cycle_1_1",1
"41871","virus_comp_4877_cycle_1_2",1
"41872","virus_comp_4881_cycle_1_1",1
"41873","virus_comp_489_cycle_1_1",1
"41874","virus_comp_489_cycle_1_10",1
"41875","virus_comp_489_cycle_1_11",1
"41876","virus_comp_489_cycle_1_12",1
"41877","virus_comp_489_cycle_1_13",1
"41878","virus_comp_489_cycle_1_14",1
"41879","virus_comp_489_cycle_1_15",1
"41880","virus_comp_489_cycle_1_16",1
"41881","virus_comp_489_cycle_1_17",1
"41882","virus_comp_489_cycle_1_18",1
"41883","virus_comp_489_cycle_1_19",1
"41884","virus_comp_489_cycle_1_2",1
"41885","virus_comp_489_cycle_1_20",1
"41886","virus_comp_489_cycle_1_21",1
"41887","virus_comp_489_cycle_1_22",1
"41888","virus_comp_489_cycle_1_23",1
"41889","virus_comp_489_cycle_1_24",1
"41890","virus_comp_489_cycle_1_25",1
"41891","virus_comp_489_cycle_1_26",1
"41892","virus_comp_489_cycle_1_27",1
"41893","virus_comp_489_cycle_1_28",1
"41894","virus_comp_489_cycle_1_29",1
"41895","virus_comp_489_cycle_1_3",1
"41896","virus_comp_489_cycle_1_30",1
"41897","virus_comp_489_cycle_1_31",1
"41898","virus_comp_489_cycle_1_32",1
"41899","virus_comp_489_cycle_1_33",1
"41900","virus_comp_489_cycle_1_34",1
"41901","virus_comp_489_cycle_1_35",1
"41902","virus_comp_489_cycle_1_36",1
"41903","virus_comp_489_cycle_1_37",1
"41904","virus_comp_489_cycle_1_38",1
"41905","virus_comp_489_cycle_1_39",1
"41906","virus_comp_489_cycle_1_4",1
"41907","virus_comp_489_cycle_1_40",1
"41908","virus_comp_489_cycle_1_41",1
"41909","virus_comp_489_cycle_1_42",1
"41910","virus_comp_489_cycle_1_43",1
"41911","virus_comp_489_cycle_1_44",1
"41912","virus_comp_489_cycle_1_45",1
"41913","virus_comp_489_cycle_1_46",1
"41914","virus_comp_489_cycle_1_47",1
"41915","virus_comp_489_cycle_1_48",1
"41916","virus_comp_489_cycle_1_49",1
"41917","virus_comp_489_cycle_1_5",1
"41918","virus_comp_489_cycle_1_50",1
"41919","virus_comp_489_cycle_1_51",1
"41920","virus_comp_489_cycle_1_52",1
"41921","virus_comp_489_cycle_1_53",1
"41922","virus_comp_489_cycle_1_54",1
"41923","virus_comp_489_cycle_1_55",1
"41924","virus_comp_489_cycle_1_56",1
"41925","virus_comp_489_cycle_1_57",1
"41926","virus_comp_489_cycle_1_58",1
"41927","virus_comp_489_cycle_1_59",1
"41928","virus_comp_489_cycle_1_6",1
"41929","virus_comp_489_cycle_1_60",1
"41930","virus_comp_489_cycle_1_61",1
"41931","virus_comp_489_cycle_1_62",1
"41932","virus_comp_489_cycle_1_63",1
"41933","virus_comp_489_cycle_1_64",1
"41934","virus_comp_489_cycle_1_65",1
"41935","virus_comp_489_cycle_1_66",1
"41936","virus_comp_489_cycle_1_67",1
"41937","virus_comp_489_cycle_1_68",1
"41938","virus_comp_489_cycle_1_69",1
"41939","virus_comp_489_cycle_1_7",1
"41940","virus_comp_489_cycle_1_70",1
"41941","virus_comp_489_cycle_1_71",1
"41942","virus_comp_489_cycle_1_72",1
"41943","virus_comp_489_cycle_1_73",1
"41944","virus_comp_489_cycle_1_74",1
"41945","virus_comp_489_cycle_1_75",1
"41946","virus_comp_489_cycle_1_76",1
"41947","virus_comp_489_cycle_1_77",1
"41948","virus_comp_489_cycle_1_78",1
"41949","virus_comp_489_cycle_1_79",1
"41950","virus_comp_489_cycle_1_8",1
"41951","virus_comp_489_cycle_1_80",1
"41952","virus_comp_489_cycle_1_81",1
"41953","virus_comp_489_cycle_1_82",1
"41954","virus_comp_489_cycle_1_83",1
"41955","virus_comp_489_cycle_1_9",1
"41956","virus_comp_4892_cycle_1_1",1
"41957","virus_comp_4892_cycle_1_2",1
"41958","virus_comp_4897_cycle_1_4",1
"41959","virus_comp_490_cycle_1_1",1
"41960","virus_comp_4905_cycle_1_2",1
"41961","virus_comp_4905_cycle_1_3",1
"41962","virus_comp_4905_cycle_1_4",1
"41963","virus_comp_4905_cycle_1_5",1
"41964","virus_comp_4905_cycle_1_6",1
"41965","virus_comp_4906_cycle_1_1",1
"41966","virus_comp_4906_cycle_1_2",1
"41967","virus_comp_4906_cycle_1_3",1
"41968","virus_comp_4906_cycle_1_4",1
"41969","virus_comp_4906_cycle_1_5",1
"41970","virus_comp_4906_cycle_1_7",1
"41971","virus_comp_4909_cycle_1_2",1
"41972","virus_comp_4909_cycle_1_3",1
"41973","virus_comp_4909_cycle_1_4",1
"41974","virus_comp_4910_cycle_1_1",1
"41975","virus_comp_4910_cycle_1_2",1
"41976","virus_comp_4910_cycle_1_3",1
"41977","virus_comp_4910_cycle_1_4",1
"41978","virus_comp_4910_cycle_1_5",1
"41979","virus_comp_4910_cycle_1_6",1
"41980","virus_comp_4912_cycle_1_1",1
"41981","virus_comp_4913_cycle_1_2",1
"41982","virus_comp_492_cycle_1_1",1
"41983","virus_comp_492_cycle_1_10",1
"41984","virus_comp_492_cycle_1_11",1
"41985","virus_comp_492_cycle_1_12",1
"41986","virus_comp_492_cycle_1_13",1
"41987","virus_comp_492_cycle_1_14",1
"41988","virus_comp_492_cycle_1_15",1
"41989","virus_comp_492_cycle_1_16",1
"41990","virus_comp_492_cycle_1_17",1
"41991","virus_comp_492_cycle_1_2",1
"41992","virus_comp_492_cycle_1_4",1
"41993","virus_comp_492_cycle_1_5",1
"41994","virus_comp_492_cycle_1_6",1
"41995","virus_comp_492_cycle_1_7",1
"41996","virus_comp_492_cycle_1_8",1
"41997","virus_comp_492_cycle_1_9",1
"41998","virus_comp_4924_cycle_1_3",1
"41999","virus_comp_4924_cycle_1_5",1
"42000","virus_comp_4926_cycle_1_2",1
"42001","virus_comp_4926_cycle_1_3",1
"42002","virus_comp_4926_cycle_1_4",1
"42003","virus_comp_493_cycle_1_10",1
"42004","virus_comp_493_cycle_1_11",1
"42005","virus_comp_493_cycle_1_13",1
"42006","virus_comp_493_cycle_1_17",1
"42007","virus_comp_493_cycle_1_21",1
"42008","virus_comp_493_cycle_1_22",1
"42009","virus_comp_493_cycle_1_27",1
"42010","virus_comp_493_cycle_1_4",1
"42011","virus_comp_493_cycle_1_5",1
"42012","virus_comp_493_cycle_1_53",1
"42013","virus_comp_493_cycle_1_6",1
"42014","virus_comp_493_cycle_1_60",1
"42015","virus_comp_493_cycle_1_61",1
"42016","virus_comp_493_cycle_1_62",1
"42017","virus_comp_493_cycle_1_63",1
"42018","virus_comp_493_cycle_1_64",1
"42019","virus_comp_493_cycle_1_65",1
"42020","virus_comp_493_cycle_1_66",1
"42021","virus_comp_493_cycle_1_67",1
"42022","virus_comp_493_cycle_1_68",1
"42023","virus_comp_493_cycle_1_69",1
"42024","virus_comp_493_cycle_1_7",1
"42025","virus_comp_493_cycle_1_71",1
"42026","virus_comp_493_cycle_1_72",1
"42027","virus_comp_493_cycle_1_73",1
"42028","virus_comp_493_cycle_1_74",1
"42029","virus_comp_493_cycle_1_75",1
"42030","virus_comp_493_cycle_1_76",1
"42031","virus_comp_493_cycle_1_77",1
"42032","virus_comp_493_cycle_1_78",1
"42033","virus_comp_493_cycle_1_8",1
"42034","virus_comp_493_cycle_1_80",1
"42035","virus_comp_493_cycle_1_82",1
"42036","virus_comp_493_cycle_1_84",1
"42037","virus_comp_493_cycle_1_85",1
"42038","virus_comp_493_cycle_1_86",1
"42039","virus_comp_493_cycle_1_88",1
"42040","virus_comp_493_cycle_1_89",1
"42041","virus_comp_493_cycle_1_9",1
"42042","virus_comp_493_cycle_1_90",1
"42043","virus_comp_493_cycle_1_91",1
"42044","virus_comp_4930_cycle_1_1",1
"42045","virus_comp_4930_cycle_1_2",1
"42046","virus_comp_4930_cycle_1_3",1
"42047","virus_comp_4930_cycle_1_4",1
"42048","virus_comp_4931_cycle_1_2",1
"42049","virus_comp_4931_cycle_1_4",1
"42050","virus_comp_4931_cycle_1_6",1
"42051","virus_comp_4935_cycle_1_3",1
"42052","virus_comp_4936_cycle_1_1",1
"42053","virus_comp_4936_cycle_1_2",1
"42054","virus_comp_4936_cycle_1_3",1
"42055","virus_comp_4936_cycle_1_4",1
"42056","virus_comp_4936_cycle_1_5",1
"42057","virus_comp_4936_cycle_1_6",1
"42058","virus_comp_4937_cycle_1_1",1
"42059","virus_comp_4937_cycle_1_2",1
"42060","virus_comp_4937_cycle_1_3",1
"42061","virus_comp_494_cycle_1_1",1
"42062","virus_comp_494_cycle_1_13",1
"42063","virus_comp_494_cycle_1_17",1
"42064","virus_comp_494_cycle_1_4",1
"42065","virus_comp_494_cycle_1_6",1
"42066","virus_comp_4943_cycle_1_1",1
"42067","virus_comp_4943_cycle_1_2",1
"42068","virus_comp_4946_cycle_1_6",1
"42069","virus_comp_495_cycle_1_13",1
"42070","virus_comp_495_cycle_1_14",1
"42071","virus_comp_495_cycle_1_15",1
"42072","virus_comp_495_cycle_1_8",1
"42073","virus_comp_4950_cycle_1_1",1
"42074","virus_comp_4950_cycle_1_2",1
"42075","virus_comp_4950_cycle_1_3",1
"42076","virus_comp_4950_cycle_1_4",1
"42077","virus_comp_4950_cycle_1_5",1
"42078","virus_comp_4950_cycle_1_6",1
"42079","virus_comp_4950_cycle_1_7",1
"42080","virus_comp_4950_cycle_1_8",1
"42081","virus_comp_4952_cycle_1_1",1
"42082","virus_comp_4952_cycle_1_6",1
"42083","virus_comp_4953_cycle_1_2",1
"42084","virus_comp_4953_cycle_1_3",1
"42085","virus_comp_4953_cycle_1_5",1
"42086","virus_comp_4955_cycle_1_1",1
"42087","virus_comp_4955_cycle_1_2",1
"42088","virus_comp_4955_cycle_1_3",1
"42089","virus_comp_4955_cycle_1_4",1
"42090","virus_comp_4955_cycle_1_5",1
"42091","virus_comp_4959_cycle_1_1",1
"42092","virus_comp_4959_cycle_1_4",1
"42093","virus_comp_4959_cycle_1_5",1
"42094","virus_comp_4961_cycle_1_2",1
"42095","virus_comp_4962_cycle_1_1",1
"42096","virus_comp_4963_cycle_1_1",1
"42097","virus_comp_4963_cycle_1_2",1
"42098","virus_comp_4963_cycle_1_4",1
"42099","virus_comp_4963_cycle_1_5",1
"42100","virus_comp_4966_cycle_1_2",1
"42101","virus_comp_4966_cycle_1_3",1
"42102","virus_comp_4966_cycle_1_4",1
"42103","virus_comp_4967_cycle_1_1",1
"42104","virus_comp_4967_cycle_1_2",1
"42105","virus_comp_4967_cycle_1_3",1
"42106","virus_comp_4967_cycle_1_4",1
"42107","virus_comp_4967_cycle_1_5",1
"42108","virus_comp_4967_cycle_1_6",1
"42109","virus_comp_498_cycle_1_57",1
"42110","virus_comp_498_cycle_1_59",1
"42111","virus_comp_498_cycle_1_79",1
"42112","virus_comp_498_cycle_1_80",1
"42113","virus_comp_498_cycle_1_83",1
"42114","virus_comp_498_cycle_1_84",1
"42115","virus_comp_498_cycle_1_86",1
"42116","virus_comp_498_cycle_1_89",1
"42117","virus_comp_498_cycle_1_91",1
"42118","virus_comp_498_cycle_1_92",1
"42119","virus_comp_498_cycle_1_95",1
"42120","virus_comp_498_cycle_1_96",1
"42121","virus_comp_498_cycle_1_97",1
"42122","virus_comp_4983_cycle_1_1",1
"42123","virus_comp_4983_cycle_1_3",1
"42124","virus_comp_4983_cycle_1_4",1
"42125","virus_comp_4983_cycle_1_5",1
"42126","virus_comp_499_cycle_1_2",1
"42127","virus_comp_499_cycle_1_5",1
"42128","virus_comp_499_cycle_1_9",1
"42129","virus_comp_4994_cycle_1_1",1
"42130","virus_comp_4994_cycle_1_2",1
"42131","virus_comp_4994_cycle_1_3",1
"42132","virus_comp_4994_cycle_1_4",1
"42133","virus_comp_4994_cycle_1_5",1
"42134","virus_comp_4995_cycle_1_1",1
"42135","virus_comp_4995_cycle_1_2",1
"42136","virus_comp_4997_cycle_1_3",1
"42137","virus_comp_4997_cycle_1_4",1
"42138","virus_comp_4997_cycle_1_5",1
"42139","virus_comp_4997_cycle_1_6",1
"42140","virus_comp_501_cycle_1_1",1
"42141","virus_comp_501_cycle_1_2",1
"42142","virus_comp_501_cycle_1_3",1
"42143","virus_comp_5010_cycle_1_1",1
"42144","virus_comp_5010_cycle_1_2",1
"42145","virus_comp_5010_cycle_1_3",1
"42146","virus_comp_5010_cycle_1_4",1
"42147","virus_comp_5010_cycle_1_5",1
"42148","virus_comp_5010_cycle_1_6",1
"42149","virus_comp_5013_cycle_1_1",1
"42150","virus_comp_5013_cycle_1_2",1
"42151","virus_comp_5014_cycle_1_5",1
"42152","virus_comp_5020_cycle_1_1",1
"42153","virus_comp_5020_cycle_1_2",1
"42154","virus_comp_5020_cycle_1_3",1
"42155","virus_comp_5020_cycle_1_4",1
"42156","virus_comp_5020_cycle_1_5",1
"42157","virus_comp_5029_cycle_1_1",1
"42158","virus_comp_5029_cycle_1_2",1
"42159","virus_comp_503_cycle_1_21",1
"42160","virus_comp_5034_cycle_1_2",1
"42161","virus_comp_5034_cycle_1_3",1
"42162","virus_comp_5034_cycle_1_4",1
"42163","virus_comp_5038_cycle_1_1",1
"42164","virus_comp_5038_cycle_1_2",1
"42165","virus_comp_5038_cycle_1_3",1
"42166","virus_comp_5038_cycle_1_4",1
"42167","virus_comp_5040_cycle_1_1",1
"42168","virus_comp_5043_cycle_1_1",1
"42169","virus_comp_5043_cycle_1_2",1
"42170","virus_comp_5043_cycle_1_4",1
"42171","virus_comp_5043_cycle_1_5",1
"42172","virus_comp_5043_cycle_1_6",1
"42173","virus_comp_5043_cycle_1_8",1
"42174","virus_comp_5043_cycle_1_9",1
"42175","virus_comp_5046_cycle_1_1",1
"42176","virus_comp_5046_cycle_1_2",1
"42177","virus_comp_5046_cycle_1_3",1
"42178","virus_comp_5049_cycle_1_1",1
"42179","virus_comp_505_cycle_1_26",1
"42180","virus_comp_5051_cycle_1_1",1
"42181","virus_comp_5053_cycle_1_4",1
"42182","virus_comp_5057_cycle_1_1",1
"42183","virus_comp_5057_cycle_1_2",1
"42184","virus_comp_5057_cycle_1_3",1
"42185","virus_comp_5057_cycle_1_4",1
"42186","virus_comp_5057_cycle_1_5",1
"42187","virus_comp_5057_cycle_1_6",1
"42188","virus_comp_5059_cycle_1_1",1
"42189","virus_comp_5062_cycle_1_1",1
"42190","virus_comp_5062_cycle_1_3",1
"42191","virus_comp_5063_cycle_1_1",1
"42192","virus_comp_5063_cycle_1_3",1
"42193","virus_comp_5063_cycle_1_4",1
"42194","virus_comp_5067_cycle_1_2",1
"42195","virus_comp_5067_cycle_1_3",1
"42196","virus_comp_5067_cycle_1_7",1
"42197","virus_comp_5072_cycle_1_1",1
"42198","virus_comp_5072_cycle_1_2",1
"42199","virus_comp_5072_cycle_1_3",1
"42200","virus_comp_5072_cycle_1_5",1
"42201","virus_comp_5072_cycle_1_6",1
"42202","virus_comp_5072_cycle_1_7",1
"42203","virus_comp_5074_cycle_1_1",1
"42204","virus_comp_5074_cycle_1_2",1
"42205","virus_comp_5074_cycle_1_3",1
"42206","virus_comp_5074_cycle_1_4",1
"42207","virus_comp_5074_cycle_1_5",1
"42208","virus_comp_5076_cycle_1_3",1
"42209","virus_comp_5083_cycle_1_3",1
"42210","virus_comp_5083_cycle_1_4",1
"42211","virus_comp_5084_cycle_1_3",1
"42212","virus_comp_5084_cycle_1_4",1
"42213","virus_comp_5087_cycle_1_1",1
"42214","virus_comp_5087_cycle_1_3",1
"42215","virus_comp_5087_cycle_1_4",1
"42216","virus_comp_5089_cycle_1_1",1
"42217","virus_comp_5089_cycle_1_2",1
"42218","virus_comp_5089_cycle_1_3",1
"42219","virus_comp_5089_cycle_1_4",1
"42220","virus_comp_5089_cycle_1_5",1
"42221","virus_comp_5089_cycle_1_6",1
"42222","virus_comp_5089_cycle_1_7",1
"42223","virus_comp_509_cycle_1_1",1
"42224","virus_comp_509_cycle_1_10",1
"42225","virus_comp_509_cycle_1_12",1
"42226","virus_comp_509_cycle_1_13",1
"42227","virus_comp_509_cycle_1_14",1
"42228","virus_comp_509_cycle_1_16",1
"42229","virus_comp_509_cycle_1_17",1
"42230","virus_comp_509_cycle_1_8",1
"42231","virus_comp_509_cycle_1_9",1
"42232","virus_comp_5093_cycle_1_1",1
"42233","virus_comp_5093_cycle_1_2",1
"42234","virus_comp_5093_cycle_1_3",1
"42235","virus_comp_5093_cycle_1_4",1
"42236","virus_comp_510_cycle_1_1",1
"42237","virus_comp_510_cycle_1_10",1
"42238","virus_comp_510_cycle_1_15",1
"42239","virus_comp_510_cycle_1_16",1
"42240","virus_comp_510_cycle_1_18",1
"42241","virus_comp_510_cycle_1_19",1
"42242","virus_comp_510_cycle_1_4",1
"42243","virus_comp_510_cycle_1_5",1
"42244","virus_comp_510_cycle_1_6",1
"42245","virus_comp_5104_cycle_1_3",1
"42246","virus_comp_5111_cycle_1_2",1
"42247","virus_comp_512_cycle_1_1",1
"42248","virus_comp_5124_cycle_1_5",1
"42249","virus_comp_5126_cycle_1_2",1
"42250","virus_comp_5126_cycle_1_3",1
"42251","virus_comp_5126_cycle_1_4",1
"42252","virus_comp_5129_cycle_1_4",1
"42253","virus_comp_5129_cycle_1_5",1
"42254","virus_comp_5131_cycle_1_1",1
"42255","virus_comp_5131_cycle_1_2",1
"42256","virus_comp_5131_cycle_1_3",1
"42257","virus_comp_5131_cycle_1_4",1
"42258","virus_comp_5131_cycle_1_5",1
"42259","virus_comp_5132_cycle_1_1",1
"42260","virus_comp_5132_cycle_1_2",1
"42261","virus_comp_5132_cycle_1_4",1
"42262","virus_comp_5132_cycle_1_5",1
"42263","virus_comp_5134_cycle_1_1",1
"42264","virus_comp_5134_cycle_1_2",1
"42265","virus_comp_5134_cycle_1_3",1
"42266","virus_comp_5134_cycle_1_4",1
"42267","virus_comp_5139_cycle_1_1",1
"42268","virus_comp_5139_cycle_1_7",1
"42269","virus_comp_5139_cycle_1_8",1
"42270","virus_comp_5139_cycle_1_9",1
"42271","virus_comp_5144_cycle_1_1",1
"42272","virus_comp_5144_cycle_1_2",1
"42273","virus_comp_5144_cycle_1_3",1
"42274","virus_comp_5145_cycle_1_1",1
"42275","virus_comp_5146_cycle_1_1",1
"42276","virus_comp_5146_cycle_1_2",1
"42277","virus_comp_5146_cycle_1_4",1
"42278","virus_comp_5146_cycle_1_5",1
"42279","virus_comp_5153_cycle_1_1",1
"42280","virus_comp_5153_cycle_1_2",1
"42281","virus_comp_5153_cycle_1_3",1
"42282","virus_comp_5153_cycle_1_5",1
"42283","virus_comp_5155_cycle_1_1",1
"42284","virus_comp_5155_cycle_1_3",1
"42285","virus_comp_5155_cycle_1_4",1
"42286","virus_comp_5157_cycle_1_1",1
"42287","virus_comp_5157_cycle_1_2",1
"42288","virus_comp_5157_cycle_1_3",1
"42289","virus_comp_5157_cycle_1_4",1
"42290","virus_comp_5157_cycle_1_5",1
"42291","virus_comp_516_cycle_1_21",1
"42292","virus_comp_516_cycle_1_29",1
"42293","virus_comp_516_cycle_1_34",1
"42294","virus_comp_516_cycle_1_43",1
"42295","virus_comp_516_cycle_1_57",1
"42296","virus_comp_516_cycle_1_6",1
"42297","virus_comp_516_cycle_1_62",1
"42298","virus_comp_516_cycle_1_84",1
"42299","virus_comp_5164_cycle_1_1",1
"42300","virus_comp_5169_cycle_1_1",1
"42301","virus_comp_5169_cycle_1_2",1
"42302","virus_comp_5169_cycle_1_4",1
"42303","virus_comp_5169_cycle_1_6",1
"42304","virus_comp_5171_cycle_1_1",1
"42305","virus_comp_5171_cycle_1_2",1
"42306","virus_comp_5176_cycle_1_3",1
"42307","virus_comp_5182_cycle_1_4",1
"42308","virus_comp_5182_cycle_1_7",1
"42309","virus_comp_5183_cycle_1_1",1
"42310","virus_comp_5183_cycle_1_4",1
"42311","virus_comp_519_cycle_1_1",1
"42312","virus_comp_519_cycle_1_10",1
"42313","virus_comp_519_cycle_1_11",1
"42314","virus_comp_519_cycle_1_12",1
"42315","virus_comp_519_cycle_1_13",1
"42316","virus_comp_519_cycle_1_14",1
"42317","virus_comp_519_cycle_1_15",1
"42318","virus_comp_519_cycle_1_16",1
"42319","virus_comp_519_cycle_1_17",1
"42320","virus_comp_519_cycle_1_18",1
"42321","virus_comp_519_cycle_1_19",1
"42322","virus_comp_519_cycle_1_2",1
"42323","virus_comp_519_cycle_1_20",1
"42324","virus_comp_519_cycle_1_21",1
"42325","virus_comp_519_cycle_1_22",1
"42326","virus_comp_519_cycle_1_23",1
"42327","virus_comp_519_cycle_1_24",1
"42328","virus_comp_519_cycle_1_25",1
"42329","virus_comp_519_cycle_1_26",1
"42330","virus_comp_519_cycle_1_27",1
"42331","virus_comp_519_cycle_1_28",1
"42332","virus_comp_519_cycle_1_29",1
"42333","virus_comp_519_cycle_1_3",1
"42334","virus_comp_519_cycle_1_30",1
"42335","virus_comp_519_cycle_1_31",1
"42336","virus_comp_519_cycle_1_32",1
"42337","virus_comp_519_cycle_1_33",1
"42338","virus_comp_519_cycle_1_34",1
"42339","virus_comp_519_cycle_1_35",1
"42340","virus_comp_519_cycle_1_36",1
"42341","virus_comp_519_cycle_1_37",1
"42342","virus_comp_519_cycle_1_38",1
"42343","virus_comp_519_cycle_1_39",1
"42344","virus_comp_519_cycle_1_4",1
"42345","virus_comp_519_cycle_1_40",1
"42346","virus_comp_519_cycle_1_41",1
"42347","virus_comp_519_cycle_1_42",1
"42348","virus_comp_519_cycle_1_43",1
"42349","virus_comp_519_cycle_1_44",1
"42350","virus_comp_519_cycle_1_45",1
"42351","virus_comp_519_cycle_1_46",1
"42352","virus_comp_519_cycle_1_47",1
"42353","virus_comp_519_cycle_1_48",1
"42354","virus_comp_519_cycle_1_49",1
"42355","virus_comp_519_cycle_1_5",1
"42356","virus_comp_519_cycle_1_50",1
"42357","virus_comp_519_cycle_1_51",1
"42358","virus_comp_519_cycle_1_52",1
"42359","virus_comp_519_cycle_1_53",1
"42360","virus_comp_519_cycle_1_54",1
"42361","virus_comp_519_cycle_1_55",1
"42362","virus_comp_519_cycle_1_56",1
"42363","virus_comp_519_cycle_1_57",1
"42364","virus_comp_519_cycle_1_58",1
"42365","virus_comp_519_cycle_1_59",1
"42366","virus_comp_519_cycle_1_6",1
"42367","virus_comp_519_cycle_1_60",1
"42368","virus_comp_519_cycle_1_61",1
"42369","virus_comp_519_cycle_1_62",1
"42370","virus_comp_519_cycle_1_63",1
"42371","virus_comp_519_cycle_1_64",1
"42372","virus_comp_519_cycle_1_65",1
"42373","virus_comp_519_cycle_1_66",1
"42374","virus_comp_519_cycle_1_67",1
"42375","virus_comp_519_cycle_1_68",1
"42376","virus_comp_519_cycle_1_69",1
"42377","virus_comp_519_cycle_1_7",1
"42378","virus_comp_519_cycle_1_70",1
"42379","virus_comp_519_cycle_1_71",1
"42380","virus_comp_519_cycle_1_72",1
"42381","virus_comp_519_cycle_1_73",1
"42382","virus_comp_519_cycle_1_74",1
"42383","virus_comp_519_cycle_1_75",1
"42384","virus_comp_519_cycle_1_76",1
"42385","virus_comp_519_cycle_1_77",1
"42386","virus_comp_519_cycle_1_78",1
"42387","virus_comp_519_cycle_1_79",1
"42388","virus_comp_519_cycle_1_8",1
"42389","virus_comp_519_cycle_1_80",1
"42390","virus_comp_519_cycle_1_81",1
"42391","virus_comp_519_cycle_1_82",1
"42392","virus_comp_519_cycle_1_83",1
"42393","virus_comp_519_cycle_1_84",1
"42394","virus_comp_519_cycle_1_85",1
"42395","virus_comp_519_cycle_1_86",1
"42396","virus_comp_519_cycle_1_87",1
"42397","virus_comp_519_cycle_1_88",1
"42398","virus_comp_519_cycle_1_9",1
"42399","virus_comp_5198_cycle_1_1",1
"42400","virus_comp_5199_cycle_1_1",1
"42401","virus_comp_5199_cycle_1_2",1
"42402","virus_comp_5199_cycle_1_3",1
"42403","virus_comp_5199_cycle_1_4",1
"42404","virus_comp_5200_cycle_1_6",1
"42405","virus_comp_5202_cycle_1_1",1
"42406","virus_comp_5202_cycle_1_2",1
"42407","virus_comp_5202_cycle_1_3",1
"42408","virus_comp_5202_cycle_1_4",1
"42409","virus_comp_5202_cycle_1_5",1
"42410","virus_comp_5202_cycle_1_6",1
"42411","virus_comp_5208_cycle_1_1",1
"42412","virus_comp_5208_cycle_1_4",1
"42413","virus_comp_521_cycle_1_10",1
"42414","virus_comp_521_cycle_1_12",1
"42415","virus_comp_521_cycle_1_13",1
"42416","virus_comp_521_cycle_1_4",1
"42417","virus_comp_521_cycle_1_5",1
"42418","virus_comp_522_cycle_1_1",1
"42419","virus_comp_5220_cycle_1_1",1
"42420","virus_comp_5220_cycle_1_2",1
"42421","virus_comp_5238_cycle_1_5",1
"42422","virus_comp_524_cycle_1_4",1
"42423","virus_comp_5242_cycle_1_1",1
"42424","virus_comp_5242_cycle_1_2",1
"42425","virus_comp_5242_cycle_1_4",1
"42426","virus_comp_5244_cycle_1_1",1
"42427","virus_comp_5244_cycle_1_2",1
"42428","virus_comp_5244_cycle_1_3",1
"42429","virus_comp_5244_cycle_1_4",1
"42430","virus_comp_5246_cycle_1_3",1
"42431","virus_comp_5247_cycle_1_1",1
"42432","virus_comp_5247_cycle_1_2",1
"42433","virus_comp_5247_cycle_1_3",1
"42434","virus_comp_5261_cycle_1_1",1
"42435","virus_comp_5261_cycle_1_2",1
"42436","virus_comp_5261_cycle_1_3",1
"42437","virus_comp_5261_cycle_1_4",1
"42438","virus_comp_5292_cycle_1_6",1
"42439","virus_comp_5297_cycle_1_1",1
"42440","virus_comp_5297_cycle_1_2",1
"42441","virus_comp_5298_cycle_1_1",1
"42442","virus_comp_5298_cycle_1_2",1
"42443","virus_comp_5308_cycle_1_1",1
"42444","virus_comp_5308_cycle_1_2",1
"42445","virus_comp_5308_cycle_1_3",1
"42446","virus_comp_5308_cycle_1_4",1
"42447","virus_comp_5308_cycle_1_5",1
"42448","virus_comp_5315_cycle_1_1",1
"42449","virus_comp_5315_cycle_1_2",1
"42450","virus_comp_5315_cycle_1_3",1
"42451","virus_comp_5315_cycle_1_4",1
"42452","virus_comp_5315_cycle_1_5",1
"42453","virus_comp_5320_cycle_1_1",1
"42454","virus_comp_5320_cycle_1_2",1
"42455","virus_comp_5320_cycle_1_3",1
"42456","virus_comp_5326_cycle_1_1",1
"42457","virus_comp_5352_cycle_1_4",1
"42458","virus_comp_5357_cycle_1_2",1
"42459","virus_comp_5357_cycle_1_5",1
"42460","virus_comp_5367_cycle_1_3",1
"42461","virus_comp_5368_cycle_1_2",1
"42462","virus_comp_5368_cycle_1_6",1
"42463","virus_comp_5368_cycle_1_7",1
"42464","virus_comp_5368_cycle_1_9",1
"42465","virus_comp_537_cycle_1_1",1
"42466","virus_comp_537_cycle_1_10",1
"42467","virus_comp_537_cycle_1_11",1
"42468","virus_comp_537_cycle_1_12",1
"42469","virus_comp_537_cycle_1_13",1
"42470","virus_comp_537_cycle_1_14",1
"42471","virus_comp_537_cycle_1_15",1
"42472","virus_comp_537_cycle_1_16",1
"42473","virus_comp_537_cycle_1_17",1
"42474","virus_comp_537_cycle_1_18",1
"42475","virus_comp_537_cycle_1_19",1
"42476","virus_comp_537_cycle_1_2",1
"42477","virus_comp_537_cycle_1_20",1
"42478","virus_comp_537_cycle_1_21",1
"42479","virus_comp_537_cycle_1_22",1
"42480","virus_comp_537_cycle_1_23",1
"42481","virus_comp_537_cycle_1_24",1
"42482","virus_comp_537_cycle_1_25",1
"42483","virus_comp_537_cycle_1_26",1
"42484","virus_comp_537_cycle_1_27",1
"42485","virus_comp_537_cycle_1_28",1
"42486","virus_comp_537_cycle_1_29",1
"42487","virus_comp_537_cycle_1_3",1
"42488","virus_comp_537_cycle_1_30",1
"42489","virus_comp_537_cycle_1_31",1
"42490","virus_comp_537_cycle_1_32",1
"42491","virus_comp_537_cycle_1_33",1
"42492","virus_comp_537_cycle_1_34",1
"42493","virus_comp_537_cycle_1_35",1
"42494","virus_comp_537_cycle_1_36",1
"42495","virus_comp_537_cycle_1_37",1
"42496","virus_comp_537_cycle_1_38",1
"42497","virus_comp_537_cycle_1_39",1
"42498","virus_comp_537_cycle_1_4",1
"42499","virus_comp_537_cycle_1_40",1
"42500","virus_comp_537_cycle_1_41",1
"42501","virus_comp_537_cycle_1_42",1
"42502","virus_comp_537_cycle_1_43",1
"42503","virus_comp_537_cycle_1_44",1
"42504","virus_comp_537_cycle_1_45",1
"42505","virus_comp_537_cycle_1_46",1
"42506","virus_comp_537_cycle_1_47",1
"42507","virus_comp_537_cycle_1_48",1
"42508","virus_comp_537_cycle_1_49",1
"42509","virus_comp_537_cycle_1_5",1
"42510","virus_comp_537_cycle_1_50",1
"42511","virus_comp_537_cycle_1_51",1
"42512","virus_comp_537_cycle_1_52",1
"42513","virus_comp_537_cycle_1_53",1
"42514","virus_comp_537_cycle_1_54",1
"42515","virus_comp_537_cycle_1_55",1
"42516","virus_comp_537_cycle_1_56",1
"42517","virus_comp_537_cycle_1_57",1
"42518","virus_comp_537_cycle_1_58",1
"42519","virus_comp_537_cycle_1_59",1
"42520","virus_comp_537_cycle_1_6",1
"42521","virus_comp_537_cycle_1_60",1
"42522","virus_comp_537_cycle_1_61",1
"42523","virus_comp_537_cycle_1_62",1
"42524","virus_comp_537_cycle_1_63",1
"42525","virus_comp_537_cycle_1_64",1
"42526","virus_comp_537_cycle_1_65",1
"42527","virus_comp_537_cycle_1_66",1
"42528","virus_comp_537_cycle_1_67",1
"42529","virus_comp_537_cycle_1_68",1
"42530","virus_comp_537_cycle_1_69",1
"42531","virus_comp_537_cycle_1_7",1
"42532","virus_comp_537_cycle_1_70",1
"42533","virus_comp_537_cycle_1_71",1
"42534","virus_comp_537_cycle_1_72",1
"42535","virus_comp_537_cycle_1_73",1
"42536","virus_comp_537_cycle_1_74",1
"42537","virus_comp_537_cycle_1_75",1
"42538","virus_comp_537_cycle_1_76",1
"42539","virus_comp_537_cycle_1_77",1
"42540","virus_comp_537_cycle_1_78",1
"42541","virus_comp_537_cycle_1_79",1
"42542","virus_comp_537_cycle_1_8",1
"42543","virus_comp_537_cycle_1_80",1
"42544","virus_comp_537_cycle_1_81",1
"42545","virus_comp_537_cycle_1_82",1
"42546","virus_comp_537_cycle_1_83",1
"42547","virus_comp_537_cycle_1_9",1
"42548","virus_comp_5371_cycle_1_1",1
"42549","virus_comp_5371_cycle_1_2",1
"42550","virus_comp_5371_cycle_1_3",1
"42551","virus_comp_5379_cycle_1_1",1
"42552","virus_comp_538_cycle_1_1",1
"42553","virus_comp_538_cycle_1_10",1
"42554","virus_comp_538_cycle_1_11",1
"42555","virus_comp_538_cycle_1_12",1
"42556","virus_comp_538_cycle_1_13",1
"42557","virus_comp_538_cycle_1_14",1
"42558","virus_comp_538_cycle_1_15",1
"42559","virus_comp_538_cycle_1_16",1
"42560","virus_comp_538_cycle_1_17",1
"42561","virus_comp_538_cycle_1_18",1
"42562","virus_comp_538_cycle_1_19",1
"42563","virus_comp_538_cycle_1_2",1
"42564","virus_comp_538_cycle_1_20",1
"42565","virus_comp_538_cycle_1_21",1
"42566","virus_comp_538_cycle_1_22",1
"42567","virus_comp_538_cycle_1_23",1
"42568","virus_comp_538_cycle_1_24",1
"42569","virus_comp_538_cycle_1_25",1
"42570","virus_comp_538_cycle_1_26",1
"42571","virus_comp_538_cycle_1_27",1
"42572","virus_comp_538_cycle_1_28",1
"42573","virus_comp_538_cycle_1_29",1
"42574","virus_comp_538_cycle_1_3",1
"42575","virus_comp_538_cycle_1_30",1
"42576","virus_comp_538_cycle_1_31",1
"42577","virus_comp_538_cycle_1_32",1
"42578","virus_comp_538_cycle_1_33",1
"42579","virus_comp_538_cycle_1_35",1
"42580","virus_comp_538_cycle_1_36",1
"42581","virus_comp_538_cycle_1_37",1
"42582","virus_comp_538_cycle_1_39",1
"42583","virus_comp_538_cycle_1_4",1
"42584","virus_comp_538_cycle_1_40",1
"42585","virus_comp_538_cycle_1_41",1
"42586","virus_comp_538_cycle_1_42",1
"42587","virus_comp_538_cycle_1_43",1
"42588","virus_comp_538_cycle_1_44",1
"42589","virus_comp_538_cycle_1_45",1
"42590","virus_comp_538_cycle_1_46",1
"42591","virus_comp_538_cycle_1_47",1
"42592","virus_comp_538_cycle_1_48",1
"42593","virus_comp_538_cycle_1_49",1
"42594","virus_comp_538_cycle_1_5",1
"42595","virus_comp_538_cycle_1_50",1
"42596","virus_comp_538_cycle_1_51",1
"42597","virus_comp_538_cycle_1_52",1
"42598","virus_comp_538_cycle_1_53",1
"42599","virus_comp_538_cycle_1_54",1
"42600","virus_comp_538_cycle_1_55",1
"42601","virus_comp_538_cycle_1_56",1
"42602","virus_comp_538_cycle_1_57",1
"42603","virus_comp_538_cycle_1_58",1
"42604","virus_comp_538_cycle_1_59",1
"42605","virus_comp_538_cycle_1_6",1
"42606","virus_comp_538_cycle_1_60",1
"42607","virus_comp_538_cycle_1_61",1
"42608","virus_comp_538_cycle_1_62",1
"42609","virus_comp_538_cycle_1_63",1
"42610","virus_comp_538_cycle_1_64",1
"42611","virus_comp_538_cycle_1_65",1
"42612","virus_comp_538_cycle_1_66",1
"42613","virus_comp_538_cycle_1_67",1
"42614","virus_comp_538_cycle_1_68",1
"42615","virus_comp_538_cycle_1_69",1
"42616","virus_comp_538_cycle_1_7",1
"42617","virus_comp_538_cycle_1_70",1
"42618","virus_comp_538_cycle_1_71",1
"42619","virus_comp_538_cycle_1_72",1
"42620","virus_comp_538_cycle_1_73",1
"42621","virus_comp_538_cycle_1_74",1
"42622","virus_comp_538_cycle_1_75",1
"42623","virus_comp_538_cycle_1_76",1
"42624","virus_comp_538_cycle_1_77",1
"42625","virus_comp_538_cycle_1_78",1
"42626","virus_comp_538_cycle_1_79",1
"42627","virus_comp_538_cycle_1_8",1
"42628","virus_comp_538_cycle_1_80",1
"42629","virus_comp_538_cycle_1_81",1
"42630","virus_comp_538_cycle_1_82",1
"42631","virus_comp_538_cycle_1_83",1
"42632","virus_comp_538_cycle_1_84",1
"42633","virus_comp_538_cycle_1_85",1
"42634","virus_comp_538_cycle_1_86",1
"42635","virus_comp_538_cycle_1_87",1
"42636","virus_comp_538_cycle_1_88",1
"42637","virus_comp_538_cycle_1_89",1
"42638","virus_comp_538_cycle_1_9",1
"42639","virus_comp_538_cycle_1_90",1
"42640","virus_comp_5384_cycle_1_1",1
"42641","virus_comp_5387_cycle_1_1",1
"42642","virus_comp_5387_cycle_1_3",1
"42643","virus_comp_539_cycle_1_10",1
"42644","virus_comp_539_cycle_1_14",1
"42645","virus_comp_539_cycle_1_15",1
"42646","virus_comp_539_cycle_1_18",1
"42647","virus_comp_539_cycle_1_2",1
"42648","virus_comp_539_cycle_1_20",1
"42649","virus_comp_539_cycle_1_22",1
"42650","virus_comp_539_cycle_1_23",1
"42651","virus_comp_539_cycle_1_25",1
"42652","virus_comp_539_cycle_1_26",1
"42653","virus_comp_539_cycle_1_27",1
"42654","virus_comp_539_cycle_1_28",1
"42655","virus_comp_539_cycle_1_29",1
"42656","virus_comp_539_cycle_1_3",1
"42657","virus_comp_539_cycle_1_30",1
"42658","virus_comp_539_cycle_1_31",1
"42659","virus_comp_539_cycle_1_32",1
"42660","virus_comp_539_cycle_1_33",1
"42661","virus_comp_539_cycle_1_36",1
"42662","virus_comp_539_cycle_1_37",1
"42663","virus_comp_539_cycle_1_38",1
"42664","virus_comp_539_cycle_1_39",1
"42665","virus_comp_539_cycle_1_4",1
"42666","virus_comp_539_cycle_1_40",1
"42667","virus_comp_539_cycle_1_41",1
"42668","virus_comp_539_cycle_1_42",1
"42669","virus_comp_539_cycle_1_43",1
"42670","virus_comp_539_cycle_1_45",1
"42671","virus_comp_539_cycle_1_46",1
"42672","virus_comp_539_cycle_1_47",1
"42673","virus_comp_539_cycle_1_48",1
"42674","virus_comp_539_cycle_1_49",1
"42675","virus_comp_539_cycle_1_50",1
"42676","virus_comp_539_cycle_1_51",1
"42677","virus_comp_539_cycle_1_52",1
"42678","virus_comp_539_cycle_1_54",1
"42679","virus_comp_539_cycle_1_55",1
"42680","virus_comp_539_cycle_1_58",1
"42681","virus_comp_539_cycle_1_59",1
"42682","virus_comp_539_cycle_1_6",1
"42683","virus_comp_539_cycle_1_60",1
"42684","virus_comp_539_cycle_1_9",1
"42685","virus_comp_5391_cycle_1_2",1
"42686","virus_comp_540_cycle_1_1",1
"42687","virus_comp_540_cycle_1_10",1
"42688","virus_comp_540_cycle_1_11",1
"42689","virus_comp_540_cycle_1_12",1
"42690","virus_comp_540_cycle_1_13",1
"42691","virus_comp_540_cycle_1_14",1
"42692","virus_comp_540_cycle_1_15",1
"42693","virus_comp_540_cycle_1_16",1
"42694","virus_comp_540_cycle_1_17",1
"42695","virus_comp_540_cycle_1_18",1
"42696","virus_comp_540_cycle_1_2",1
"42697","virus_comp_540_cycle_1_21",1
"42698","virus_comp_540_cycle_1_22",1
"42699","virus_comp_540_cycle_1_24",1
"42700","virus_comp_540_cycle_1_25",1
"42701","virus_comp_540_cycle_1_27",1
"42702","virus_comp_540_cycle_1_28",1
"42703","virus_comp_540_cycle_1_29",1
"42704","virus_comp_540_cycle_1_3",1
"42705","virus_comp_540_cycle_1_30",1
"42706","virus_comp_540_cycle_1_31",1
"42707","virus_comp_540_cycle_1_32",1
"42708","virus_comp_540_cycle_1_33",1
"42709","virus_comp_540_cycle_1_35",1
"42710","virus_comp_540_cycle_1_36",1
"42711","virus_comp_540_cycle_1_37",1
"42712","virus_comp_540_cycle_1_4",1
"42713","virus_comp_540_cycle_1_41",1
"42714","virus_comp_540_cycle_1_43",1
"42715","virus_comp_540_cycle_1_44",1
"42716","virus_comp_540_cycle_1_48",1
"42717","virus_comp_540_cycle_1_49",1
"42718","virus_comp_540_cycle_1_5",1
"42719","virus_comp_540_cycle_1_50",1
"42720","virus_comp_540_cycle_1_51",1
"42721","virus_comp_540_cycle_1_52",1
"42722","virus_comp_540_cycle_1_53",1
"42723","virus_comp_540_cycle_1_54",1
"42724","virus_comp_540_cycle_1_56",1
"42725","virus_comp_540_cycle_1_58",1
"42726","virus_comp_540_cycle_1_59",1
"42727","virus_comp_540_cycle_1_6",1
"42728","virus_comp_540_cycle_1_62",1
"42729","virus_comp_540_cycle_1_63",1
"42730","virus_comp_540_cycle_1_64",1
"42731","virus_comp_540_cycle_1_65",1
"42732","virus_comp_540_cycle_1_66",1
"42733","virus_comp_540_cycle_1_67",1
"42734","virus_comp_540_cycle_1_68",1
"42735","virus_comp_540_cycle_1_7",1
"42736","virus_comp_540_cycle_1_70",1
"42737","virus_comp_540_cycle_1_71",1
"42738","virus_comp_540_cycle_1_72",1
"42739","virus_comp_540_cycle_1_74",1
"42740","virus_comp_540_cycle_1_77",1
"42741","virus_comp_540_cycle_1_79",1
"42742","virus_comp_540_cycle_1_8",1
"42743","virus_comp_540_cycle_1_80",1
"42744","virus_comp_540_cycle_1_83",1
"42745","virus_comp_540_cycle_1_85",1
"42746","virus_comp_540_cycle_1_9",1
"42747","virus_comp_5415_cycle_1_1",1
"42748","virus_comp_5415_cycle_1_3",1
"42749","virus_comp_5415_cycle_1_5",1
"42750","virus_comp_5417_cycle_1_4",1
"42751","virus_comp_5417_cycle_1_5",1
"42752","virus_comp_5417_cycle_1_6",1
"42753","virus_comp_542_cycle_2_20",1
"42754","virus_comp_542_cycle_2_34",1
"42755","virus_comp_542_cycle_2_42",1
"42756","virus_comp_542_cycle_2_43",1
"42757","virus_comp_542_cycle_2_44",1
"42758","virus_comp_542_cycle_2_47",1
"42759","virus_comp_542_cycle_2_48",1
"42760","virus_comp_542_cycle_2_49",1
"42761","virus_comp_542_cycle_2_52",1
"42762","virus_comp_542_cycle_2_60",1
"42763","virus_comp_542_cycle_2_73",1
"42764","virus_comp_542_cycle_2_74",1
"42765","virus_comp_542_cycle_2_77",1
"42766","virus_comp_5428_cycle_1_1",1
"42767","virus_comp_5428_cycle_1_2",1
"42768","virus_comp_5429_cycle_1_1",1
"42769","virus_comp_5429_cycle_1_2",1
"42770","virus_comp_5429_cycle_1_3",1
"42771","virus_comp_5429_cycle_1_4",1
"42772","virus_comp_5430_cycle_1_1",1
"42773","virus_comp_5430_cycle_1_2",1
"42774","virus_comp_5430_cycle_1_3",1
"42775","virus_comp_5430_cycle_1_4",1
"42776","virus_comp_5439_cycle_1_1",1
"42777","virus_comp_5439_cycle_1_2",1
"42778","virus_comp_5439_cycle_1_3",1
"42779","virus_comp_544_cycle_1_1",1
"42780","virus_comp_544_cycle_1_10",1
"42781","virus_comp_544_cycle_1_11",1
"42782","virus_comp_544_cycle_1_12",1
"42783","virus_comp_544_cycle_1_13",1
"42784","virus_comp_544_cycle_1_14",1
"42785","virus_comp_544_cycle_1_15",1
"42786","virus_comp_544_cycle_1_16",1
"42787","virus_comp_544_cycle_1_17",1
"42788","virus_comp_544_cycle_1_18",1
"42789","virus_comp_544_cycle_1_19",1
"42790","virus_comp_544_cycle_1_2",1
"42791","virus_comp_544_cycle_1_20",1
"42792","virus_comp_544_cycle_1_21",1
"42793","virus_comp_544_cycle_1_22",1
"42794","virus_comp_544_cycle_1_23",1
"42795","virus_comp_544_cycle_1_24",1
"42796","virus_comp_544_cycle_1_25",1
"42797","virus_comp_544_cycle_1_26",1
"42798","virus_comp_544_cycle_1_27",1
"42799","virus_comp_544_cycle_1_28",1
"42800","virus_comp_544_cycle_1_29",1
"42801","virus_comp_544_cycle_1_3",1
"42802","virus_comp_544_cycle_1_30",1
"42803","virus_comp_544_cycle_1_31",1
"42804","virus_comp_544_cycle_1_32",1
"42805","virus_comp_544_cycle_1_33",1
"42806","virus_comp_544_cycle_1_34",1
"42807","virus_comp_544_cycle_1_35",1
"42808","virus_comp_544_cycle_1_36",1
"42809","virus_comp_544_cycle_1_37",1
"42810","virus_comp_544_cycle_1_38",1
"42811","virus_comp_544_cycle_1_39",1
"42812","virus_comp_544_cycle_1_4",1
"42813","virus_comp_544_cycle_1_40",1
"42814","virus_comp_544_cycle_1_41",1
"42815","virus_comp_544_cycle_1_42",1
"42816","virus_comp_544_cycle_1_43",1
"42817","virus_comp_544_cycle_1_44",1
"42818","virus_comp_544_cycle_1_45",1
"42819","virus_comp_544_cycle_1_46",1
"42820","virus_comp_544_cycle_1_47",1
"42821","virus_comp_544_cycle_1_48",1
"42822","virus_comp_544_cycle_1_49",1
"42823","virus_comp_544_cycle_1_5",1
"42824","virus_comp_544_cycle_1_50",1
"42825","virus_comp_544_cycle_1_51",1
"42826","virus_comp_544_cycle_1_52",1
"42827","virus_comp_544_cycle_1_53",1
"42828","virus_comp_544_cycle_1_54",1
"42829","virus_comp_544_cycle_1_55",1
"42830","virus_comp_544_cycle_1_56",1
"42831","virus_comp_544_cycle_1_57",1
"42832","virus_comp_544_cycle_1_58",1
"42833","virus_comp_544_cycle_1_59",1
"42834","virus_comp_544_cycle_1_6",1
"42835","virus_comp_544_cycle_1_60",1
"42836","virus_comp_544_cycle_1_61",1
"42837","virus_comp_544_cycle_1_62",1
"42838","virus_comp_544_cycle_1_63",1
"42839","virus_comp_544_cycle_1_64",1
"42840","virus_comp_544_cycle_1_65",1
"42841","virus_comp_544_cycle_1_66",1
"42842","virus_comp_544_cycle_1_67",1
"42843","virus_comp_544_cycle_1_68",1
"42844","virus_comp_544_cycle_1_69",1
"42845","virus_comp_544_cycle_1_7",1
"42846","virus_comp_544_cycle_1_70",1
"42847","virus_comp_544_cycle_1_71",1
"42848","virus_comp_544_cycle_1_72",1
"42849","virus_comp_544_cycle_1_73",1
"42850","virus_comp_544_cycle_1_8",1
"42851","virus_comp_544_cycle_1_9",1
"42852","virus_comp_5441_cycle_1_4",1
"42853","virus_comp_5446_cycle_1_1",1
"42854","virus_comp_5446_cycle_1_3",1
"42855","virus_comp_5451_cycle_1_2",1
"42856","virus_comp_5451_cycle_1_3",1
"42857","virus_comp_5451_cycle_1_4",1
"42858","virus_comp_547_cycle_1_7",1
"42859","virus_comp_547_cycle_1_8",1
"42860","virus_comp_5470_cycle_1_3",1
"42861","virus_comp_5477_cycle_1_1",1
"42862","virus_comp_548_cycle_1_2",1
"42863","virus_comp_5488_cycle_1_1",1
"42864","virus_comp_5488_cycle_1_2",1
"42865","virus_comp_5488_cycle_1_3",1
"42866","virus_comp_5488_cycle_1_4",1
"42867","virus_comp_5489_cycle_1_1",1
"42868","virus_comp_5489_cycle_1_2",1
"42869","virus_comp_5494_cycle_1_1",1
"42870","virus_comp_5494_cycle_1_2",1
"42871","virus_comp_5494_cycle_1_3",1
"42872","virus_comp_5494_cycle_1_4",1
"42873","virus_comp_5496_cycle_1_3",1
"42874","virus_comp_5496_cycle_1_4",1
"42875","virus_comp_5496_cycle_1_5",1
"42876","virus_comp_5502_cycle_1_1",1
"42877","virus_comp_5502_cycle_1_2",1
"42878","virus_comp_5502_cycle_1_3",1
"42879","virus_comp_5503_cycle_1_1",1
"42880","virus_comp_5503_cycle_1_2",1
"42881","virus_comp_5503_cycle_1_3",1
"42882","virus_comp_5503_cycle_1_4",1
"42883","virus_comp_5503_cycle_1_5",1
"42884","virus_comp_5503_cycle_1_6",1
"42885","virus_comp_5507_cycle_1_2",1
"42886","virus_comp_5507_cycle_1_3",1
"42887","virus_comp_5507_cycle_1_4",1
"42888","virus_comp_5507_cycle_1_5",1
"42889","virus_comp_551_cycle_1_29",1
"42890","virus_comp_551_cycle_1_60",1
"42891","virus_comp_551_cycle_1_62",1
"42892","virus_comp_551_cycle_1_63",1
"42893","virus_comp_551_cycle_1_65",1
"42894","virus_comp_551_cycle_1_66",1
"42895","virus_comp_5510_cycle_1_1",1
"42896","virus_comp_5510_cycle_1_2",1
"42897","virus_comp_5510_cycle_1_3",1
"42898","virus_comp_5510_cycle_1_4",1
"42899","virus_comp_5511_cycle_1_1",1
"42900","virus_comp_5511_cycle_1_2",1
"42901","virus_comp_5511_cycle_1_3",1
"42902","virus_comp_5513_cycle_1_2",1
"42903","virus_comp_5532_cycle_1_1",1
"42904","virus_comp_5532_cycle_1_2",1
"42905","virus_comp_5532_cycle_1_3",1
"42906","virus_comp_5532_cycle_1_4",1
"42907","virus_comp_5532_cycle_1_5",1
"42908","virus_comp_5533_cycle_1_1",1
"42909","virus_comp_5533_cycle_1_2",1
"42910","virus_comp_5533_cycle_1_3",1
"42911","virus_comp_5533_cycle_1_4",1
"42912","virus_comp_5533_cycle_1_5",1
"42913","virus_comp_5538_cycle_1_1",1
"42914","virus_comp_5538_cycle_1_2",1
"42915","virus_comp_5538_cycle_1_3",1
"42916","virus_comp_5540_cycle_1_2",1
"42917","virus_comp_5540_cycle_1_3",1
"42918","virus_comp_5544_cycle_1_1",1
"42919","virus_comp_5544_cycle_1_2",1
"42920","virus_comp_5544_cycle_1_3",1
"42921","virus_comp_5544_cycle_1_4",1
"42922","virus_comp_5551_cycle_1_1",1
"42923","virus_comp_5551_cycle_1_2",1
"42924","virus_comp_5551_cycle_1_3",1
"42925","virus_comp_5551_cycle_1_4",1
"42926","virus_comp_5551_cycle_1_5",1
"42927","virus_comp_5566_cycle_1_2",1
"42928","virus_comp_5574_cycle_1_1",1
"42929","virus_comp_5574_cycle_1_2",1
"42930","virus_comp_5574_cycle_1_3",1
"42931","virus_comp_5578_cycle_1_1",1
"42932","virus_comp_5578_cycle_1_2",1
"42933","virus_comp_5578_cycle_1_4",1
"42934","virus_comp_5586_cycle_1_1",1
"42935","virus_comp_5586_cycle_1_2",1
"42936","virus_comp_5586_cycle_1_3",1
"42937","virus_comp_5586_cycle_1_4",1
"42938","virus_comp_5587_cycle_1_1",1
"42939","virus_comp_5587_cycle_1_2",1
"42940","virus_comp_5587_cycle_1_5",1
"42941","virus_comp_5588_cycle_1_1",1
"42942","virus_comp_5588_cycle_1_3",1
"42943","virus_comp_5596_cycle_1_1",1
"42944","virus_comp_5596_cycle_1_2",1
"42945","virus_comp_5596_cycle_1_3",1
"42946","virus_comp_5596_cycle_1_4",1
"42947","virus_comp_5596_cycle_1_5",1
"42948","virus_comp_5599_cycle_1_1",1
"42949","virus_comp_5599_cycle_1_3",1
"42950","virus_comp_5599_cycle_1_4",1
"42951","virus_comp_561_cycle_1_4",1
"42952","virus_comp_5610_cycle_1_3",1
"42953","virus_comp_5614_cycle_1_1",1
"42954","virus_comp_5614_cycle_1_2",1
"42955","virus_comp_5614_cycle_1_3",1
"42956","virus_comp_5614_cycle_1_4",1
"42957","virus_comp_5614_cycle_1_5",1
"42958","virus_comp_5614_cycle_1_6",1
"42959","virus_comp_5617_cycle_1_1",1
"42960","virus_comp_5617_cycle_1_6",1
"42961","virus_comp_5619_cycle_1_1",1
"42962","virus_comp_562_cycle_1_5",1
"42963","virus_comp_5620_cycle_1_2",1
"42964","virus_comp_5626_cycle_1_1",1
"42965","virus_comp_5626_cycle_1_2",1
"42966","virus_comp_5628_cycle_1_1",1
"42967","virus_comp_5628_cycle_1_2",1
"42968","virus_comp_5628_cycle_1_3",1
"42969","virus_comp_5628_cycle_1_4",1
"42970","virus_comp_5628_cycle_1_5",1
"42971","virus_comp_5628_cycle_1_6",1
"42972","virus_comp_5628_cycle_1_7",1
"42973","virus_comp_5631_cycle_1_1",1
"42974","virus_comp_5631_cycle_1_3",1
"42975","virus_comp_5633_cycle_1_2",1
"42976","virus_comp_5634_cycle_1_2",1
"42977","virus_comp_5638_cycle_1_1",1
"42978","virus_comp_5638_cycle_1_2",1
"42979","virus_comp_5638_cycle_1_3",1
"42980","virus_comp_5638_cycle_1_4",1
"42981","virus_comp_5638_cycle_1_5",1
"42982","virus_comp_5638_cycle_1_6",1
"42983","virus_comp_5638_cycle_1_7",1
"42984","virus_comp_5639_cycle_1_1",1
"42985","virus_comp_5639_cycle_1_2",1
"42986","virus_comp_5658_cycle_1_1",1
"42987","virus_comp_5658_cycle_1_6",1
"42988","virus_comp_566_cycle_1_10",1
"42989","virus_comp_566_cycle_1_13",1
"42990","virus_comp_566_cycle_1_17",1
"42991","virus_comp_566_cycle_1_3",1
"42992","virus_comp_566_cycle_1_4",1
"42993","virus_comp_566_cycle_1_5",1
"42994","virus_comp_566_cycle_1_9",1
"42995","virus_comp_5663_cycle_1_2",1
"42996","virus_comp_5663_cycle_1_3",1
"42997","virus_comp_567_cycle_1_11",1
"42998","virus_comp_567_cycle_1_16",1
"42999","virus_comp_567_cycle_1_21",1
"43000","virus_comp_567_cycle_1_26",1
"43001","virus_comp_567_cycle_1_32",1
"43002","virus_comp_567_cycle_1_38",1
"43003","virus_comp_567_cycle_1_40",1
"43004","virus_comp_567_cycle_1_56",1
"43005","virus_comp_567_cycle_1_6",1
"43006","virus_comp_567_cycle_1_7",1
"43007","virus_comp_567_cycle_1_8",1
"43008","virus_comp_5673_cycle_1_1",1
"43009","virus_comp_5673_cycle_1_2",1
"43010","virus_comp_5673_cycle_1_3",1
"43011","virus_comp_5674_cycle_1_1",1
"43012","virus_comp_5674_cycle_1_2",1
"43013","virus_comp_5674_cycle_1_3",1
"43014","virus_comp_5674_cycle_1_4",1
"43015","virus_comp_5674_cycle_1_5",1
"43016","virus_comp_5677_cycle_1_1",1
"43017","virus_comp_5677_cycle_1_3",1
"43018","virus_comp_568_cycle_1_1",1
"43019","virus_comp_568_cycle_1_13",1
"43020","virus_comp_568_cycle_1_14",1
"43021","virus_comp_568_cycle_1_15",1
"43022","virus_comp_568_cycle_1_17",1
"43023","virus_comp_568_cycle_1_19",1
"43024","virus_comp_568_cycle_1_2",1
"43025","virus_comp_568_cycle_1_21",1
"43026","virus_comp_568_cycle_1_22",1
"43027","virus_comp_568_cycle_1_23",1
"43028","virus_comp_568_cycle_1_27",1
"43029","virus_comp_568_cycle_1_33",1
"43030","virus_comp_568_cycle_1_34",1
"43031","virus_comp_568_cycle_1_35",1
"43032","virus_comp_568_cycle_1_37",1
"43033","virus_comp_568_cycle_1_4",1
"43034","virus_comp_568_cycle_1_5",1
"43035","virus_comp_568_cycle_1_6",1
"43036","virus_comp_5684_cycle_1_1",1
"43037","virus_comp_5684_cycle_1_2",1
"43038","virus_comp_5684_cycle_1_3",1
"43039","virus_comp_5684_cycle_1_4",1
"43040","virus_comp_5684_cycle_1_5",1
"43041","virus_comp_5684_cycle_1_6",1
"43042","virus_comp_5690_cycle_1_2",1
"43043","virus_comp_5690_cycle_1_3",1
"43044","virus_comp_5694_cycle_1_2",1
"43045","virus_comp_5694_cycle_1_3",1
"43046","virus_comp_5702_cycle_1_1",1
"43047","virus_comp_5702_cycle_1_2",1
"43048","virus_comp_5702_cycle_1_3",1
"43049","virus_comp_5707_cycle_1_1",1
"43050","virus_comp_5709_cycle_1_1",1
"43051","virus_comp_5709_cycle_1_2",1
"43052","virus_comp_5709_cycle_1_3",1
"43053","virus_comp_5709_cycle_1_4",1
"43054","virus_comp_5717_cycle_1_1",1
"43055","virus_comp_5717_cycle_1_3",1
"43056","virus_comp_5717_cycle_1_4",1
"43057","virus_comp_5721_cycle_1_1",1
"43058","virus_comp_5721_cycle_1_2",1
"43059","virus_comp_5721_cycle_1_3",1
"43060","virus_comp_5721_cycle_1_5",1
"43061","virus_comp_5721_cycle_1_6",1
"43062","virus_comp_573_cycle_1_4",1
"43063","virus_comp_573_cycle_1_5",1
"43064","virus_comp_573_cycle_1_6",1
"43065","virus_comp_573_cycle_1_7",1
"43066","virus_comp_573_cycle_1_8",1
"43067","virus_comp_5730_cycle_1_2",1
"43068","virus_comp_5738_cycle_1_1",1
"43069","virus_comp_5738_cycle_1_2",1
"43070","virus_comp_574_cycle_1_1",1
"43071","virus_comp_574_cycle_1_2",1
"43072","virus_comp_574_cycle_1_3",1
"43073","virus_comp_574_cycle_1_4",1
"43074","virus_comp_574_cycle_1_5",1
"43075","virus_comp_574_cycle_1_8",1
"43076","virus_comp_574_cycle_1_9",1
"43077","virus_comp_5747_cycle_1_1",1
"43078","virus_comp_5758_cycle_1_1",1
"43079","virus_comp_5759_cycle_1_1",1
"43080","virus_comp_5759_cycle_1_2",1
"43081","virus_comp_5759_cycle_1_3",1
"43082","virus_comp_5759_cycle_1_4",1
"43083","virus_comp_576_cycle_1_1",1
"43084","virus_comp_576_cycle_1_2",1
"43085","virus_comp_576_cycle_1_3",1
"43086","virus_comp_5764_cycle_1_1",1
"43087","virus_comp_5764_cycle_1_2",1
"43088","virus_comp_5764_cycle_1_3",1
"43089","virus_comp_5770_cycle_1_1",1
"43090","virus_comp_5770_cycle_1_2",1
"43091","virus_comp_5770_cycle_1_3",1
"43092","virus_comp_5777_cycle_1_1",1
"43093","virus_comp_5777_cycle_1_4",1
"43094","virus_comp_5778_cycle_1_1",1
"43095","virus_comp_5778_cycle_1_5",1
"43096","virus_comp_5778_cycle_1_6",1
"43097","virus_comp_5785_cycle_1_2",1
"43098","virus_comp_5785_cycle_1_3",1
"43099","virus_comp_5789_cycle_1_2",1
"43100","virus_comp_579_cycle_1_1",1
"43101","virus_comp_579_cycle_1_8",1
"43102","virus_comp_5792_cycle_1_1",1
"43103","virus_comp_5792_cycle_1_2",1
"43104","virus_comp_5792_cycle_1_3",1
"43105","virus_comp_5797_cycle_1_1",1
"43106","virus_comp_5797_cycle_1_2",1
"43107","virus_comp_5802_cycle_1_1",1
"43108","virus_comp_5805_cycle_1_1",1
"43109","virus_comp_5805_cycle_1_2",1
"43110","virus_comp_581_cycle_1_1",1
"43111","virus_comp_581_cycle_1_2",1
"43112","virus_comp_581_cycle_1_5",1
"43113","virus_comp_5824_cycle_1_1",1
"43114","virus_comp_5829_cycle_1_1",1
"43115","virus_comp_5829_cycle_1_3",1
"43116","virus_comp_5829_cycle_1_6",1
"43117","virus_comp_5831_cycle_1_1",1
"43118","virus_comp_5831_cycle_1_3",1
"43119","virus_comp_5833_cycle_1_1",1
"43120","virus_comp_5833_cycle_1_2",1
"43121","virus_comp_5833_cycle_1_3",1
"43122","virus_comp_5845_cycle_1_1",1
"43123","virus_comp_5848_cycle_1_1",1
"43124","virus_comp_5852_cycle_1_1",1
"43125","virus_comp_5852_cycle_1_2",1
"43126","virus_comp_5852_cycle_1_3",1
"43127","virus_comp_5852_cycle_1_4",1
"43128","virus_comp_5854_cycle_1_1",1
"43129","virus_comp_5854_cycle_1_2",1
"43130","virus_comp_5854_cycle_1_3",1
"43131","virus_comp_5856_cycle_1_1",1
"43132","virus_comp_5857_cycle_1_1",1
"43133","virus_comp_5857_cycle_1_3",1
"43134","virus_comp_587_cycle_1_1",1
"43135","virus_comp_587_cycle_1_13",1
"43136","virus_comp_587_cycle_1_16",1
"43137","virus_comp_587_cycle_1_19",1
"43138","virus_comp_587_cycle_1_22",1
"43139","virus_comp_587_cycle_1_24",1
"43140","virus_comp_587_cycle_1_25",1
"43141","virus_comp_587_cycle_1_26",1
"43142","virus_comp_587_cycle_1_29",1
"43143","virus_comp_587_cycle_1_30",1
"43144","virus_comp_587_cycle_1_34",1
"43145","virus_comp_587_cycle_1_36",1
"43146","virus_comp_587_cycle_1_37",1
"43147","virus_comp_587_cycle_1_38",1
"43148","virus_comp_587_cycle_1_4",1
"43149","virus_comp_587_cycle_1_40",1
"43150","virus_comp_587_cycle_1_43",1
"43151","virus_comp_587_cycle_1_44",1
"43152","virus_comp_587_cycle_1_47",1
"43153","virus_comp_587_cycle_1_49",1
"43154","virus_comp_587_cycle_1_5",1
"43155","virus_comp_587_cycle_1_50",1
"43156","virus_comp_587_cycle_1_51",1
"43157","virus_comp_587_cycle_1_52",1
"43158","virus_comp_587_cycle_1_53",1
"43159","virus_comp_587_cycle_1_54",1
"43160","virus_comp_587_cycle_1_56",1
"43161","virus_comp_587_cycle_1_63",1
"43162","virus_comp_587_cycle_1_64",1
"43163","virus_comp_587_cycle_1_67",1
"43164","virus_comp_587_cycle_1_68",1
"43165","virus_comp_587_cycle_1_69",1
"43166","virus_comp_587_cycle_1_70",1
"43167","virus_comp_587_cycle_1_71",1
"43168","virus_comp_587_cycle_1_72",1
"43169","virus_comp_587_cycle_1_77",1
"43170","virus_comp_587_cycle_1_79",1
"43171","virus_comp_587_cycle_1_82",1
"43172","virus_comp_588_cycle_1_20",1
"43173","virus_comp_588_cycle_1_21",1
"43174","virus_comp_588_cycle_1_22",1
"43175","virus_comp_588_cycle_1_24",1
"43176","virus_comp_588_cycle_1_29",1
"43177","virus_comp_588_cycle_1_31",1
"43178","virus_comp_588_cycle_1_39",1
"43179","virus_comp_588_cycle_1_53",1
"43180","virus_comp_588_cycle_1_55",1
"43181","virus_comp_588_cycle_1_56",1
"43182","virus_comp_588_cycle_1_58",1
"43183","virus_comp_588_cycle_1_59",1
"43184","virus_comp_588_cycle_1_65",1
"43185","virus_comp_5881_cycle_1_3",1
"43186","virus_comp_5888_cycle_1_1",1
"43187","virus_comp_5888_cycle_1_2",1
"43188","virus_comp_5888_cycle_1_3",1
"43189","virus_comp_5888_cycle_1_4",1
"43190","virus_comp_5888_cycle_1_5",1
"43191","virus_comp_5888_cycle_1_6",1
"43192","virus_comp_589_cycle_1_24",1
"43193","virus_comp_589_cycle_1_26",1
"43194","virus_comp_589_cycle_1_28",1
"43195","virus_comp_589_cycle_1_40",1
"43196","virus_comp_589_cycle_1_42",1
"43197","virus_comp_589_cycle_1_45",1
"43198","virus_comp_5893_cycle_1_1",1
"43199","virus_comp_5906_cycle_1_1",1
"43200","virus_comp_5906_cycle_1_2",1
"43201","virus_comp_5906_cycle_1_3",1
"43202","virus_comp_5906_cycle_1_4",1
"43203","virus_comp_5906_cycle_1_5",1
"43204","virus_comp_5911_cycle_1_1",1
"43205","virus_comp_5911_cycle_1_2",1
"43206","virus_comp_5911_cycle_1_3",1
"43207","virus_comp_5911_cycle_1_4",1
"43208","virus_comp_5911_cycle_1_5",1
"43209","virus_comp_5915_cycle_1_3",1
"43210","virus_comp_5922_cycle_1_5",1
"43211","virus_comp_593_cycle_1_1",1
"43212","virus_comp_593_cycle_1_121",1
"43213","virus_comp_593_cycle_1_122",1
"43214","virus_comp_593_cycle_1_37",1
"43215","virus_comp_593_cycle_1_38",1
"43216","virus_comp_593_cycle_1_39",1
"43217","virus_comp_593_cycle_1_4",1
"43218","virus_comp_593_cycle_1_43",1
"43219","virus_comp_593_cycle_1_46",1
"43220","virus_comp_593_cycle_1_54",1
"43221","virus_comp_593_cycle_1_71",1
"43222","virus_comp_593_cycle_1_77",1
"43223","virus_comp_593_cycle_1_8",1
"43224","virus_comp_593_cycle_1_98",1
"43225","virus_comp_5931_cycle_1_2",1
"43226","virus_comp_5931_cycle_1_4",1
"43227","virus_comp_5934_cycle_1_7",1
"43228","virus_comp_5936_cycle_1_1",1
"43229","virus_comp_5936_cycle_1_2",1
"43230","virus_comp_5936_cycle_1_4",1
"43231","virus_comp_5936_cycle_1_5",1
"43232","virus_comp_5948_cycle_1_1",1
"43233","virus_comp_5954_cycle_1_1",1
"43234","virus_comp_596_cycle_1_1",1
"43235","virus_comp_596_cycle_1_2",1
"43236","virus_comp_596_cycle_1_3",1
"43237","virus_comp_596_cycle_1_4",1
"43238","virus_comp_596_cycle_1_5",1
"43239","virus_comp_5961_cycle_1_1",1
"43240","virus_comp_5961_cycle_1_3",1
"43241","virus_comp_5963_cycle_1_1",1
"43242","virus_comp_5963_cycle_1_2",1
"43243","virus_comp_5974_cycle_1_1",1
"43244","virus_comp_5974_cycle_1_3",1
"43245","virus_comp_5974_cycle_1_4",1
"43246","virus_comp_5975_cycle_1_1",1
"43247","virus_comp_5979_cycle_1_2",1
"43248","virus_comp_5979_cycle_1_3",1
"43249","virus_comp_598_cycle_1_10",1
"43250","virus_comp_598_cycle_1_2",1
"43251","virus_comp_598_cycle_1_4",1
"43252","virus_comp_598_cycle_1_5",1
"43253","virus_comp_598_cycle_1_6",1
"43254","virus_comp_598_cycle_1_7",1
"43255","virus_comp_598_cycle_1_8",1
"43256","virus_comp_598_cycle_1_9",1
"43257","virus_comp_5985_cycle_1_3",1
"43258","virus_comp_5987_cycle_1_1",1
"43259","virus_comp_5987_cycle_1_2",1
"43260","virus_comp_5987_cycle_1_4",1
"43261","virus_comp_6004_cycle_1_1",1
"43262","virus_comp_6004_cycle_1_2",1
"43263","virus_comp_6004_cycle_1_3",1
"43264","virus_comp_6008_cycle_1_1",1
"43265","virus_comp_6008_cycle_1_2",1
"43266","virus_comp_6008_cycle_1_3",1
"43267","virus_comp_6008_cycle_1_4",1
"43268","virus_comp_6008_cycle_1_5",1
"43269","virus_comp_602_cycle_1_14",1
"43270","virus_comp_602_cycle_1_15",1
"43271","virus_comp_602_cycle_1_8",1
"43272","virus_comp_6031_cycle_1_1",1
"43273","virus_comp_6031_cycle_1_2",1
"43274","virus_comp_6031_cycle_1_3",1
"43275","virus_comp_6031_cycle_1_4",1
"43276","virus_comp_6038_cycle_1_1",1
"43277","virus_comp_6038_cycle_1_2",1
"43278","virus_comp_6038_cycle_1_3",1
"43279","virus_comp_6038_cycle_1_4",1
"43280","virus_comp_604_cycle_1_1",1
"43281","virus_comp_604_cycle_1_16",1
"43282","virus_comp_6041_cycle_1_1",1
"43283","virus_comp_6044_cycle_1_1",1
"43284","virus_comp_6044_cycle_1_2",1
"43285","virus_comp_6044_cycle_1_3",1
"43286","virus_comp_6044_cycle_1_4",1
"43287","virus_comp_6045_cycle_1_1",1
"43288","virus_comp_605_cycle_1_11",1
"43289","virus_comp_605_cycle_1_12",1
"43290","virus_comp_605_cycle_1_15",1
"43291","virus_comp_605_cycle_1_16",1
"43292","virus_comp_605_cycle_1_17",1
"43293","virus_comp_6058_cycle_1_1",1
"43294","virus_comp_6058_cycle_1_2",1
"43295","virus_comp_6058_cycle_1_3",1
"43296","virus_comp_6058_cycle_1_4",1
"43297","virus_comp_6063_cycle_1_3",1
"43298","virus_comp_6063_cycle_1_4",1
"43299","virus_comp_6063_cycle_1_5",1
"43300","virus_comp_608_cycle_1_1",1
"43301","virus_comp_6081_cycle_1_1",1
"43302","virus_comp_6081_cycle_1_4",1
"43303","virus_comp_6089_cycle_1_1",1
"43304","virus_comp_609_cycle_1_24",1
"43305","virus_comp_609_cycle_1_31",1
"43306","virus_comp_6095_cycle_1_3",1
"43307","virus_comp_6095_cycle_1_4",1
"43308","virus_comp_610_cycle_1_1",1
"43309","virus_comp_610_cycle_1_10",1
"43310","virus_comp_610_cycle_1_11",1
"43311","virus_comp_610_cycle_1_12",1
"43312","virus_comp_610_cycle_1_13",1
"43313","virus_comp_610_cycle_1_14",1
"43314","virus_comp_610_cycle_1_15",1
"43315","virus_comp_610_cycle_1_16",1
"43316","virus_comp_610_cycle_1_17",1
"43317","virus_comp_610_cycle_1_18",1
"43318","virus_comp_610_cycle_1_19",1
"43319","virus_comp_610_cycle_1_2",1
"43320","virus_comp_610_cycle_1_20",1
"43321","virus_comp_610_cycle_1_21",1
"43322","virus_comp_610_cycle_1_22",1
"43323","virus_comp_610_cycle_1_23",1
"43324","virus_comp_610_cycle_1_24",1
"43325","virus_comp_610_cycle_1_25",1
"43326","virus_comp_610_cycle_1_26",1
"43327","virus_comp_610_cycle_1_27",1
"43328","virus_comp_610_cycle_1_28",1
"43329","virus_comp_610_cycle_1_29",1
"43330","virus_comp_610_cycle_1_3",1
"43331","virus_comp_610_cycle_1_30",1
"43332","virus_comp_610_cycle_1_31",1
"43333","virus_comp_610_cycle_1_32",1
"43334","virus_comp_610_cycle_1_33",1
"43335","virus_comp_610_cycle_1_34",1
"43336","virus_comp_610_cycle_1_35",1
"43337","virus_comp_610_cycle_1_36",1
"43338","virus_comp_610_cycle_1_37",1
"43339","virus_comp_610_cycle_1_38",1
"43340","virus_comp_610_cycle_1_39",1
"43341","virus_comp_610_cycle_1_4",1
"43342","virus_comp_610_cycle_1_40",1
"43343","virus_comp_610_cycle_1_41",1
"43344","virus_comp_610_cycle_1_42",1
"43345","virus_comp_610_cycle_1_43",1
"43346","virus_comp_610_cycle_1_44",1
"43347","virus_comp_610_cycle_1_45",1
"43348","virus_comp_610_cycle_1_46",1
"43349","virus_comp_610_cycle_1_47",1
"43350","virus_comp_610_cycle_1_48",1
"43351","virus_comp_610_cycle_1_49",1
"43352","virus_comp_610_cycle_1_5",1
"43353","virus_comp_610_cycle_1_51",1
"43354","virus_comp_610_cycle_1_52",1
"43355","virus_comp_610_cycle_1_53",1
"43356","virus_comp_610_cycle_1_54",1
"43357","virus_comp_610_cycle_1_55",1
"43358","virus_comp_610_cycle_1_56",1
"43359","virus_comp_610_cycle_1_57",1
"43360","virus_comp_610_cycle_1_6",1
"43361","virus_comp_610_cycle_1_60",1
"43362","virus_comp_610_cycle_1_61",1
"43363","virus_comp_610_cycle_1_62",1
"43364","virus_comp_610_cycle_1_63",1
"43365","virus_comp_610_cycle_1_64",1
"43366","virus_comp_610_cycle_1_65",1
"43367","virus_comp_610_cycle_1_66",1
"43368","virus_comp_610_cycle_1_7",1
"43369","virus_comp_610_cycle_1_8",1
"43370","virus_comp_610_cycle_1_9",1
"43371","virus_comp_6104_cycle_1_4",1
"43372","virus_comp_6109_cycle_1_1",1
"43373","virus_comp_6109_cycle_1_2",1
"43374","virus_comp_6109_cycle_1_3",1
"43375","virus_comp_611_cycle_1_11",1
"43376","virus_comp_611_cycle_1_15",1
"43377","virus_comp_611_cycle_1_16",1
"43378","virus_comp_611_cycle_1_2",1
"43379","virus_comp_611_cycle_1_21",1
"43380","virus_comp_611_cycle_1_25",1
"43381","virus_comp_611_cycle_1_26",1
"43382","virus_comp_611_cycle_1_27",1
"43383","virus_comp_611_cycle_1_28",1
"43384","virus_comp_611_cycle_1_29",1
"43385","virus_comp_611_cycle_1_3",1
"43386","virus_comp_611_cycle_1_4",1
"43387","virus_comp_611_cycle_1_44",1
"43388","virus_comp_611_cycle_1_46",1
"43389","virus_comp_611_cycle_1_5",1
"43390","virus_comp_611_cycle_1_57",1
"43391","virus_comp_611_cycle_1_58",1
"43392","virus_comp_611_cycle_1_6",1
"43393","virus_comp_611_cycle_1_65",1
"43394","virus_comp_611_cycle_1_66",1
"43395","virus_comp_611_cycle_1_7",1
"43396","virus_comp_6113_cycle_1_1",1
"43397","virus_comp_6113_cycle_1_2",1
"43398","virus_comp_6113_cycle_1_3",1
"43399","virus_comp_612_cycle_1_1",1
"43400","virus_comp_612_cycle_1_2",1
"43401","virus_comp_612_cycle_1_3",1
"43402","virus_comp_6129_cycle_1_1",1
"43403","virus_comp_613_cycle_1_34",1
"43404","virus_comp_613_cycle_1_4",1
"43405","virus_comp_613_cycle_1_49",1
"43406","virus_comp_613_cycle_1_50",1
"43407","virus_comp_613_cycle_1_51",1
"43408","virus_comp_613_cycle_1_53",1
"43409","virus_comp_613_cycle_1_56",1
"43410","virus_comp_613_cycle_1_57",1
"43411","virus_comp_6132_cycle_1_1",1
"43412","virus_comp_6132_cycle_1_2",1
"43413","virus_comp_6134_cycle_1_1",1
"43414","virus_comp_6134_cycle_1_2",1
"43415","virus_comp_6152_cycle_1_2",1
"43416","virus_comp_6152_cycle_1_3",1
"43417","virus_comp_6152_cycle_1_5",1
"43418","virus_comp_6152_cycle_1_6",1
"43419","virus_comp_6155_cycle_1_2",1
"43420","virus_comp_6155_cycle_1_3",1
"43421","virus_comp_6155_cycle_1_4",1
"43422","virus_comp_6155_cycle_1_5",1
"43423","virus_comp_617_cycle_1_1",1
"43424","virus_comp_6182_cycle_1_1",1
"43425","virus_comp_6182_cycle_1_2",1
"43426","virus_comp_6182_cycle_1_3",1
"43427","virus_comp_6185_cycle_1_2",1
"43428","virus_comp_6185_cycle_1_3",1
"43429","virus_comp_619_cycle_1_13",1
"43430","virus_comp_619_cycle_1_14",1
"43431","virus_comp_6195_cycle_1_2",1
"43432","virus_comp_6195_cycle_1_3",1
"43433","virus_comp_6195_cycle_1_4",1
"43434","virus_comp_62_cycle_1_11",1
"43435","virus_comp_620_cycle_1_3",1
"43436","virus_comp_620_cycle_1_6",1
"43437","virus_comp_620_cycle_1_9",1
"43438","virus_comp_6202_cycle_1_1",1
"43439","virus_comp_6202_cycle_1_2",1
"43440","virus_comp_6202_cycle_1_3",1
"43441","virus_comp_6202_cycle_1_4",1
"43442","virus_comp_621_cycle_1_1",1
"43443","virus_comp_621_cycle_1_2",1
"43444","virus_comp_6210_cycle_1_2",1
"43445","virus_comp_6210_cycle_1_3",1
"43446","virus_comp_622_cycle_1_10",1
"43447","virus_comp_622_cycle_1_12",1
"43448","virus_comp_622_cycle_1_13",1
"43449","virus_comp_622_cycle_1_15",1
"43450","virus_comp_622_cycle_1_17",1
"43451","virus_comp_622_cycle_1_18",1
"43452","virus_comp_622_cycle_1_19",1
"43453","virus_comp_622_cycle_1_22",1
"43454","virus_comp_622_cycle_1_9",1
"43455","virus_comp_6228_cycle_1_1",1
"43456","virus_comp_6234_cycle_1_3",1
"43457","virus_comp_6239_cycle_1_1",1
"43458","virus_comp_6239_cycle_1_3",1
"43459","virus_comp_6239_cycle_1_4",1
"43460","virus_comp_624_cycle_1_2",1
"43461","virus_comp_624_cycle_1_3",1
"43462","virus_comp_624_cycle_1_4",1
"43463","virus_comp_624_cycle_1_5",1
"43464","virus_comp_6243_cycle_1_1",1
"43465","virus_comp_6243_cycle_1_2",1
"43466","virus_comp_6243_cycle_1_3",1
"43467","virus_comp_6249_cycle_1_1",1
"43468","virus_comp_6249_cycle_1_2",1
"43469","virus_comp_6249_cycle_1_3",1
"43470","virus_comp_6249_cycle_1_4",1
"43471","virus_comp_6249_cycle_1_5",1
"43472","virus_comp_625_cycle_1_1",1
"43473","virus_comp_625_cycle_1_3",1
"43474","virus_comp_6252_cycle_1_1",1
"43475","virus_comp_6255_cycle_1_1",1
"43476","virus_comp_6255_cycle_1_2",1
"43477","virus_comp_6255_cycle_1_4",1
"43478","virus_comp_6256_cycle_1_1",1
"43479","virus_comp_626_cycle_1_3",1
"43480","virus_comp_626_cycle_1_4",1
"43481","virus_comp_626_cycle_1_6",1
"43482","virus_comp_627_cycle_1_2",1
"43483","virus_comp_627_cycle_1_3",1
"43484","virus_comp_627_cycle_1_4",1
"43485","virus_comp_6278_cycle_1_4",1
"43486","virus_comp_6278_cycle_1_5",1
"43487","virus_comp_6278_cycle_1_6",1
"43488","virus_comp_6283_cycle_1_1",1
"43489","virus_comp_6283_cycle_1_2",1
"43490","virus_comp_6286_cycle_1_3",1
"43491","virus_comp_6286_cycle_1_4",1
"43492","virus_comp_6295_cycle_1_1",1
"43493","virus_comp_6295_cycle_1_2",1
"43494","virus_comp_6295_cycle_1_3",1
"43495","virus_comp_6296_cycle_1_3",1
"43496","virus_comp_630_cycle_1_2",1
"43497","virus_comp_630_cycle_1_4",1
"43498","virus_comp_630_cycle_1_6",1
"43499","virus_comp_6300_cycle_1_1",1
"43500","virus_comp_6300_cycle_1_2",1
"43501","virus_comp_6313_cycle_1_3",1
"43502","virus_comp_6317_cycle_1_1",1
"43503","virus_comp_6317_cycle_1_2",1
"43504","virus_comp_6317_cycle_1_3",1
"43505","virus_comp_6322_cycle_1_1",1
"43506","virus_comp_6323_cycle_1_1",1
"43507","virus_comp_6323_cycle_1_2",1
"43508","virus_comp_6323_cycle_1_3",1
"43509","virus_comp_6325_cycle_1_1",1
"43510","virus_comp_6325_cycle_1_2",1
"43511","virus_comp_6325_cycle_1_3",1
"43512","virus_comp_6325_cycle_1_4",1
"43513","virus_comp_6331_cycle_1_1",1
"43514","virus_comp_6331_cycle_1_2",1
"43515","virus_comp_6337_cycle_1_1",1
"43516","virus_comp_634_cycle_1_10",1
"43517","virus_comp_634_cycle_1_50",1
"43518","virus_comp_634_cycle_1_58",1
"43519","virus_comp_634_cycle_1_61",1
"43520","virus_comp_634_cycle_1_63",1
"43521","virus_comp_634_cycle_1_65",1
"43522","virus_comp_634_cycle_1_68",1
"43523","virus_comp_634_cycle_1_80",1
"43524","virus_comp_634_cycle_1_82",1
"43525","virus_comp_634_cycle_1_9",1
"43526","virus_comp_6343_cycle_1_1",1
"43527","virus_comp_6343_cycle_1_2",1
"43528","virus_comp_6343_cycle_1_4",1
"43529","virus_comp_6359_cycle_1_1",1
"43530","virus_comp_6359_cycle_1_3",1
"43531","virus_comp_6359_cycle_1_5",1
"43532","virus_comp_636_cycle_1_1",1
"43533","virus_comp_636_cycle_1_43",1
"43534","virus_comp_636_cycle_1_46",1
"43535","virus_comp_636_cycle_1_48",1
"43536","virus_comp_636_cycle_1_49",1
"43537","virus_comp_636_cycle_1_66",1
"43538","virus_comp_636_cycle_1_69",1
"43539","virus_comp_636_cycle_1_9",1
"43540","virus_comp_6363_cycle_1_1",1
"43541","virus_comp_6363_cycle_1_4",1
"43542","virus_comp_6363_cycle_1_5",1
"43543","virus_comp_6363_cycle_1_6",1
"43544","virus_comp_6363_cycle_1_7",1
"43545","virus_comp_6367_cycle_1_3",1
"43546","virus_comp_6367_cycle_1_4",1
"43547","virus_comp_6375_cycle_1_1",1
"43548","virus_comp_6375_cycle_1_2",1
"43549","virus_comp_638_cycle_1_3",1
"43550","virus_comp_638_cycle_1_4",1
"43551","virus_comp_6387_cycle_1_2",1
"43552","virus_comp_6389_cycle_1_2",1
"43553","virus_comp_6389_cycle_1_3",1
"43554","virus_comp_6389_cycle_1_4",1
"43555","virus_comp_6390_cycle_1_1",1
"43556","virus_comp_6390_cycle_1_2",1
"43557","virus_comp_6390_cycle_1_4",1
"43558","virus_comp_6399_cycle_1_1",1
"43559","virus_comp_6399_cycle_1_2",1
"43560","virus_comp_6399_cycle_1_3",1
"43561","virus_comp_6399_cycle_1_4",1
"43562","virus_comp_640_cycle_1_1",1
"43563","virus_comp_6403_cycle_1_1",1
"43564","virus_comp_6403_cycle_1_5",1
"43565","virus_comp_6403_cycle_1_7",1
"43566","virus_comp_6404_cycle_1_1",1
"43567","virus_comp_6404_cycle_1_2",1
"43568","virus_comp_6404_cycle_1_3",1
"43569","virus_comp_6404_cycle_1_4",1
"43570","virus_comp_6423_cycle_1_1",1
"43571","virus_comp_6423_cycle_1_3",1
"43572","virus_comp_6441_cycle_1_1",1
"43573","virus_comp_6441_cycle_1_2",1
"43574","virus_comp_6441_cycle_1_3",1
"43575","virus_comp_6445_cycle_1_2",1
"43576","virus_comp_6445_cycle_1_3",1
"43577","virus_comp_6445_cycle_1_4",1
"43578","virus_comp_645_cycle_1_12",1
"43579","virus_comp_645_cycle_1_5",1
"43580","virus_comp_645_cycle_1_6",1
"43581","virus_comp_647_cycle_1_1",1
"43582","virus_comp_647_cycle_1_6",1
"43583","virus_comp_648_cycle_1_10",1
"43584","virus_comp_648_cycle_1_3",1
"43585","virus_comp_648_cycle_1_9",1
"43586","virus_comp_6493_cycle_1_1",1
"43587","virus_comp_6493_cycle_1_2",1
"43588","virus_comp_650_cycle_1_1",1
"43589","virus_comp_650_cycle_1_10",1
"43590","virus_comp_650_cycle_1_11",1
"43591","virus_comp_650_cycle_1_12",1
"43592","virus_comp_650_cycle_1_13",1
"43593","virus_comp_650_cycle_1_14",1
"43594","virus_comp_650_cycle_1_15",1
"43595","virus_comp_650_cycle_1_16",1
"43596","virus_comp_650_cycle_1_17",1
"43597","virus_comp_650_cycle_1_18",1
"43598","virus_comp_650_cycle_1_19",1
"43599","virus_comp_650_cycle_1_2",1
"43600","virus_comp_650_cycle_1_20",1
"43601","virus_comp_650_cycle_1_21",1
"43602","virus_comp_650_cycle_1_22",1
"43603","virus_comp_650_cycle_1_23",1
"43604","virus_comp_650_cycle_1_24",1
"43605","virus_comp_650_cycle_1_25",1
"43606","virus_comp_650_cycle_1_26",1
"43607","virus_comp_650_cycle_1_27",1
"43608","virus_comp_650_cycle_1_28",1
"43609","virus_comp_650_cycle_1_29",1
"43610","virus_comp_650_cycle_1_3",1
"43611","virus_comp_650_cycle_1_30",1
"43612","virus_comp_650_cycle_1_31",1
"43613","virus_comp_650_cycle_1_32",1
"43614","virus_comp_650_cycle_1_33",1
"43615","virus_comp_650_cycle_1_34",1
"43616","virus_comp_650_cycle_1_35",1
"43617","virus_comp_650_cycle_1_36",1
"43618","virus_comp_650_cycle_1_37",1
"43619","virus_comp_650_cycle_1_38",1
"43620","virus_comp_650_cycle_1_39",1
"43621","virus_comp_650_cycle_1_4",1
"43622","virus_comp_650_cycle_1_40",1
"43623","virus_comp_650_cycle_1_41",1
"43624","virus_comp_650_cycle_1_42",1
"43625","virus_comp_650_cycle_1_43",1
"43626","virus_comp_650_cycle_1_44",1
"43627","virus_comp_650_cycle_1_45",1
"43628","virus_comp_650_cycle_1_46",1
"43629","virus_comp_650_cycle_1_47",1
"43630","virus_comp_650_cycle_1_48",1
"43631","virus_comp_650_cycle_1_49",1
"43632","virus_comp_650_cycle_1_5",1
"43633","virus_comp_650_cycle_1_50",1
"43634","virus_comp_650_cycle_1_51",1
"43635","virus_comp_650_cycle_1_52",1
"43636","virus_comp_650_cycle_1_53",1
"43637","virus_comp_650_cycle_1_54",1
"43638","virus_comp_650_cycle_1_55",1
"43639","virus_comp_650_cycle_1_56",1
"43640","virus_comp_650_cycle_1_57",1
"43641","virus_comp_650_cycle_1_58",1
"43642","virus_comp_650_cycle_1_59",1
"43643","virus_comp_650_cycle_1_6",1
"43644","virus_comp_650_cycle_1_60",1
"43645","virus_comp_650_cycle_1_61",1
"43646","virus_comp_650_cycle_1_62",1
"43647","virus_comp_650_cycle_1_63",1
"43648","virus_comp_650_cycle_1_64",1
"43649","virus_comp_650_cycle_1_65",1
"43650","virus_comp_650_cycle_1_66",1
"43651","virus_comp_650_cycle_1_67",1
"43652","virus_comp_650_cycle_1_68",1
"43653","virus_comp_650_cycle_1_69",1
"43654","virus_comp_650_cycle_1_7",1
"43655","virus_comp_650_cycle_1_70",1
"43656","virus_comp_650_cycle_1_71",1
"43657","virus_comp_650_cycle_1_72",1
"43658","virus_comp_650_cycle_1_73",1
"43659","virus_comp_650_cycle_1_74",1
"43660","virus_comp_650_cycle_1_75",1
"43661","virus_comp_650_cycle_1_76",1
"43662","virus_comp_650_cycle_1_8",1
"43663","virus_comp_650_cycle_1_9",1
"43664","virus_comp_6504_cycle_1_1",1
"43665","virus_comp_6504_cycle_1_2",1
"43666","virus_comp_6504_cycle_1_3",1
"43667","virus_comp_651_cycle_1_13",1
"43668","virus_comp_651_cycle_1_14",1
"43669","virus_comp_651_cycle_1_16",1
"43670","virus_comp_651_cycle_1_17",1
"43671","virus_comp_651_cycle_1_22",1
"43672","virus_comp_651_cycle_1_23",1
"43673","virus_comp_651_cycle_1_24",1
"43674","virus_comp_651_cycle_1_26",1
"43675","virus_comp_651_cycle_1_30",1
"43676","virus_comp_651_cycle_1_31",1
"43677","virus_comp_651_cycle_1_33",1
"43678","virus_comp_651_cycle_1_39",1
"43679","virus_comp_651_cycle_1_4",1
"43680","virus_comp_651_cycle_1_46",1
"43681","virus_comp_651_cycle_1_47",1
"43682","virus_comp_651_cycle_1_49",1
"43683","virus_comp_651_cycle_1_50",1
"43684","virus_comp_651_cycle_1_51",1
"43685","virus_comp_651_cycle_1_57",1
"43686","virus_comp_651_cycle_1_60",1
"43687","virus_comp_6510_cycle_1_2",1
"43688","virus_comp_6510_cycle_1_3",1
"43689","virus_comp_6510_cycle_1_5",1
"43690","virus_comp_6514_cycle_1_1",1
"43691","virus_comp_6514_cycle_1_2",1
"43692","virus_comp_6514_cycle_1_3",1
"43693","virus_comp_6514_cycle_1_5",1
"43694","virus_comp_6516_cycle_1_1",1
"43695","virus_comp_6516_cycle_1_2",1
"43696","virus_comp_6519_cycle_1_1",1
"43697","virus_comp_6519_cycle_1_2",1
"43698","virus_comp_6519_cycle_1_3",1
"43699","virus_comp_652_cycle_1_4",1
"43700","virus_comp_652_cycle_1_5",1
"43701","virus_comp_6524_cycle_1_1",1
"43702","virus_comp_6524_cycle_1_3",1
"43703","virus_comp_6524_cycle_1_4",1
"43704","virus_comp_6540_cycle_1_4",1
"43705","virus_comp_6541_cycle_1_1",1
"43706","virus_comp_656_cycle_1_4",1
"43707","virus_comp_6565_cycle_1_1",1
"43708","virus_comp_6565_cycle_1_3",1
"43709","virus_comp_6565_cycle_1_4",1
"43710","virus_comp_6565_cycle_1_5",1
"43711","virus_comp_6568_cycle_1_2",1
"43712","virus_comp_6568_cycle_1_3",1
"43713","virus_comp_6568_cycle_1_4",1
"43714","virus_comp_657_cycle_1_12",1
"43715","virus_comp_657_cycle_1_26",1
"43716","virus_comp_657_cycle_1_36",1
"43717","virus_comp_657_cycle_1_39",1
"43718","virus_comp_657_cycle_1_40",1
"43719","virus_comp_657_cycle_1_41",1
"43720","virus_comp_657_cycle_1_51",1
"43721","virus_comp_657_cycle_1_6",1
"43722","virus_comp_657_cycle_1_66",1
"43723","virus_comp_657_cycle_1_70",1
"43724","virus_comp_6574_cycle_1_4",1
"43725","virus_comp_6574_cycle_1_5",1
"43726","virus_comp_6587_cycle_1_3",1
"43727","virus_comp_659_cycle_1_2",1
"43728","virus_comp_6593_cycle_1_2",1
"43729","virus_comp_6597_cycle_1_1",1
"43730","virus_comp_6597_cycle_1_3",1
"43731","virus_comp_6597_cycle_1_4",1
"43732","virus_comp_6597_cycle_1_5",1
"43733","virus_comp_6597_cycle_1_6",1
"43734","virus_comp_6597_cycle_1_7",1
"43735","virus_comp_660_cycle_1_1",1
"43736","virus_comp_6609_cycle_1_2",1
"43737","virus_comp_6609_cycle_1_4",1
"43738","virus_comp_661_cycle_1_1",1
"43739","virus_comp_661_cycle_1_10",1
"43740","virus_comp_661_cycle_1_12",1
"43741","virus_comp_661_cycle_1_2",1
"43742","virus_comp_661_cycle_1_3",1
"43743","virus_comp_661_cycle_1_4",1
"43744","virus_comp_661_cycle_1_6",1
"43745","virus_comp_661_cycle_1_8",1
"43746","virus_comp_661_cycle_1_9",1
"43747","virus_comp_6615_cycle_1_1",1
"43748","virus_comp_6617_cycle_1_1",1
"43749","virus_comp_6617_cycle_1_2",1
"43750","virus_comp_6623_cycle_1_2",1
"43751","virus_comp_6630_cycle_1_1",1
"43752","virus_comp_6630_cycle_1_3",1
"43753","virus_comp_6632_cycle_1_2",1
"43754","virus_comp_664_cycle_1_1",1
"43755","virus_comp_664_cycle_1_11",1
"43756","virus_comp_664_cycle_1_12",1
"43757","virus_comp_664_cycle_1_14",1
"43758","virus_comp_664_cycle_1_2",1
"43759","virus_comp_664_cycle_1_3",1
"43760","virus_comp_664_cycle_1_4",1
"43761","virus_comp_664_cycle_1_5",1
"43762","virus_comp_664_cycle_1_7",1
"43763","virus_comp_664_cycle_1_9",1
"43764","virus_comp_6643_cycle_1_2",1
"43765","virus_comp_6645_cycle_1_6",1
"43766","virus_comp_6647_cycle_1_1",1
"43767","virus_comp_6647_cycle_1_2",1
"43768","virus_comp_6647_cycle_1_3",1
"43769","virus_comp_665_cycle_1_2",1
"43770","virus_comp_665_cycle_1_3",1
"43771","virus_comp_665_cycle_1_4",1
"43772","virus_comp_665_cycle_1_5",1
"43773","virus_comp_665_cycle_1_6",1
"43774","virus_comp_665_cycle_1_8",1
"43775","virus_comp_6652_cycle_1_1",1
"43776","virus_comp_6652_cycle_1_3",1
"43777","virus_comp_6656_cycle_1_4",1
"43778","virus_comp_6679_cycle_1_1",1
"43779","virus_comp_6679_cycle_1_3",1
"43780","virus_comp_6679_cycle_1_4",1
"43781","virus_comp_6679_cycle_1_5",1
"43782","virus_comp_6691_cycle_1_1",1
"43783","virus_comp_6695_cycle_1_4",1
"43784","virus_comp_67_cycle_1_22",1
"43785","virus_comp_67_cycle_1_31",1
"43786","virus_comp_67_cycle_1_32",1
"43787","virus_comp_67_cycle_1_34",1
"43788","virus_comp_67_cycle_1_35",1
"43789","virus_comp_67_cycle_1_37",1
"43790","virus_comp_67_cycle_1_38",1
"43791","virus_comp_67_cycle_1_9",1
"43792","virus_comp_6701_cycle_1_2",1
"43793","virus_comp_6701_cycle_1_3",1
"43794","virus_comp_6703_cycle_1_1",1
"43795","virus_comp_6703_cycle_1_2",1
"43796","virus_comp_6703_cycle_1_3",1
"43797","virus_comp_6703_cycle_1_4",1
"43798","virus_comp_6706_cycle_1_1",1
"43799","virus_comp_6706_cycle_1_2",1
"43800","virus_comp_6708_cycle_1_1",1
"43801","virus_comp_6708_cycle_1_2",1
"43802","virus_comp_6708_cycle_1_3",1
"43803","virus_comp_6713_cycle_1_1",1
"43804","virus_comp_6713_cycle_1_2",1
"43805","virus_comp_6718_cycle_1_4",1
"43806","virus_comp_6719_cycle_1_5",1
"43807","virus_comp_672_cycle_1_2",1
"43808","virus_comp_6721_cycle_1_4",1
"43809","virus_comp_6721_cycle_1_5",1
"43810","virus_comp_6723_cycle_1_1",1
"43811","virus_comp_6729_cycle_1_1",1
"43812","virus_comp_6729_cycle_1_2",1
"43813","virus_comp_6729_cycle_1_3",1
"43814","virus_comp_6729_cycle_1_4",1
"43815","virus_comp_6729_cycle_1_5",1
"43816","virus_comp_6731_cycle_1_2",1
"43817","virus_comp_6735_cycle_1_3",1
"43818","virus_comp_6737_cycle_1_1",1
"43819","virus_comp_674_cycle_1_1",1
"43820","virus_comp_674_cycle_1_15",1
"43821","virus_comp_674_cycle_1_6",1
"43822","virus_comp_6744_cycle_1_1",1
"43823","virus_comp_6748_cycle_1_1",1
"43824","virus_comp_6748_cycle_1_2",1
"43825","virus_comp_6749_cycle_1_1",1
"43826","virus_comp_6749_cycle_1_2",1
"43827","virus_comp_6753_cycle_1_1",1
"43828","virus_comp_6759_cycle_1_4",1
"43829","virus_comp_676_cycle_1_10",1
"43830","virus_comp_6761_cycle_1_1",1
"43831","virus_comp_6761_cycle_1_4",1
"43832","virus_comp_6761_cycle_1_5",1
"43833","virus_comp_6767_cycle_1_2",1
"43834","virus_comp_6767_cycle_1_3",1
"43835","virus_comp_6767_cycle_1_4",1
"43836","virus_comp_677_cycle_1_1",1
"43837","virus_comp_6781_cycle_1_1",1
"43838","virus_comp_6781_cycle_1_2",1
"43839","virus_comp_6784_cycle_1_1",1
"43840","virus_comp_6784_cycle_1_2",1
"43841","virus_comp_6784_cycle_1_3",1
"43842","virus_comp_6784_cycle_1_6",1
"43843","virus_comp_680_cycle_1_2",1
"43844","virus_comp_680_cycle_1_3",1
"43845","virus_comp_680_cycle_1_8",1
"43846","virus_comp_681_cycle_1_10",1
"43847","virus_comp_681_cycle_1_13",1
"43848","virus_comp_681_cycle_1_21",1
"43849","virus_comp_681_cycle_1_22",1
"43850","virus_comp_681_cycle_1_23",1
"43851","virus_comp_681_cycle_1_24",1
"43852","virus_comp_681_cycle_1_25",1
"43853","virus_comp_681_cycle_1_26",1
"43854","virus_comp_681_cycle_1_28",1
"43855","virus_comp_681_cycle_1_29",1
"43856","virus_comp_681_cycle_1_30",1
"43857","virus_comp_681_cycle_1_31",1
"43858","virus_comp_681_cycle_1_32",1
"43859","virus_comp_681_cycle_1_33",1
"43860","virus_comp_681_cycle_1_34",1
"43861","virus_comp_681_cycle_1_35",1
"43862","virus_comp_681_cycle_1_36",1
"43863","virus_comp_681_cycle_1_37",1
"43864","virus_comp_681_cycle_1_38",1
"43865","virus_comp_681_cycle_1_39",1
"43866","virus_comp_681_cycle_1_4",1
"43867","virus_comp_681_cycle_1_40",1
"43868","virus_comp_681_cycle_1_41",1
"43869","virus_comp_681_cycle_1_43",1
"43870","virus_comp_681_cycle_1_44",1
"43871","virus_comp_681_cycle_1_45",1
"43872","virus_comp_681_cycle_1_46",1
"43873","virus_comp_681_cycle_1_47",1
"43874","virus_comp_681_cycle_1_48",1
"43875","virus_comp_681_cycle_1_49",1
"43876","virus_comp_681_cycle_1_5",1
"43877","virus_comp_681_cycle_1_50",1
"43878","virus_comp_681_cycle_1_51",1
"43879","virus_comp_681_cycle_1_52",1
"43880","virus_comp_681_cycle_1_53",1
"43881","virus_comp_681_cycle_1_54",1
"43882","virus_comp_681_cycle_1_55",1
"43883","virus_comp_681_cycle_1_56",1
"43884","virus_comp_681_cycle_1_57",1
"43885","virus_comp_681_cycle_1_58",1
"43886","virus_comp_681_cycle_1_59",1
"43887","virus_comp_681_cycle_1_6",1
"43888","virus_comp_681_cycle_1_60",1
"43889","virus_comp_681_cycle_1_61",1
"43890","virus_comp_681_cycle_1_62",1
"43891","virus_comp_681_cycle_1_63",1
"43892","virus_comp_681_cycle_1_64",1
"43893","virus_comp_681_cycle_1_65",1
"43894","virus_comp_681_cycle_1_66",1
"43895","virus_comp_681_cycle_1_67",1
"43896","virus_comp_681_cycle_1_68",1
"43897","virus_comp_681_cycle_1_7",1
"43898","virus_comp_681_cycle_1_8",1
"43899","virus_comp_681_cycle_1_9",1
"43900","virus_comp_6810_cycle_1_1",1
"43901","virus_comp_6810_cycle_1_2",1
"43902","virus_comp_6812_cycle_1_2",1
"43903","virus_comp_6815_cycle_1_1",1
"43904","virus_comp_6818_cycle_1_1",1
"43905","virus_comp_6818_cycle_1_2",1
"43906","virus_comp_683_cycle_1_1",1
"43907","virus_comp_683_cycle_1_2",1
"43908","virus_comp_6831_cycle_1_1",1
"43909","virus_comp_6831_cycle_1_2",1
"43910","virus_comp_6839_cycle_1_1",1
"43911","virus_comp_6843_cycle_1_2",1
"43912","virus_comp_6843_cycle_1_3",1
"43913","virus_comp_6846_cycle_1_2",1
"43914","virus_comp_6846_cycle_1_3",1
"43915","virus_comp_6847_cycle_1_3",1
"43916","virus_comp_685_cycle_1_2",1
"43917","virus_comp_685_cycle_1_5",1
"43918","virus_comp_6851_cycle_1_3",1
"43919","virus_comp_6853_cycle_1_1",1
"43920","virus_comp_6872_cycle_1_1",1
"43921","virus_comp_6872_cycle_1_2",1
"43922","virus_comp_6872_cycle_1_3",1
"43923","virus_comp_6872_cycle_1_4",1
"43924","virus_comp_6872_cycle_1_5",1
"43925","virus_comp_6874_cycle_1_3",1
"43926","virus_comp_6877_cycle_1_1",1
"43927","virus_comp_6877_cycle_1_2",1
"43928","virus_comp_6878_cycle_1_1",1
"43929","virus_comp_6878_cycle_1_2",1
"43930","virus_comp_6878_cycle_1_3",1
"43931","virus_comp_6878_cycle_1_4",1
"43932","virus_comp_6886_cycle_1_1",1
"43933","virus_comp_6889_cycle_1_3",1
"43934","virus_comp_689_cycle_1_1",1
"43935","virus_comp_689_cycle_1_2",1
"43936","virus_comp_689_cycle_1_3",1
"43937","virus_comp_6893_cycle_1_1",1
"43938","virus_comp_6893_cycle_1_2",1
"43939","virus_comp_6893_cycle_1_3",1
"43940","virus_comp_6896_cycle_1_1",1
"43941","virus_comp_6896_cycle_1_2",1
"43942","virus_comp_6896_cycle_1_3",1
"43943","virus_comp_6898_cycle_1_1",1
"43944","virus_comp_6898_cycle_1_2",1
"43945","virus_comp_6898_cycle_1_3",1
"43946","virus_comp_69_cycle_1_13",1
"43947","virus_comp_69_cycle_1_16",1
"43948","virus_comp_69_cycle_1_32",1
"43949","virus_comp_69_cycle_1_35",1
"43950","virus_comp_69_cycle_1_36",1
"43951","virus_comp_69_cycle_1_37",1
"43952","virus_comp_690_cycle_1_1",1
"43953","virus_comp_690_cycle_1_2",1
"43954","virus_comp_690_cycle_1_4",1
"43955","virus_comp_690_cycle_1_5",1
"43956","virus_comp_690_cycle_1_6",1
"43957","virus_comp_690_cycle_1_7",1
"43958","virus_comp_6900_cycle_1_1",1
"43959","virus_comp_6900_cycle_1_2",1
"43960","virus_comp_6911_cycle_1_2",1
"43961","virus_comp_6911_cycle_1_3",1
"43962","virus_comp_6911_cycle_1_5",1
"43963","virus_comp_6920_cycle_1_1",1
"43964","virus_comp_6926_cycle_1_1",1
"43965","virus_comp_6929_cycle_1_1",1
"43966","virus_comp_6929_cycle_1_2",1
"43967","virus_comp_6929_cycle_1_3",1
"43968","virus_comp_6929_cycle_1_4",1
"43969","virus_comp_693_cycle_1_1",1
"43970","virus_comp_694_cycle_1_2",1
"43971","virus_comp_6953_cycle_1_3",1
"43972","virus_comp_6953_cycle_1_4",1
"43973","virus_comp_6953_cycle_1_5",1
"43974","virus_comp_6953_cycle_1_6",1
"43975","virus_comp_6954_cycle_1_4",1
"43976","virus_comp_6954_cycle_1_5",1
"43977","virus_comp_6955_cycle_1_1",1
"43978","virus_comp_6962_cycle_1_2",1
"43979","virus_comp_6962_cycle_1_3",1
"43980","virus_comp_6968_cycle_1_1",1
"43981","virus_comp_6968_cycle_1_2",1
"43982","virus_comp_6968_cycle_1_3",1
"43983","virus_comp_6968_cycle_1_4",1
"43984","virus_comp_697_cycle_1_1",1
"43985","virus_comp_697_cycle_1_2",1
"43986","virus_comp_697_cycle_1_4",1
"43987","virus_comp_6976_cycle_1_3",1
"43988","virus_comp_6977_cycle_1_1",1
"43989","virus_comp_6977_cycle_1_3",1
"43990","virus_comp_6984_cycle_1_2",1
"43991","virus_comp_6984_cycle_1_3",1
"43992","virus_comp_6984_cycle_1_4",1
"43993","virus_comp_6984_cycle_1_5",1
"43994","virus_comp_6987_cycle_1_1",1
"43995","virus_comp_6987_cycle_1_2",1
"43996","virus_comp_6987_cycle_1_3",1
"43997","virus_comp_699_cycle_1_1",1
"43998","virus_comp_699_cycle_1_12",1
"43999","virus_comp_699_cycle_1_17",1
"44000","virus_comp_699_cycle_1_19",1
"44001","virus_comp_699_cycle_1_2",1
"44002","virus_comp_699_cycle_1_20",1
"44003","virus_comp_699_cycle_1_21",1
"44004","virus_comp_699_cycle_1_22",1
"44005","virus_comp_699_cycle_1_23",1
"44006","virus_comp_699_cycle_1_24",1
"44007","virus_comp_699_cycle_1_25",1
"44008","virus_comp_699_cycle_1_26",1
"44009","virus_comp_699_cycle_1_27",1
"44010","virus_comp_699_cycle_1_28",1
"44011","virus_comp_699_cycle_1_29",1
"44012","virus_comp_699_cycle_1_30",1
"44013","virus_comp_699_cycle_1_31",1
"44014","virus_comp_699_cycle_1_32",1
"44015","virus_comp_699_cycle_1_33",1
"44016","virus_comp_699_cycle_1_34",1
"44017","virus_comp_699_cycle_1_35",1
"44018","virus_comp_699_cycle_1_37",1
"44019","virus_comp_699_cycle_1_38",1
"44020","virus_comp_699_cycle_1_39",1
"44021","virus_comp_699_cycle_1_4",1
"44022","virus_comp_699_cycle_1_40",1
"44023","virus_comp_699_cycle_1_43",1
"44024","virus_comp_699_cycle_1_44",1
"44025","virus_comp_699_cycle_1_48",1
"44026","virus_comp_699_cycle_1_49",1
"44027","virus_comp_699_cycle_1_5",1
"44028","virus_comp_699_cycle_1_50",1
"44029","virus_comp_699_cycle_1_51",1
"44030","virus_comp_699_cycle_1_54",1
"44031","virus_comp_699_cycle_1_6",1
"44032","virus_comp_699_cycle_1_62",1
"44033","virus_comp_699_cycle_1_63",1
"44034","virus_comp_699_cycle_1_64",1
"44035","virus_comp_699_cycle_1_65",1
"44036","virus_comp_699_cycle_1_66",1
"44037","virus_comp_699_cycle_1_67",1
"44038","virus_comp_699_cycle_1_7",1
"44039","virus_comp_699_cycle_1_70",1
"44040","virus_comp_699_cycle_1_72",1
"44041","virus_comp_699_cycle_1_8",1
"44042","virus_comp_6993_cycle_1_5",1
"44043","virus_comp_700_cycle_1_12",1
"44044","virus_comp_700_cycle_1_13",1
"44045","virus_comp_700_cycle_1_4",1
"44046","virus_comp_700_cycle_1_6",1
"44047","virus_comp_7006_cycle_1_1",1
"44048","virus_comp_7006_cycle_1_2",1
"44049","virus_comp_7010_cycle_1_2",1
"44050","virus_comp_7013_cycle_1_1",1
"44051","virus_comp_7016_cycle_1_3",1
"44052","virus_comp_702_cycle_1_2",1
"44053","virus_comp_7021_cycle_1_1",1
"44054","virus_comp_703_cycle_1_3",1
"44055","virus_comp_7038_cycle_1_3",1
"44056","virus_comp_7046_cycle_1_1",1
"44057","virus_comp_7049_cycle_1_1",1
"44058","virus_comp_7056_cycle_1_3",1
"44059","virus_comp_7056_cycle_1_4",1
"44060","virus_comp_7056_cycle_1_6",1
"44061","virus_comp_7061_cycle_1_2",1
"44062","virus_comp_7064_cycle_1_1",1
"44063","virus_comp_707_cycle_1_10",1
"44064","virus_comp_707_cycle_1_11",1
"44065","virus_comp_707_cycle_1_12",1
"44066","virus_comp_707_cycle_1_13",1
"44067","virus_comp_707_cycle_1_14",1
"44068","virus_comp_707_cycle_1_15",1
"44069","virus_comp_707_cycle_1_16",1
"44070","virus_comp_707_cycle_1_17",1
"44071","virus_comp_707_cycle_1_19",1
"44072","virus_comp_707_cycle_1_20",1
"44073","virus_comp_707_cycle_1_21",1
"44074","virus_comp_707_cycle_1_22",1
"44075","virus_comp_707_cycle_1_24",1
"44076","virus_comp_707_cycle_1_25",1
"44077","virus_comp_707_cycle_1_26",1
"44078","virus_comp_707_cycle_1_27",1
"44079","virus_comp_707_cycle_1_28",1
"44080","virus_comp_707_cycle_1_29",1
"44081","virus_comp_707_cycle_1_3",1
"44082","virus_comp_707_cycle_1_30",1
"44083","virus_comp_707_cycle_1_31",1
"44084","virus_comp_707_cycle_1_32",1
"44085","virus_comp_707_cycle_1_33",1
"44086","virus_comp_707_cycle_1_37",1
"44087","virus_comp_707_cycle_1_38",1
"44088","virus_comp_707_cycle_1_39",1
"44089","virus_comp_707_cycle_1_40",1
"44090","virus_comp_707_cycle_1_41",1
"44091","virus_comp_707_cycle_1_42",1
"44092","virus_comp_707_cycle_1_43",1
"44093","virus_comp_707_cycle_1_46",1
"44094","virus_comp_707_cycle_1_49",1
"44095","virus_comp_707_cycle_1_5",1
"44096","virus_comp_707_cycle_1_51",1
"44097","virus_comp_707_cycle_1_53",1
"44098","virus_comp_707_cycle_1_54",1
"44099","virus_comp_707_cycle_1_55",1
"44100","virus_comp_707_cycle_1_57",1
"44101","virus_comp_707_cycle_1_66",1
"44102","virus_comp_707_cycle_1_67",1
"44103","virus_comp_707_cycle_1_68",1
"44104","virus_comp_707_cycle_1_69",1
"44105","virus_comp_707_cycle_1_9",1
"44106","virus_comp_7076_cycle_1_1",1
"44107","virus_comp_7076_cycle_1_2",1
"44108","virus_comp_7076_cycle_1_3",1
"44109","virus_comp_7076_cycle_1_4",1
"44110","virus_comp_7076_cycle_1_5",1
"44111","virus_comp_7079_cycle_1_1",1
"44112","virus_comp_7079_cycle_1_2",1
"44113","virus_comp_7104_cycle_1_1",1
"44114","virus_comp_7104_cycle_1_3",1
"44115","virus_comp_7111_cycle_1_1",1
"44116","virus_comp_7113_cycle_1_1",1
"44117","virus_comp_7114_cycle_1_1",1
"44118","virus_comp_7114_cycle_1_2",1
"44119","virus_comp_7114_cycle_1_3",1
"44120","virus_comp_7117_cycle_1_1",1
"44121","virus_comp_7122_cycle_1_1",1
"44122","virus_comp_7122_cycle_1_2",1
"44123","virus_comp_7122_cycle_1_5",1
"44124","virus_comp_7125_cycle_1_1",1
"44125","virus_comp_7125_cycle_1_2",1
"44126","virus_comp_7125_cycle_1_3",1
"44127","virus_comp_7125_cycle_1_4",1
"44128","virus_comp_7125_cycle_1_5",1
"44129","virus_comp_713_cycle_1_4",1
"44130","virus_comp_7134_cycle_1_1",1
"44131","virus_comp_7137_cycle_1_3",1
"44132","virus_comp_714_cycle_1_4",1
"44133","virus_comp_7140_cycle_1_2",1
"44134","virus_comp_7146_cycle_1_3",1
"44135","virus_comp_7148_cycle_1_1",1
"44136","virus_comp_7148_cycle_1_2",1
"44137","virus_comp_7148_cycle_1_3",1
"44138","virus_comp_7148_cycle_1_4",1
"44139","virus_comp_7155_cycle_1_1",1
"44140","virus_comp_7155_cycle_1_2",1
"44141","virus_comp_7165_cycle_1_4",1
"44142","virus_comp_7179_cycle_1_1",1
"44143","virus_comp_7179_cycle_1_2",1
"44144","virus_comp_7179_cycle_1_3",1
"44145","virus_comp_718_cycle_1_5",1
"44146","virus_comp_7180_cycle_1_1",1
"44147","virus_comp_7180_cycle_1_2",1
"44148","virus_comp_7186_cycle_1_1",1
"44149","virus_comp_7186_cycle_1_2",1
"44150","virus_comp_719_cycle_1_6",1
"44151","virus_comp_719_cycle_1_7",1
"44152","virus_comp_7195_cycle_1_1",1
"44153","virus_comp_7195_cycle_1_2",1
"44154","virus_comp_7195_cycle_1_3",1
"44155","virus_comp_7216_cycle_1_2",1
"44156","virus_comp_7216_cycle_1_4",1
"44157","virus_comp_7220_cycle_1_1",1
"44158","virus_comp_7220_cycle_1_2",1
"44159","virus_comp_7220_cycle_1_3",1
"44160","virus_comp_7220_cycle_1_4",1
"44161","virus_comp_7223_cycle_1_1",1
"44162","virus_comp_7226_cycle_1_1",1
"44163","virus_comp_7226_cycle_1_2",1
"44164","virus_comp_7234_cycle_1_1",1
"44165","virus_comp_7234_cycle_1_2",1
"44166","virus_comp_7234_cycle_1_3",1
"44167","virus_comp_7234_cycle_1_5",1
"44168","virus_comp_7235_cycle_1_1",1
"44169","virus_comp_7235_cycle_1_2",1
"44170","virus_comp_7237_cycle_1_1",1
"44171","virus_comp_7237_cycle_1_2",1
"44172","virus_comp_7237_cycle_1_3",1
"44173","virus_comp_7237_cycle_1_4",1
"44174","virus_comp_724_cycle_1_1",1
"44175","virus_comp_724_cycle_1_4",1
"44176","virus_comp_724_cycle_1_7",1
"44177","virus_comp_724_cycle_1_8",1
"44178","virus_comp_7241_cycle_1_1",1
"44179","virus_comp_7241_cycle_1_3",1
"44180","virus_comp_7241_cycle_1_4",1
"44181","virus_comp_7241_cycle_1_5",1
"44182","virus_comp_725_cycle_1_1",1
"44183","virus_comp_725_cycle_1_10",1
"44184","virus_comp_725_cycle_1_12",1
"44185","virus_comp_725_cycle_1_14",1
"44186","virus_comp_725_cycle_1_15",1
"44187","virus_comp_725_cycle_1_16",1
"44188","virus_comp_725_cycle_1_17",1
"44189","virus_comp_725_cycle_1_18",1
"44190","virus_comp_725_cycle_1_19",1
"44191","virus_comp_725_cycle_1_2",1
"44192","virus_comp_725_cycle_1_20",1
"44193","virus_comp_725_cycle_1_21",1
"44194","virus_comp_725_cycle_1_22",1
"44195","virus_comp_725_cycle_1_23",1
"44196","virus_comp_725_cycle_1_26",1
"44197","virus_comp_725_cycle_1_27",1
"44198","virus_comp_725_cycle_1_3",1
"44199","virus_comp_725_cycle_1_33",1
"44200","virus_comp_725_cycle_1_35",1
"44201","virus_comp_725_cycle_1_38",1
"44202","virus_comp_725_cycle_1_39",1
"44203","virus_comp_725_cycle_1_4",1
"44204","virus_comp_725_cycle_1_40",1
"44205","virus_comp_725_cycle_1_41",1
"44206","virus_comp_725_cycle_1_42",1
"44207","virus_comp_725_cycle_1_43",1
"44208","virus_comp_725_cycle_1_44",1
"44209","virus_comp_725_cycle_1_45",1
"44210","virus_comp_725_cycle_1_46",1
"44211","virus_comp_725_cycle_1_47",1
"44212","virus_comp_725_cycle_1_48",1
"44213","virus_comp_725_cycle_1_49",1
"44214","virus_comp_725_cycle_1_5",1
"44215","virus_comp_725_cycle_1_50",1
"44216","virus_comp_725_cycle_1_51",1
"44217","virus_comp_725_cycle_1_52",1
"44218","virus_comp_725_cycle_1_53",1
"44219","virus_comp_725_cycle_1_54",1
"44220","virus_comp_725_cycle_1_55",1
"44221","virus_comp_725_cycle_1_56",1
"44222","virus_comp_725_cycle_1_57",1
"44223","virus_comp_725_cycle_1_58",1
"44224","virus_comp_725_cycle_1_59",1
"44225","virus_comp_725_cycle_1_6",1
"44226","virus_comp_725_cycle_1_61",1
"44227","virus_comp_725_cycle_1_62",1
"44228","virus_comp_725_cycle_1_7",1
"44229","virus_comp_725_cycle_1_8",1
"44230","virus_comp_7268_cycle_1_1",1
"44231","virus_comp_7268_cycle_1_2",1
"44232","virus_comp_7268_cycle_1_3",1
"44233","virus_comp_727_cycle_1_1",1
"44234","virus_comp_727_cycle_1_10",1
"44235","virus_comp_727_cycle_1_11",1
"44236","virus_comp_727_cycle_1_12",1
"44237","virus_comp_727_cycle_1_15",1
"44238","virus_comp_727_cycle_1_16",1
"44239","virus_comp_727_cycle_1_18",1
"44240","virus_comp_727_cycle_1_19",1
"44241","virus_comp_727_cycle_1_2",1
"44242","virus_comp_727_cycle_1_20",1
"44243","virus_comp_727_cycle_1_21",1
"44244","virus_comp_727_cycle_1_23",1
"44245","virus_comp_727_cycle_1_24",1
"44246","virus_comp_727_cycle_1_26",1
"44247","virus_comp_727_cycle_1_27",1
"44248","virus_comp_727_cycle_1_28",1
"44249","virus_comp_727_cycle_1_3",1
"44250","virus_comp_727_cycle_1_31",1
"44251","virus_comp_727_cycle_1_33",1
"44252","virus_comp_727_cycle_1_34",1
"44253","virus_comp_727_cycle_1_37",1
"44254","virus_comp_727_cycle_1_39",1
"44255","virus_comp_727_cycle_1_4",1
"44256","virus_comp_727_cycle_1_40",1
"44257","virus_comp_727_cycle_1_41",1
"44258","virus_comp_727_cycle_1_42",1
"44259","virus_comp_727_cycle_1_43",1
"44260","virus_comp_727_cycle_1_44",1
"44261","virus_comp_727_cycle_1_45",1
"44262","virus_comp_727_cycle_1_46",1
"44263","virus_comp_727_cycle_1_47",1
"44264","virus_comp_727_cycle_1_49",1
"44265","virus_comp_727_cycle_1_5",1
"44266","virus_comp_727_cycle_1_50",1
"44267","virus_comp_727_cycle_1_6",1
"44268","virus_comp_7271_cycle_1_2",1
"44269","virus_comp_7278_cycle_1_1",1
"44270","virus_comp_7278_cycle_1_2",1
"44271","virus_comp_7278_cycle_1_3",1
"44272","virus_comp_7278_cycle_1_4",1
"44273","virus_comp_7279_cycle_1_1",1
"44274","virus_comp_7279_cycle_1_2",1
"44275","virus_comp_7279_cycle_1_3",1
"44276","virus_comp_7284_cycle_1_1",1
"44277","virus_comp_7284_cycle_1_3",1
"44278","virus_comp_7284_cycle_1_5",1
"44279","virus_comp_7284_cycle_1_6",1
"44280","virus_comp_7286_cycle_1_2",1
"44281","virus_comp_7298_cycle_1_1",1
"44282","virus_comp_7298_cycle_1_2",1
"44283","virus_comp_7298_cycle_1_3",1
"44284","virus_comp_7303_cycle_1_2",1
"44285","virus_comp_7303_cycle_1_5",1
"44286","virus_comp_7310_cycle_1_2",1
"44287","virus_comp_7310_cycle_1_3",1
"44288","virus_comp_7310_cycle_1_4",1
"44289","virus_comp_7311_cycle_1_1",1
"44290","virus_comp_7311_cycle_1_2",1
"44291","virus_comp_7311_cycle_1_3",1
"44292","virus_comp_7311_cycle_1_4",1
"44293","virus_comp_7317_cycle_1_2",1
"44294","virus_comp_7317_cycle_1_3",1
"44295","virus_comp_7317_cycle_1_4",1
"44296","virus_comp_7317_cycle_1_5",1
"44297","virus_comp_7317_cycle_1_6",1
"44298","virus_comp_7321_cycle_1_1",1
"44299","virus_comp_7324_cycle_1_2",1
"44300","virus_comp_7330_cycle_1_2",1
"44301","virus_comp_7330_cycle_1_3",1
"44302","virus_comp_7338_cycle_1_2",1
"44303","virus_comp_7338_cycle_1_4",1
"44304","virus_comp_7338_cycle_1_5",1
"44305","virus_comp_7342_cycle_1_1",1
"44306","virus_comp_7342_cycle_1_3",1
"44307","virus_comp_7356_cycle_1_1",1
"44308","virus_comp_7356_cycle_1_2",1
"44309","virus_comp_7356_cycle_1_3",1
"44310","virus_comp_7356_cycle_1_4",1
"44311","virus_comp_7364_cycle_1_1",1
"44312","virus_comp_7364_cycle_1_2",1
"44313","virus_comp_7364_cycle_1_3",1
"44314","virus_comp_7368_cycle_1_1",1
"44315","virus_comp_7368_cycle_1_2",1
"44316","virus_comp_7380_cycle_1_1",1
"44317","virus_comp_7387_cycle_1_1",1
"44318","virus_comp_7400_cycle_1_1",1
"44319","virus_comp_7400_cycle_1_2",1
"44320","virus_comp_7407_cycle_1_1",1
"44321","virus_comp_7412_cycle_1_1",1
"44322","virus_comp_7412_cycle_1_2",1
"44323","virus_comp_7412_cycle_1_5",1
"44324","virus_comp_7418_cycle_1_1",1
"44325","virus_comp_7418_cycle_1_2",1
"44326","virus_comp_7418_cycle_1_3",1
"44327","virus_comp_7418_cycle_1_4",1
"44328","virus_comp_7421_cycle_1_4",1
"44329","virus_comp_7421_cycle_1_6",1
"44330","virus_comp_7424_cycle_1_1",1
"44331","virus_comp_7424_cycle_1_5",1
"44332","virus_comp_744_cycle_1_1",1
"44333","virus_comp_744_cycle_1_10",1
"44334","virus_comp_744_cycle_1_11",1
"44335","virus_comp_744_cycle_1_14",1
"44336","virus_comp_744_cycle_1_2",1
"44337","virus_comp_744_cycle_1_3",1
"44338","virus_comp_744_cycle_1_5",1
"44339","virus_comp_744_cycle_1_7",1
"44340","virus_comp_744_cycle_1_8",1
"44341","virus_comp_744_cycle_1_9",1
"44342","virus_comp_745_cycle_1_1",1
"44343","virus_comp_745_cycle_1_10",1
"44344","virus_comp_745_cycle_1_11",1
"44345","virus_comp_745_cycle_1_13",1
"44346","virus_comp_745_cycle_1_14",1
"44347","virus_comp_745_cycle_1_15",1
"44348","virus_comp_745_cycle_1_16",1
"44349","virus_comp_745_cycle_1_17",1
"44350","virus_comp_745_cycle_1_18",1
"44351","virus_comp_745_cycle_1_19",1
"44352","virus_comp_745_cycle_1_2",1
"44353","virus_comp_745_cycle_1_20",1
"44354","virus_comp_745_cycle_1_22",1
"44355","virus_comp_745_cycle_1_23",1
"44356","virus_comp_745_cycle_1_24",1
"44357","virus_comp_745_cycle_1_27",1
"44358","virus_comp_745_cycle_1_28",1
"44359","virus_comp_745_cycle_1_29",1
"44360","virus_comp_745_cycle_1_3",1
"44361","virus_comp_745_cycle_1_30",1
"44362","virus_comp_745_cycle_1_31",1
"44363","virus_comp_745_cycle_1_32",1
"44364","virus_comp_745_cycle_1_33",1
"44365","virus_comp_745_cycle_1_34",1
"44366","virus_comp_745_cycle_1_35",1
"44367","virus_comp_745_cycle_1_36",1
"44368","virus_comp_745_cycle_1_37",1
"44369","virus_comp_745_cycle_1_38",1
"44370","virus_comp_745_cycle_1_39",1
"44371","virus_comp_745_cycle_1_4",1
"44372","virus_comp_745_cycle_1_40",1
"44373","virus_comp_745_cycle_1_41",1
"44374","virus_comp_745_cycle_1_42",1
"44375","virus_comp_745_cycle_1_43",1
"44376","virus_comp_745_cycle_1_44",1
"44377","virus_comp_745_cycle_1_45",1
"44378","virus_comp_745_cycle_1_47",1
"44379","virus_comp_745_cycle_1_5",1
"44380","virus_comp_745_cycle_1_50",1
"44381","virus_comp_745_cycle_1_6",1
"44382","virus_comp_745_cycle_1_7",1
"44383","virus_comp_745_cycle_1_8",1
"44384","virus_comp_745_cycle_1_9",1
"44385","virus_comp_7450_cycle_1_1",1
"44386","virus_comp_7451_cycle_1_1",1
"44387","virus_comp_746_cycle_1_1",1
"44388","virus_comp_746_cycle_1_19",1
"44389","virus_comp_746_cycle_1_2",1
"44390","virus_comp_746_cycle_1_20",1
"44391","virus_comp_746_cycle_1_24",1
"44392","virus_comp_746_cycle_1_25",1
"44393","virus_comp_746_cycle_1_3",1
"44394","virus_comp_746_cycle_1_30",1
"44395","virus_comp_746_cycle_1_4",1
"44396","virus_comp_747_cycle_1_1",1
"44397","virus_comp_747_cycle_1_10",1
"44398","virus_comp_747_cycle_1_11",1
"44399","virus_comp_747_cycle_1_12",1
"44400","virus_comp_747_cycle_1_13",1
"44401","virus_comp_747_cycle_1_14",1
"44402","virus_comp_747_cycle_1_15",1
"44403","virus_comp_747_cycle_1_16",1
"44404","virus_comp_747_cycle_1_17",1
"44405","virus_comp_747_cycle_1_18",1
"44406","virus_comp_747_cycle_1_19",1
"44407","virus_comp_747_cycle_1_2",1
"44408","virus_comp_747_cycle_1_20",1
"44409","virus_comp_747_cycle_1_21",1
"44410","virus_comp_747_cycle_1_22",1
"44411","virus_comp_747_cycle_1_23",1
"44412","virus_comp_747_cycle_1_24",1
"44413","virus_comp_747_cycle_1_25",1
"44414","virus_comp_747_cycle_1_26",1
"44415","virus_comp_747_cycle_1_27",1
"44416","virus_comp_747_cycle_1_28",1
"44417","virus_comp_747_cycle_1_29",1
"44418","virus_comp_747_cycle_1_3",1
"44419","virus_comp_747_cycle_1_30",1
"44420","virus_comp_747_cycle_1_31",1
"44421","virus_comp_747_cycle_1_32",1
"44422","virus_comp_747_cycle_1_33",1
"44423","virus_comp_747_cycle_1_34",1
"44424","virus_comp_747_cycle_1_35",1
"44425","virus_comp_747_cycle_1_36",1
"44426","virus_comp_747_cycle_1_37",1
"44427","virus_comp_747_cycle_1_38",1
"44428","virus_comp_747_cycle_1_39",1
"44429","virus_comp_747_cycle_1_40",1
"44430","virus_comp_747_cycle_1_41",1
"44431","virus_comp_747_cycle_1_42",1
"44432","virus_comp_747_cycle_1_43",1
"44433","virus_comp_747_cycle_1_44",1
"44434","virus_comp_747_cycle_1_45",1
"44435","virus_comp_747_cycle_1_46",1
"44436","virus_comp_747_cycle_1_47",1
"44437","virus_comp_747_cycle_1_48",1
"44438","virus_comp_747_cycle_1_49",1
"44439","virus_comp_747_cycle_1_5",1
"44440","virus_comp_747_cycle_1_50",1
"44441","virus_comp_747_cycle_1_51",1
"44442","virus_comp_747_cycle_1_52",1
"44443","virus_comp_747_cycle_1_53",1
"44444","virus_comp_747_cycle_1_54",1
"44445","virus_comp_747_cycle_1_55",1
"44446","virus_comp_747_cycle_1_56",1
"44447","virus_comp_747_cycle_1_57",1
"44448","virus_comp_747_cycle_1_58",1
"44449","virus_comp_747_cycle_1_59",1
"44450","virus_comp_747_cycle_1_6",1
"44451","virus_comp_747_cycle_1_60",1
"44452","virus_comp_747_cycle_1_61",1
"44453","virus_comp_747_cycle_1_62",1
"44454","virus_comp_747_cycle_1_63",1
"44455","virus_comp_747_cycle_1_64",1
"44456","virus_comp_747_cycle_1_65",1
"44457","virus_comp_747_cycle_1_66",1
"44458","virus_comp_747_cycle_1_67",1
"44459","virus_comp_747_cycle_1_68",1
"44460","virus_comp_747_cycle_1_69",1
"44461","virus_comp_747_cycle_1_7",1
"44462","virus_comp_747_cycle_1_70",1
"44463","virus_comp_747_cycle_1_71",1
"44464","virus_comp_747_cycle_1_72",1
"44465","virus_comp_747_cycle_1_73",1
"44466","virus_comp_747_cycle_1_74",1
"44467","virus_comp_747_cycle_1_8",1
"44468","virus_comp_747_cycle_1_9",1
"44469","virus_comp_7473_cycle_1_1",1
"44470","virus_comp_7473_cycle_1_2",1
"44471","virus_comp_7473_cycle_1_3",1
"44472","virus_comp_7473_cycle_1_4",1
"44473","virus_comp_748_cycle_1_1",1
"44474","virus_comp_748_cycle_1_11",1
"44475","virus_comp_748_cycle_1_12",1
"44476","virus_comp_748_cycle_1_13",1
"44477","virus_comp_748_cycle_1_14",1
"44478","virus_comp_748_cycle_1_16",1
"44479","virus_comp_748_cycle_1_17",1
"44480","virus_comp_748_cycle_1_20",1
"44481","virus_comp_748_cycle_1_21",1
"44482","virus_comp_748_cycle_1_23",1
"44483","virus_comp_748_cycle_1_25",1
"44484","virus_comp_748_cycle_1_26",1
"44485","virus_comp_748_cycle_1_27",1
"44486","virus_comp_748_cycle_1_28",1
"44487","virus_comp_748_cycle_1_29",1
"44488","virus_comp_748_cycle_1_3",1
"44489","virus_comp_748_cycle_1_32",1
"44490","virus_comp_748_cycle_1_33",1
"44491","virus_comp_748_cycle_1_34",1
"44492","virus_comp_748_cycle_1_38",1
"44493","virus_comp_748_cycle_1_4",1
"44494","virus_comp_748_cycle_1_41",1
"44495","virus_comp_748_cycle_1_42",1
"44496","virus_comp_748_cycle_1_44",1
"44497","virus_comp_748_cycle_1_48",1
"44498","virus_comp_748_cycle_1_49",1
"44499","virus_comp_748_cycle_1_5",1
"44500","virus_comp_748_cycle_1_55",1
"44501","virus_comp_748_cycle_1_56",1
"44502","virus_comp_748_cycle_1_58",1
"44503","virus_comp_748_cycle_1_59",1
"44504","virus_comp_748_cycle_1_6",1
"44505","virus_comp_748_cycle_1_60",1
"44506","virus_comp_748_cycle_1_61",1
"44507","virus_comp_748_cycle_1_62",1
"44508","virus_comp_7489_cycle_1_1",1
"44509","virus_comp_7489_cycle_1_2",1
"44510","virus_comp_7489_cycle_1_3",1
"44511","virus_comp_7494_cycle_1_1",1
"44512","virus_comp_7494_cycle_1_3",1
"44513","virus_comp_7494_cycle_1_4",1
"44514","virus_comp_7507_cycle_1_1",1
"44515","virus_comp_7507_cycle_1_4",1
"44516","virus_comp_751_cycle_1_2",1
"44517","virus_comp_7514_cycle_1_3",1
"44518","virus_comp_752_cycle_1_2",1
"44519","virus_comp_752_cycle_1_3",1
"44520","virus_comp_752_cycle_1_8",1
"44521","virus_comp_752_cycle_1_9",1
"44522","virus_comp_753_cycle_1_2",1
"44523","virus_comp_7546_cycle_1_2",1
"44524","virus_comp_755_cycle_1_6",1
"44525","virus_comp_755_cycle_1_7",1
"44526","virus_comp_7551_cycle_1_1",1
"44527","virus_comp_7551_cycle_1_2",1
"44528","virus_comp_7551_cycle_1_3",1
"44529","virus_comp_7551_cycle_1_4",1
"44530","virus_comp_7551_cycle_1_5",1
"44531","virus_comp_7556_cycle_1_1",1
"44532","virus_comp_7556_cycle_1_4",1
"44533","virus_comp_756_cycle_1_10",1
"44534","virus_comp_756_cycle_1_2",1
"44535","virus_comp_756_cycle_1_3",1
"44536","virus_comp_756_cycle_1_4",1
"44537","virus_comp_756_cycle_1_5",1
"44538","virus_comp_756_cycle_1_6",1
"44539","virus_comp_756_cycle_1_7",1
"44540","virus_comp_756_cycle_1_8",1
"44541","virus_comp_756_cycle_1_9",1
"44542","virus_comp_7562_cycle_1_1",1
"44543","virus_comp_7562_cycle_1_2",1
"44544","virus_comp_7564_cycle_1_1",1
"44545","virus_comp_757_cycle_1_1",1
"44546","virus_comp_757_cycle_1_16",1
"44547","virus_comp_757_cycle_1_17",1
"44548","virus_comp_757_cycle_1_18",1
"44549","virus_comp_757_cycle_1_22",1
"44550","virus_comp_757_cycle_1_29",1
"44551","virus_comp_757_cycle_1_37",1
"44552","virus_comp_757_cycle_1_42",1
"44553","virus_comp_757_cycle_1_52",1
"44554","virus_comp_757_cycle_1_57",1
"44555","virus_comp_757_cycle_1_80",1
"44556","virus_comp_7586_cycle_1_1",1
"44557","virus_comp_7586_cycle_1_2",1
"44558","virus_comp_7586_cycle_1_4",1
"44559","virus_comp_7586_cycle_1_5",1
"44560","virus_comp_759_cycle_1_2",1
"44561","virus_comp_7591_cycle_1_1",1
"44562","virus_comp_7591_cycle_1_5",1
"44563","virus_comp_7593_cycle_1_1",1
"44564","virus_comp_7593_cycle_1_3",1
"44565","virus_comp_7598_cycle_1_1",1
"44566","virus_comp_7598_cycle_1_5",1
"44567","virus_comp_7606_cycle_1_3",1
"44568","virus_comp_7609_cycle_1_3",1
"44569","virus_comp_7609_cycle_1_4",1
"44570","virus_comp_761_cycle_1_1",1
"44571","virus_comp_761_cycle_1_17",1
"44572","virus_comp_761_cycle_1_18",1
"44573","virus_comp_761_cycle_1_26",1
"44574","virus_comp_761_cycle_1_29",1
"44575","virus_comp_761_cycle_1_36",1
"44576","virus_comp_761_cycle_1_44",1
"44577","virus_comp_761_cycle_1_46",1
"44578","virus_comp_761_cycle_1_48",1
"44579","virus_comp_761_cycle_1_56",1
"44580","virus_comp_7611_cycle_1_3",1
"44581","virus_comp_7611_cycle_1_5",1
"44582","virus_comp_762_cycle_1_4",1
"44583","virus_comp_763_cycle_1_1",1
"44584","virus_comp_763_cycle_1_10",1
"44585","virus_comp_763_cycle_1_11",1
"44586","virus_comp_763_cycle_1_12",1
"44587","virus_comp_763_cycle_1_13",1
"44588","virus_comp_763_cycle_1_14",1
"44589","virus_comp_763_cycle_1_15",1
"44590","virus_comp_763_cycle_1_16",1
"44591","virus_comp_763_cycle_1_17",1
"44592","virus_comp_763_cycle_1_18",1
"44593","virus_comp_763_cycle_1_19",1
"44594","virus_comp_763_cycle_1_2",1
"44595","virus_comp_763_cycle_1_20",1
"44596","virus_comp_763_cycle_1_21",1
"44597","virus_comp_763_cycle_1_23",1
"44598","virus_comp_763_cycle_1_24",1
"44599","virus_comp_763_cycle_1_25",1
"44600","virus_comp_763_cycle_1_26",1
"44601","virus_comp_763_cycle_1_27",1
"44602","virus_comp_763_cycle_1_28",1
"44603","virus_comp_763_cycle_1_29",1
"44604","virus_comp_763_cycle_1_3",1
"44605","virus_comp_763_cycle_1_30",1
"44606","virus_comp_763_cycle_1_32",1
"44607","virus_comp_763_cycle_1_33",1
"44608","virus_comp_763_cycle_1_34",1
"44609","virus_comp_763_cycle_1_35",1
"44610","virus_comp_763_cycle_1_38",1
"44611","virus_comp_763_cycle_1_4",1
"44612","virus_comp_763_cycle_1_40",1
"44613","virus_comp_763_cycle_1_41",1
"44614","virus_comp_763_cycle_1_42",1
"44615","virus_comp_763_cycle_1_43",1
"44616","virus_comp_763_cycle_1_45",1
"44617","virus_comp_763_cycle_1_46",1
"44618","virus_comp_763_cycle_1_47",1
"44619","virus_comp_763_cycle_1_48",1
"44620","virus_comp_763_cycle_1_49",1
"44621","virus_comp_763_cycle_1_5",1
"44622","virus_comp_763_cycle_1_50",1
"44623","virus_comp_763_cycle_1_51",1
"44624","virus_comp_763_cycle_1_52",1
"44625","virus_comp_763_cycle_1_53",1
"44626","virus_comp_763_cycle_1_6",1
"44627","virus_comp_763_cycle_1_7",1
"44628","virus_comp_763_cycle_1_8",1
"44629","virus_comp_763_cycle_1_9",1
"44630","virus_comp_7636_cycle_1_3",1
"44631","virus_comp_7651_cycle_1_1",1
"44632","virus_comp_7651_cycle_1_4",1
"44633","virus_comp_7653_cycle_1_1",1
"44634","virus_comp_7653_cycle_1_2",1
"44635","virus_comp_7654_cycle_1_2",1
"44636","virus_comp_7660_cycle_1_2",1
"44637","virus_comp_7665_cycle_1_1",1
"44638","virus_comp_7665_cycle_1_2",1
"44639","virus_comp_7665_cycle_1_3",1
"44640","virus_comp_7668_cycle_1_1",1
"44641","virus_comp_7668_cycle_1_2",1
"44642","virus_comp_7677_cycle_1_1",1
"44643","virus_comp_7677_cycle_1_2",1
"44644","virus_comp_7677_cycle_1_3",1
"44645","virus_comp_7677_cycle_1_4",1
"44646","virus_comp_7677_cycle_1_5",1
"44647","virus_comp_7679_cycle_1_1",1
"44648","virus_comp_768_cycle_1_1",1
"44649","virus_comp_768_cycle_1_11",1
"44650","virus_comp_768_cycle_1_12",1
"44651","virus_comp_768_cycle_1_13",1
"44652","virus_comp_768_cycle_1_15",1
"44653","virus_comp_768_cycle_1_16",1
"44654","virus_comp_768_cycle_1_2",1
"44655","virus_comp_768_cycle_1_21",1
"44656","virus_comp_768_cycle_1_23",1
"44657","virus_comp_768_cycle_1_24",1
"44658","virus_comp_768_cycle_1_25",1
"44659","virus_comp_768_cycle_1_26",1
"44660","virus_comp_768_cycle_1_27",1
"44661","virus_comp_768_cycle_1_28",1
"44662","virus_comp_768_cycle_1_29",1
"44663","virus_comp_768_cycle_1_3",1
"44664","virus_comp_768_cycle_1_31",1
"44665","virus_comp_768_cycle_1_37",1
"44666","virus_comp_768_cycle_1_5",1
"44667","virus_comp_768_cycle_1_7",1
"44668","virus_comp_768_cycle_1_8",1
"44669","virus_comp_768_cycle_1_9",1
"44670","virus_comp_7681_cycle_1_1",1
"44671","virus_comp_7695_cycle_1_1",1
"44672","virus_comp_7695_cycle_1_2",1
"44673","virus_comp_7699_cycle_1_1",1
"44674","virus_comp_7705_cycle_1_1",1
"44675","virus_comp_7705_cycle_1_2",1
"44676","virus_comp_7718_cycle_1_3",1
"44677","virus_comp_7720_cycle_1_2",1
"44678","virus_comp_7722_cycle_1_1",1
"44679","virus_comp_7722_cycle_1_2",1
"44680","virus_comp_7722_cycle_1_3",1
"44681","virus_comp_7725_cycle_1_1",1
"44682","virus_comp_7731_cycle_1_1",1
"44683","virus_comp_7731_cycle_1_2",1
"44684","virus_comp_7732_cycle_1_2",1
"44685","virus_comp_7751_cycle_1_1",1
"44686","virus_comp_7757_cycle_1_1",1
"44687","virus_comp_7757_cycle_1_4",1
"44688","virus_comp_7758_cycle_1_3",1
"44689","virus_comp_7764_cycle_1_1",1
"44690","virus_comp_7764_cycle_1_2",1
"44691","virus_comp_7770_cycle_1_1",1
"44692","virus_comp_7770_cycle_1_2",1
"44693","virus_comp_7770_cycle_1_3",1
"44694","virus_comp_7770_cycle_1_4",1
"44695","virus_comp_7774_cycle_1_2",1
"44696","virus_comp_7774_cycle_1_3",1
"44697","virus_comp_7780_cycle_1_2",1
"44698","virus_comp_7780_cycle_1_4",1
"44699","virus_comp_7786_cycle_1_1",1
"44700","virus_comp_7786_cycle_1_2",1
"44701","virus_comp_7786_cycle_1_3",1
"44702","virus_comp_7786_cycle_1_4",1
"44703","virus_comp_7787_cycle_1_1",1
"44704","virus_comp_7787_cycle_1_2",1
"44705","virus_comp_7787_cycle_1_3",1
"44706","virus_comp_7787_cycle_1_4",1
"44707","virus_comp_7792_cycle_1_1",1
"44708","virus_comp_7792_cycle_1_2",1
"44709","virus_comp_7792_cycle_1_3",1
"44710","virus_comp_7804_cycle_1_1",1
"44711","virus_comp_7804_cycle_1_2",1
"44712","virus_comp_7806_cycle_1_2",1
"44713","virus_comp_7808_cycle_1_1",1
"44714","virus_comp_7821_cycle_1_1",1
"44715","virus_comp_7821_cycle_1_3",1
"44716","virus_comp_7821_cycle_1_4",1
"44717","virus_comp_7827_cycle_1_2",1
"44718","virus_comp_7827_cycle_1_3",1
"44719","virus_comp_7827_cycle_1_4",1
"44720","virus_comp_7827_cycle_1_5",1
"44721","virus_comp_783_cycle_1_1",1
"44722","virus_comp_783_cycle_1_2",1
"44723","virus_comp_783_cycle_1_3",1
"44724","virus_comp_7846_cycle_1_1",1
"44725","virus_comp_7846_cycle_1_2",1
"44726","virus_comp_7846_cycle_1_3",1
"44727","virus_comp_7853_cycle_1_1",1
"44728","virus_comp_7853_cycle_1_2",1
"44729","virus_comp_7863_cycle_1_1",1
"44730","virus_comp_7869_cycle_1_1",1
"44731","virus_comp_7869_cycle_1_2",1
"44732","virus_comp_7869_cycle_1_3",1
"44733","virus_comp_7869_cycle_1_4",1
"44734","virus_comp_7875_cycle_1_2",1
"44735","virus_comp_7880_cycle_1_1",1
"44736","virus_comp_7880_cycle_1_2",1
"44737","virus_comp_7885_cycle_1_2",1
"44738","virus_comp_7885_cycle_1_3",1
"44739","virus_comp_7885_cycle_1_4",1
"44740","virus_comp_789_cycle_1_1",1
"44741","virus_comp_789_cycle_1_8",1
"44742","virus_comp_789_cycle_1_9",1
"44743","virus_comp_7890_cycle_1_2",1
"44744","virus_comp_7890_cycle_1_3",1
"44745","virus_comp_7890_cycle_1_4",1
"44746","virus_comp_790_cycle_1_1",1
"44747","virus_comp_790_cycle_1_10",1
"44748","virus_comp_790_cycle_1_2",1
"44749","virus_comp_790_cycle_1_38",1
"44750","virus_comp_790_cycle_1_4",1
"44751","virus_comp_790_cycle_1_41",1
"44752","virus_comp_790_cycle_1_7",1
"44753","virus_comp_7909_cycle_1_1",1
"44754","virus_comp_7909_cycle_1_3",1
"44755","virus_comp_7909_cycle_1_4",1
"44756","virus_comp_7909_cycle_1_5",1
"44757","virus_comp_791_cycle_1_1",1
"44758","virus_comp_791_cycle_1_2",1
"44759","virus_comp_791_cycle_1_3",1
"44760","virus_comp_791_cycle_1_4",1
"44761","virus_comp_792_cycle_1_3",1
"44762","virus_comp_7922_cycle_1_2",1
"44763","virus_comp_7922_cycle_1_3",1
"44764","virus_comp_7926_cycle_1_1",1
"44765","virus_comp_7926_cycle_1_2",1
"44766","virus_comp_7927_cycle_1_1",1
"44767","virus_comp_7927_cycle_1_2",1
"44768","virus_comp_7929_cycle_1_1",1
"44769","virus_comp_7929_cycle_1_2",1
"44770","virus_comp_794_cycle_1_2",1
"44771","virus_comp_7945_cycle_1_1",1
"44772","virus_comp_7949_cycle_1_1",1
"44773","virus_comp_7949_cycle_1_2",1
"44774","virus_comp_7949_cycle_1_3",1
"44775","virus_comp_7949_cycle_1_4",1
"44776","virus_comp_7949_cycle_1_5",1
"44777","virus_comp_795_cycle_1_2",1
"44778","virus_comp_7953_cycle_1_1",1
"44779","virus_comp_7953_cycle_1_2",1
"44780","virus_comp_7953_cycle_1_3",1
"44781","virus_comp_7953_cycle_1_4",1
"44782","virus_comp_7957_cycle_1_1",1
"44783","virus_comp_7957_cycle_1_2",1
"44784","virus_comp_7966_cycle_1_1",1
"44785","virus_comp_7966_cycle_1_2",1
"44786","virus_comp_7966_cycle_1_3",1
"44787","virus_comp_7969_cycle_1_4",1
"44788","virus_comp_7978_cycle_1_1",1
"44789","virus_comp_7978_cycle_1_2",1
"44790","virus_comp_7978_cycle_1_3",1
"44791","virus_comp_7978_cycle_1_4",1
"44792","virus_comp_7978_cycle_1_5",1
"44793","virus_comp_7979_cycle_1_1",1
"44794","virus_comp_7979_cycle_1_2",1
"44795","virus_comp_7979_cycle_1_3",1
"44796","virus_comp_798_cycle_1_1",1
"44797","virus_comp_798_cycle_1_10",1
"44798","virus_comp_798_cycle_1_11",1
"44799","virus_comp_798_cycle_1_12",1
"44800","virus_comp_798_cycle_1_13",1
"44801","virus_comp_798_cycle_1_14",1
"44802","virus_comp_798_cycle_1_15",1
"44803","virus_comp_798_cycle_1_16",1
"44804","virus_comp_798_cycle_1_17",1
"44805","virus_comp_798_cycle_1_18",1
"44806","virus_comp_798_cycle_1_19",1
"44807","virus_comp_798_cycle_1_2",1
"44808","virus_comp_798_cycle_1_20",1
"44809","virus_comp_798_cycle_1_3",1
"44810","virus_comp_798_cycle_1_35",1
"44811","virus_comp_798_cycle_1_4",1
"44812","virus_comp_798_cycle_1_41",1
"44813","virus_comp_798_cycle_1_45",1
"44814","virus_comp_798_cycle_1_49",1
"44815","virus_comp_798_cycle_1_5",1
"44816","virus_comp_798_cycle_1_50",1
"44817","virus_comp_798_cycle_1_51",1
"44818","virus_comp_798_cycle_1_6",1
"44819","virus_comp_798_cycle_1_7",1
"44820","virus_comp_798_cycle_1_8",1
"44821","virus_comp_798_cycle_1_9",1
"44822","virus_comp_7982_cycle_1_3",1
"44823","virus_comp_7990_cycle_1_1",1
"44824","virus_comp_7990_cycle_1_2",1
"44825","virus_comp_8_cycle_1_1",1
"44826","virus_comp_8_cycle_1_3",1
"44827","virus_comp_8009_cycle_1_2",1
"44828","virus_comp_8009_cycle_1_4",1
"44829","virus_comp_801_cycle_1_1",1
"44830","virus_comp_801_cycle_1_2",1
"44831","virus_comp_801_cycle_1_3",1
"44832","virus_comp_801_cycle_1_5",1
"44833","virus_comp_801_cycle_1_6",1
"44834","virus_comp_801_cycle_1_7",1
"44835","virus_comp_8010_cycle_1_3",1
"44836","virus_comp_8013_cycle_1_1",1
"44837","virus_comp_8015_cycle_1_1",1
"44838","virus_comp_8015_cycle_1_2",1
"44839","virus_comp_8017_cycle_1_2",1
"44840","virus_comp_8026_cycle_1_2",1
"44841","virus_comp_8026_cycle_1_3",1
"44842","virus_comp_8032_cycle_1_1",1
"44843","virus_comp_8032_cycle_1_3",1
"44844","virus_comp_804_cycle_1_65",1
"44845","virus_comp_8063_cycle_1_1",1
"44846","virus_comp_8063_cycle_1_2",1
"44847","virus_comp_8063_cycle_1_3",1
"44848","virus_comp_8067_cycle_1_1",1
"44849","virus_comp_8067_cycle_1_3",1
"44850","virus_comp_8068_cycle_1_1",1
"44851","virus_comp_8068_cycle_1_2",1
"44852","virus_comp_807_cycle_1_10",1
"44853","virus_comp_807_cycle_1_14",1
"44854","virus_comp_807_cycle_1_15",1
"44855","virus_comp_807_cycle_1_20",1
"44856","virus_comp_807_cycle_1_25",1
"44857","virus_comp_807_cycle_1_8",1
"44858","virus_comp_8070_cycle_1_4",1
"44859","virus_comp_8070_cycle_1_5",1
"44860","virus_comp_808_cycle_4_42",1
"44861","virus_comp_8084_cycle_1_1",1
"44862","virus_comp_8084_cycle_1_2",1
"44863","virus_comp_8087_cycle_1_1",1
"44864","virus_comp_8087_cycle_1_2",1
"44865","virus_comp_8087_cycle_1_3",1
"44866","virus_comp_8089_cycle_1_1",1
"44867","virus_comp_8089_cycle_1_2",1
"44868","virus_comp_8089_cycle_1_3",1
"44869","virus_comp_8089_cycle_1_5",1
"44870","virus_comp_8089_cycle_1_6",1
"44871","virus_comp_8095_cycle_1_3",1
"44872","virus_comp_8099_cycle_1_1",1
"44873","virus_comp_8099_cycle_1_2",1
"44874","virus_comp_8109_cycle_1_1",1
"44875","virus_comp_8113_cycle_1_1",1
"44876","virus_comp_8113_cycle_1_2",1
"44877","virus_comp_8115_cycle_1_1",1
"44878","virus_comp_8119_cycle_1_1",1
"44879","virus_comp_8119_cycle_1_2",1
"44880","virus_comp_8119_cycle_1_4",1
"44881","virus_comp_8125_cycle_1_1",1
"44882","virus_comp_8125_cycle_1_2",1
"44883","virus_comp_8136_cycle_1_2",1
"44884","virus_comp_8153_cycle_1_1",1
"44885","virus_comp_8153_cycle_1_2",1
"44886","virus_comp_8156_cycle_1_2",1
"44887","virus_comp_8158_cycle_1_2",1
"44888","virus_comp_816_cycle_1_1",1
"44889","virus_comp_816_cycle_1_10",1
"44890","virus_comp_816_cycle_1_11",1
"44891","virus_comp_816_cycle_1_12",1
"44892","virus_comp_816_cycle_1_13",1
"44893","virus_comp_816_cycle_1_2",1
"44894","virus_comp_816_cycle_1_3",1
"44895","virus_comp_816_cycle_1_4",1
"44896","virus_comp_816_cycle_1_5",1
"44897","virus_comp_816_cycle_1_6",1
"44898","virus_comp_816_cycle_1_7",1
"44899","virus_comp_816_cycle_1_8",1
"44900","virus_comp_816_cycle_1_9",1
"44901","virus_comp_8175_cycle_1_1",1
"44902","virus_comp_8175_cycle_1_2",1
"44903","virus_comp_8175_cycle_1_3",1
"44904","virus_comp_8187_cycle_1_1",1
"44905","virus_comp_8187_cycle_1_2",1
"44906","virus_comp_8187_cycle_1_4",1
"44907","virus_comp_8188_cycle_1_1",1
"44908","virus_comp_8188_cycle_1_2",1
"44909","virus_comp_8188_cycle_1_3",1
"44910","virus_comp_8188_cycle_1_4",1
"44911","virus_comp_8188_cycle_1_5",1
"44912","virus_comp_819_cycle_1_1",1
"44913","virus_comp_819_cycle_1_2",1
"44914","virus_comp_819_cycle_1_3",1
"44915","virus_comp_821_cycle_5_23",1
"44916","virus_comp_821_cycle_5_24",1
"44917","virus_comp_8210_cycle_1_1",1
"44918","virus_comp_8210_cycle_1_2",1
"44919","virus_comp_8212_cycle_1_1",1
"44920","virus_comp_8212_cycle_1_2",1
"44921","virus_comp_8212_cycle_1_3",1
"44922","virus_comp_8218_cycle_1_1",1
"44923","virus_comp_8218_cycle_1_2",1
"44924","virus_comp_8221_cycle_1_1",1
"44925","virus_comp_8221_cycle_1_2",1
"44926","virus_comp_8221_cycle_1_3",1
"44927","virus_comp_8221_cycle_1_4",1
"44928","virus_comp_8225_cycle_1_1",1
"44929","virus_comp_8225_cycle_1_2",1
"44930","virus_comp_8225_cycle_1_3",1
"44931","virus_comp_8225_cycle_1_4",1
"44932","virus_comp_8233_cycle_1_3",1
"44933","virus_comp_8237_cycle_1_1",1
"44934","virus_comp_8237_cycle_1_2",1
"44935","virus_comp_8238_cycle_1_1",1
"44936","virus_comp_8238_cycle_1_2",1
"44937","virus_comp_8238_cycle_1_3",1
"44938","virus_comp_8245_cycle_1_2",1
"44939","virus_comp_8245_cycle_1_3",1
"44940","virus_comp_8246_cycle_1_4",1
"44941","virus_comp_8257_cycle_1_1",1
"44942","virus_comp_826_cycle_1_6",1
"44943","virus_comp_8266_cycle_1_1",1
"44944","virus_comp_8266_cycle_1_2",1
"44945","virus_comp_8293_cycle_1_1",1
"44946","virus_comp_8295_cycle_1_1",1
"44947","virus_comp_8295_cycle_1_3",1
"44948","virus_comp_8295_cycle_1_4",1
"44949","virus_comp_830_cycle_1_1",1
"44950","virus_comp_830_cycle_1_10",1
"44951","virus_comp_830_cycle_1_11",1
"44952","virus_comp_830_cycle_1_15",1
"44953","virus_comp_830_cycle_1_16",1
"44954","virus_comp_830_cycle_1_17",1
"44955","virus_comp_830_cycle_1_2",1
"44956","virus_comp_830_cycle_1_20",1
"44957","virus_comp_830_cycle_1_22",1
"44958","virus_comp_830_cycle_1_29",1
"44959","virus_comp_830_cycle_1_3",1
"44960","virus_comp_830_cycle_1_30",1
"44961","virus_comp_830_cycle_1_31",1
"44962","virus_comp_830_cycle_1_32",1
"44963","virus_comp_830_cycle_1_33",1
"44964","virus_comp_830_cycle_1_35",1
"44965","virus_comp_830_cycle_1_37",1
"44966","virus_comp_830_cycle_1_38",1
"44967","virus_comp_830_cycle_1_39",1
"44968","virus_comp_830_cycle_1_4",1
"44969","virus_comp_830_cycle_1_40",1
"44970","virus_comp_830_cycle_1_41",1
"44971","virus_comp_830_cycle_1_42",1
"44972","virus_comp_830_cycle_1_43",1
"44973","virus_comp_830_cycle_1_44",1
"44974","virus_comp_830_cycle_1_45",1
"44975","virus_comp_830_cycle_1_46",1
"44976","virus_comp_830_cycle_1_47",1
"44977","virus_comp_830_cycle_1_48",1
"44978","virus_comp_830_cycle_1_49",1
"44979","virus_comp_830_cycle_1_51",1
"44980","virus_comp_830_cycle_1_53",1
"44981","virus_comp_830_cycle_1_7",1
"44982","virus_comp_830_cycle_1_9",1
"44983","virus_comp_8304_cycle_1_3",1
"44984","virus_comp_8308_cycle_1_1",1
"44985","virus_comp_8308_cycle_1_3",1
"44986","virus_comp_8308_cycle_1_4",1
"44987","virus_comp_8315_cycle_1_1",1
"44988","virus_comp_8315_cycle_1_2",1
"44989","virus_comp_8330_cycle_1_1",1
"44990","virus_comp_8330_cycle_1_2",1
"44991","virus_comp_8330_cycle_1_3",1
"44992","virus_comp_8333_cycle_1_1",1
"44993","virus_comp_8333_cycle_1_3",1
"44994","virus_comp_8343_cycle_1_1",1
"44995","virus_comp_8345_cycle_1_1",1
"44996","virus_comp_8348_cycle_1_1",1
"44997","virus_comp_8348_cycle_1_2",1
"44998","virus_comp_8350_cycle_1_1",1
"44999","virus_comp_8350_cycle_1_2",1
"45000","virus_comp_8367_cycle_1_1",1
"45001","virus_comp_837_cycle_1_1",1
"45002","virus_comp_837_cycle_1_12",1
"45003","virus_comp_837_cycle_1_13",1
"45004","virus_comp_837_cycle_1_7",1
"45005","virus_comp_8377_cycle_1_1",1
"45006","virus_comp_8377_cycle_1_2",1
"45007","virus_comp_8381_cycle_1_1",1
"45008","virus_comp_8381_cycle_1_2",1
"45009","virus_comp_8385_cycle_1_3",1
"45010","virus_comp_8387_cycle_1_1",1
"45011","virus_comp_841_cycle_1_43",1
"45012","virus_comp_841_cycle_1_48",1
"45013","virus_comp_841_cycle_1_50",1
"45014","virus_comp_8419_cycle_1_1",1
"45015","virus_comp_8419_cycle_1_2",1
"45016","virus_comp_8419_cycle_1_3",1
"45017","virus_comp_843_cycle_1_10",1
"45018","virus_comp_843_cycle_1_11",1
"45019","virus_comp_843_cycle_1_12",1
"45020","virus_comp_843_cycle_1_13",1
"45021","virus_comp_843_cycle_1_14",1
"45022","virus_comp_843_cycle_1_15",1
"45023","virus_comp_843_cycle_1_16",1
"45024","virus_comp_843_cycle_1_17",1
"45025","virus_comp_843_cycle_1_19",1
"45026","virus_comp_843_cycle_1_20",1
"45027","virus_comp_843_cycle_1_21",1
"45028","virus_comp_843_cycle_1_23",1
"45029","virus_comp_843_cycle_1_24",1
"45030","virus_comp_843_cycle_1_25",1
"45031","virus_comp_843_cycle_1_26",1
"45032","virus_comp_843_cycle_1_27",1
"45033","virus_comp_843_cycle_1_28",1
"45034","virus_comp_843_cycle_1_29",1
"45035","virus_comp_843_cycle_1_3",1
"45036","virus_comp_843_cycle_1_30",1
"45037","virus_comp_843_cycle_1_31",1
"45038","virus_comp_843_cycle_1_32",1
"45039","virus_comp_843_cycle_1_33",1
"45040","virus_comp_843_cycle_1_34",1
"45041","virus_comp_843_cycle_1_35",1
"45042","virus_comp_843_cycle_1_36",1
"45043","virus_comp_843_cycle_1_37",1
"45044","virus_comp_843_cycle_1_38",1
"45045","virus_comp_843_cycle_1_39",1
"45046","virus_comp_843_cycle_1_4",1
"45047","virus_comp_843_cycle_1_40",1
"45048","virus_comp_843_cycle_1_41",1
"45049","virus_comp_843_cycle_1_42",1
"45050","virus_comp_843_cycle_1_43",1
"45051","virus_comp_843_cycle_1_44",1
"45052","virus_comp_843_cycle_1_45",1
"45053","virus_comp_843_cycle_1_46",1
"45054","virus_comp_843_cycle_1_47",1
"45055","virus_comp_843_cycle_1_48",1
"45056","virus_comp_843_cycle_1_49",1
"45057","virus_comp_843_cycle_1_5",1
"45058","virus_comp_843_cycle_1_50",1
"45059","virus_comp_843_cycle_1_51",1
"45060","virus_comp_843_cycle_1_52",1
"45061","virus_comp_843_cycle_1_53",1
"45062","virus_comp_843_cycle_1_6",1
"45063","virus_comp_843_cycle_1_7",1
"45064","virus_comp_843_cycle_1_8",1
"45065","virus_comp_843_cycle_1_9",1
"45066","virus_comp_8430_cycle_1_1",1
"45067","virus_comp_845_cycle_1_1",1
"45068","virus_comp_845_cycle_1_14",1
"45069","virus_comp_845_cycle_1_18",1
"45070","virus_comp_845_cycle_1_19",1
"45071","virus_comp_845_cycle_1_2",1
"45072","virus_comp_845_cycle_1_20",1
"45073","virus_comp_845_cycle_1_21",1
"45074","virus_comp_845_cycle_1_22",1
"45075","virus_comp_845_cycle_1_23",1
"45076","virus_comp_845_cycle_1_27",1
"45077","virus_comp_845_cycle_1_28",1
"45078","virus_comp_845_cycle_1_29",1
"45079","virus_comp_845_cycle_1_3",1
"45080","virus_comp_845_cycle_1_30",1
"45081","virus_comp_845_cycle_1_32",1
"45082","virus_comp_845_cycle_1_33",1
"45083","virus_comp_845_cycle_1_34",1
"45084","virus_comp_845_cycle_1_36",1
"45085","virus_comp_845_cycle_1_38",1
"45086","virus_comp_845_cycle_1_39",1
"45087","virus_comp_845_cycle_1_4",1
"45088","virus_comp_845_cycle_1_40",1
"45089","virus_comp_845_cycle_1_41",1
"45090","virus_comp_845_cycle_1_42",1
"45091","virus_comp_845_cycle_1_43",1
"45092","virus_comp_845_cycle_1_5",1
"45093","virus_comp_845_cycle_1_6",1
"45094","virus_comp_845_cycle_1_7",1
"45095","virus_comp_845_cycle_1_8",1
"45096","virus_comp_8450_cycle_1_1",1
"45097","virus_comp_8458_cycle_1_1",1
"45098","virus_comp_8458_cycle_1_2",1
"45099","virus_comp_846_cycle_1_1",1
"45100","virus_comp_846_cycle_1_3",1
"45101","virus_comp_8466_cycle_1_1",1
"45102","virus_comp_8466_cycle_1_3",1
"45103","virus_comp_8469_cycle_1_3",1
"45104","virus_comp_849_cycle_1_1",1
"45105","virus_comp_849_cycle_1_10",1
"45106","virus_comp_849_cycle_1_12",1
"45107","virus_comp_849_cycle_1_13",1
"45108","virus_comp_849_cycle_1_14",1
"45109","virus_comp_849_cycle_1_15",1
"45110","virus_comp_849_cycle_1_16",1
"45111","virus_comp_849_cycle_1_5",1
"45112","virus_comp_849_cycle_1_6",1
"45113","virus_comp_849_cycle_1_8",1
"45114","virus_comp_849_cycle_1_9",1
"45115","virus_comp_8493_cycle_1_1",1
"45116","virus_comp_85_cycle_1_2",1
"45117","virus_comp_8507_cycle_1_4",1
"45118","virus_comp_8517_cycle_1_1",1
"45119","virus_comp_8517_cycle_1_2",1
"45120","virus_comp_8517_cycle_1_3",1
"45121","virus_comp_852_cycle_1_10",1
"45122","virus_comp_852_cycle_1_11",1
"45123","virus_comp_852_cycle_1_2",1
"45124","virus_comp_852_cycle_1_3",1
"45125","virus_comp_852_cycle_1_4",1
"45126","virus_comp_852_cycle_1_5",1
"45127","virus_comp_852_cycle_1_6",1
"45128","virus_comp_852_cycle_1_7",1
"45129","virus_comp_852_cycle_1_8",1
"45130","virus_comp_852_cycle_1_9",1
"45131","virus_comp_8521_cycle_1_1",1
"45132","virus_comp_8521_cycle_1_2",1
"45133","virus_comp_8521_cycle_1_3",1
"45134","virus_comp_8530_cycle_1_1",1
"45135","virus_comp_8530_cycle_1_2",1
"45136","virus_comp_8530_cycle_1_3",1
"45137","virus_comp_8530_cycle_1_4",1
"45138","virus_comp_8536_cycle_1_1",1
"45139","virus_comp_8536_cycle_1_2",1
"45140","virus_comp_8538_cycle_1_2",1
"45141","virus_comp_855_cycle_1_1",1
"45142","virus_comp_855_cycle_1_10",1
"45143","virus_comp_855_cycle_1_11",1
"45144","virus_comp_855_cycle_1_12",1
"45145","virus_comp_855_cycle_1_13",1
"45146","virus_comp_855_cycle_1_14",1
"45147","virus_comp_855_cycle_1_15",1
"45148","virus_comp_855_cycle_1_16",1
"45149","virus_comp_855_cycle_1_17",1
"45150","virus_comp_855_cycle_1_18",1
"45151","virus_comp_855_cycle_1_19",1
"45152","virus_comp_855_cycle_1_2",1
"45153","virus_comp_855_cycle_1_20",1
"45154","virus_comp_855_cycle_1_21",1
"45155","virus_comp_855_cycle_1_22",1
"45156","virus_comp_855_cycle_1_23",1
"45157","virus_comp_855_cycle_1_3",1
"45158","virus_comp_855_cycle_1_4",1
"45159","virus_comp_855_cycle_1_5",1
"45160","virus_comp_855_cycle_1_6",1
"45161","virus_comp_855_cycle_1_7",1
"45162","virus_comp_855_cycle_1_8",1
"45163","virus_comp_855_cycle_1_9",1
"45164","virus_comp_8552_cycle_1_1",1
"45165","virus_comp_8552_cycle_1_2",1
"45166","virus_comp_8552_cycle_1_3",1
"45167","virus_comp_8552_cycle_1_4",1
"45168","virus_comp_856_cycle_1_10",1
"45169","virus_comp_856_cycle_1_11",1
"45170","virus_comp_856_cycle_1_12",1
"45171","virus_comp_856_cycle_1_13",1
"45172","virus_comp_856_cycle_1_14",1
"45173","virus_comp_856_cycle_1_15",1
"45174","virus_comp_856_cycle_1_16",1
"45175","virus_comp_856_cycle_1_17",1
"45176","virus_comp_856_cycle_1_18",1
"45177","virus_comp_856_cycle_1_19",1
"45178","virus_comp_856_cycle_1_20",1
"45179","virus_comp_856_cycle_1_21",1
"45180","virus_comp_856_cycle_1_22",1
"45181","virus_comp_856_cycle_1_23",1
"45182","virus_comp_856_cycle_1_25",1
"45183","virus_comp_856_cycle_1_26",1
"45184","virus_comp_856_cycle_1_27",1
"45185","virus_comp_856_cycle_1_29",1
"45186","virus_comp_856_cycle_1_30",1
"45187","virus_comp_856_cycle_1_31",1
"45188","virus_comp_856_cycle_1_32",1
"45189","virus_comp_856_cycle_1_33",1
"45190","virus_comp_856_cycle_1_34",1
"45191","virus_comp_856_cycle_1_35",1
"45192","virus_comp_856_cycle_1_36",1
"45193","virus_comp_856_cycle_1_37",1
"45194","virus_comp_856_cycle_1_38",1
"45195","virus_comp_856_cycle_1_40",1
"45196","virus_comp_856_cycle_1_41",1
"45197","virus_comp_856_cycle_1_5",1
"45198","virus_comp_856_cycle_1_6",1
"45199","virus_comp_856_cycle_1_7",1
"45200","virus_comp_856_cycle_1_9",1
"45201","virus_comp_8564_cycle_1_1",1
"45202","virus_comp_857_cycle_1_1",1
"45203","virus_comp_857_cycle_1_3",1
"45204","virus_comp_8576_cycle_1_1",1
"45205","virus_comp_8576_cycle_1_4",1
"45206","virus_comp_858_cycle_1_37",1
"45207","virus_comp_858_cycle_1_38",1
"45208","virus_comp_8585_cycle_1_1",1
"45209","virus_comp_8585_cycle_1_2",1
"45210","virus_comp_8585_cycle_1_3",1
"45211","virus_comp_8588_cycle_1_1",1
"45212","virus_comp_8588_cycle_1_4",1
"45213","virus_comp_859_cycle_1_1",1
"45214","virus_comp_859_cycle_1_2",1
"45215","virus_comp_859_cycle_1_3",1
"45216","virus_comp_8596_cycle_1_1",1
"45217","virus_comp_8596_cycle_1_2",1
"45218","virus_comp_8596_cycle_1_3",1
"45219","virus_comp_8596_cycle_1_4",1
"45220","virus_comp_8596_cycle_1_5",1
"45221","virus_comp_8606_cycle_1_2",1
"45222","virus_comp_861_cycle_1_10",1
"45223","virus_comp_861_cycle_1_13",1
"45224","virus_comp_861_cycle_1_14",1
"45225","virus_comp_861_cycle_1_2",1
"45226","virus_comp_861_cycle_1_3",1
"45227","virus_comp_861_cycle_1_4",1
"45228","virus_comp_861_cycle_1_6",1
"45229","virus_comp_861_cycle_1_7",1
"45230","virus_comp_8610_cycle_1_2",1
"45231","virus_comp_8610_cycle_1_3",1
"45232","virus_comp_8612_cycle_1_1",1
"45233","virus_comp_8612_cycle_1_4",1
"45234","virus_comp_8613_cycle_1_1",1
"45235","virus_comp_8613_cycle_1_2",1
"45236","virus_comp_8613_cycle_1_3",1
"45237","virus_comp_8618_cycle_1_2",1
"45238","virus_comp_863_cycle_1_1",1
"45239","virus_comp_863_cycle_1_14",1
"45240","virus_comp_863_cycle_1_2",1
"45241","virus_comp_863_cycle_1_31",1
"45242","virus_comp_863_cycle_1_32",1
"45243","virus_comp_863_cycle_1_4",1
"45244","virus_comp_863_cycle_1_5",1
"45245","virus_comp_863_cycle_1_6",1
"45246","virus_comp_863_cycle_1_7",1
"45247","virus_comp_863_cycle_1_8",1
"45248","virus_comp_8647_cycle_1_3",1
"45249","virus_comp_8647_cycle_1_4",1
"45250","virus_comp_865_cycle_1_1",1
"45251","virus_comp_865_cycle_1_2",1
"45252","virus_comp_865_cycle_1_3",1
"45253","virus_comp_865_cycle_1_4",1
"45254","virus_comp_865_cycle_1_7",1
"45255","virus_comp_865_cycle_1_9",1
"45256","virus_comp_866_cycle_1_5",1
"45257","virus_comp_866_cycle_1_6",1
"45258","virus_comp_8663_cycle_1_3",1
"45259","virus_comp_8667_cycle_1_1",1
"45260","virus_comp_8667_cycle_1_2",1
"45261","virus_comp_867_cycle_1_1",1
"45262","virus_comp_867_cycle_1_3",1
"45263","virus_comp_867_cycle_1_6",1
"45264","virus_comp_8696_cycle_1_2",1
"45265","virus_comp_8705_cycle_1_1",1
"45266","virus_comp_8705_cycle_1_2",1
"45267","virus_comp_8705_cycle_1_3",1
"45268","virus_comp_8705_cycle_1_4",1
"45269","virus_comp_8705_cycle_1_5",1
"45270","virus_comp_872_cycle_1_14",1
"45271","virus_comp_872_cycle_1_16",1
"45272","virus_comp_872_cycle_1_17",1
"45273","virus_comp_872_cycle_1_24",1
"45274","virus_comp_872_cycle_1_30",1
"45275","virus_comp_872_cycle_1_33",1
"45276","virus_comp_872_cycle_1_36",1
"45277","virus_comp_872_cycle_1_38",1
"45278","virus_comp_872_cycle_1_40",1
"45279","virus_comp_872_cycle_1_41",1
"45280","virus_comp_872_cycle_1_46",1
"45281","virus_comp_8721_cycle_1_1",1
"45282","virus_comp_8721_cycle_1_2",1
"45283","virus_comp_8721_cycle_1_3",1
"45284","virus_comp_8721_cycle_1_4",1
"45285","virus_comp_8722_cycle_1_1",1
"45286","virus_comp_8722_cycle_1_2",1
"45287","virus_comp_875_cycle_1_12",1
"45288","virus_comp_8750_cycle_1_2",1
"45289","virus_comp_8750_cycle_1_3",1
"45290","virus_comp_8758_cycle_1_1",1
"45291","virus_comp_8758_cycle_1_2",1
"45292","virus_comp_877_cycle_1_3",1
"45293","virus_comp_8780_cycle_1_2",1
"45294","virus_comp_8780_cycle_1_3",1
"45295","virus_comp_8780_cycle_1_4",1
"45296","virus_comp_8798_cycle_1_2",1
"45297","virus_comp_8799_cycle_1_1",1
"45298","virus_comp_8799_cycle_1_2",1
"45299","virus_comp_8799_cycle_1_4",1
"45300","virus_comp_8799_cycle_1_6",1
"45301","virus_comp_88_cycle_1_10",1
"45302","virus_comp_8808_cycle_1_3",1
"45303","virus_comp_8809_cycle_1_1",1
"45304","virus_comp_8809_cycle_1_2",1
"45305","virus_comp_8809_cycle_1_3",1
"45306","virus_comp_8811_cycle_1_1",1
"45307","virus_comp_8811_cycle_1_2",1
"45308","virus_comp_882_cycle_1_1",1
"45309","virus_comp_882_cycle_1_10",1
"45310","virus_comp_882_cycle_1_11",1
"45311","virus_comp_882_cycle_1_12",1
"45312","virus_comp_882_cycle_1_13",1
"45313","virus_comp_882_cycle_1_14",1
"45314","virus_comp_882_cycle_1_15",1
"45315","virus_comp_882_cycle_1_16",1
"45316","virus_comp_882_cycle_1_17",1
"45317","virus_comp_882_cycle_1_18",1
"45318","virus_comp_882_cycle_1_19",1
"45319","virus_comp_882_cycle_1_2",1
"45320","virus_comp_882_cycle_1_20",1
"45321","virus_comp_882_cycle_1_21",1
"45322","virus_comp_882_cycle_1_22",1
"45323","virus_comp_882_cycle_1_23",1
"45324","virus_comp_882_cycle_1_24",1
"45325","virus_comp_882_cycle_1_25",1
"45326","virus_comp_882_cycle_1_26",1
"45327","virus_comp_882_cycle_1_27",1
"45328","virus_comp_882_cycle_1_28",1
"45329","virus_comp_882_cycle_1_29",1
"45330","virus_comp_882_cycle_1_3",1
"45331","virus_comp_882_cycle_1_30",1
"45332","virus_comp_882_cycle_1_31",1
"45333","virus_comp_882_cycle_1_32",1
"45334","virus_comp_882_cycle_1_33",1
"45335","virus_comp_882_cycle_1_34",1
"45336","virus_comp_882_cycle_1_35",1
"45337","virus_comp_882_cycle_1_36",1
"45338","virus_comp_882_cycle_1_37",1
"45339","virus_comp_882_cycle_1_38",1
"45340","virus_comp_882_cycle_1_39",1
"45341","virus_comp_882_cycle_1_4",1
"45342","virus_comp_882_cycle_1_40",1
"45343","virus_comp_882_cycle_1_41",1
"45344","virus_comp_882_cycle_1_42",1
"45345","virus_comp_882_cycle_1_43",1
"45346","virus_comp_882_cycle_1_44",1
"45347","virus_comp_882_cycle_1_45",1
"45348","virus_comp_882_cycle_1_46",1
"45349","virus_comp_882_cycle_1_47",1
"45350","virus_comp_882_cycle_1_48",1
"45351","virus_comp_882_cycle_1_49",1
"45352","virus_comp_882_cycle_1_5",1
"45353","virus_comp_882_cycle_1_50",1
"45354","virus_comp_882_cycle_1_51",1
"45355","virus_comp_882_cycle_1_52",1
"45356","virus_comp_882_cycle_1_6",1
"45357","virus_comp_882_cycle_1_7",1
"45358","virus_comp_882_cycle_1_8",1
"45359","virus_comp_882_cycle_1_9",1
"45360","virus_comp_8820_cycle_1_1",1
"45361","virus_comp_8820_cycle_1_2",1
"45362","virus_comp_8820_cycle_1_3",1
"45363","virus_comp_8820_cycle_1_4",1
"45364","virus_comp_8820_cycle_1_5",1
"45365","virus_comp_8822_cycle_1_1",1
"45366","virus_comp_8822_cycle_1_2",1
"45367","virus_comp_8824_cycle_1_1",1
"45368","virus_comp_8824_cycle_1_2",1
"45369","virus_comp_8824_cycle_1_4",1
"45370","virus_comp_8827_cycle_1_1",1
"45371","virus_comp_8827_cycle_1_2",1
"45372","virus_comp_8827_cycle_1_3",1
"45373","virus_comp_8833_cycle_1_1",1
"45374","virus_comp_884_cycle_1_1",1
"45375","virus_comp_884_cycle_1_6",1
"45376","virus_comp_884_cycle_1_8",1
"45377","virus_comp_8845_cycle_1_1",1
"45378","virus_comp_8845_cycle_1_2",1
"45379","virus_comp_8845_cycle_1_3",1
"45380","virus_comp_8847_cycle_1_1",1
"45381","virus_comp_8849_cycle_1_1",1
"45382","virus_comp_8849_cycle_1_2",1
"45383","virus_comp_8849_cycle_1_3",1
"45384","virus_comp_8849_cycle_1_4",1
"45385","virus_comp_885_cycle_1_5",1
"45386","virus_comp_885_cycle_1_6",1
"45387","virus_comp_8850_cycle_1_2",1
"45388","virus_comp_8850_cycle_1_3",1
"45389","virus_comp_8859_cycle_1_3",1
"45390","virus_comp_887_cycle_1_22",1
"45391","virus_comp_887_cycle_1_77",1
"45392","virus_comp_8872_cycle_1_1",1
"45393","virus_comp_8875_cycle_1_1",1
"45394","virus_comp_8875_cycle_1_2",1
"45395","virus_comp_8880_cycle_1_1",1
"45396","virus_comp_8880_cycle_1_2",1
"45397","virus_comp_8880_cycle_1_3",1
"45398","virus_comp_8882_cycle_1_1",1
"45399","virus_comp_8882_cycle_1_2",1
"45400","virus_comp_8885_cycle_1_1",1
"45401","virus_comp_8885_cycle_1_2",1
"45402","virus_comp_8885_cycle_1_3",1
"45403","virus_comp_8887_cycle_1_1",1
"45404","virus_comp_8889_cycle_1_3",1
"45405","virus_comp_889_cycle_1_1",1
"45406","virus_comp_889_cycle_1_10",1
"45407","virus_comp_889_cycle_1_11",1
"45408","virus_comp_889_cycle_1_12",1
"45409","virus_comp_889_cycle_1_13",1
"45410","virus_comp_889_cycle_1_14",1
"45411","virus_comp_889_cycle_1_15",1
"45412","virus_comp_889_cycle_1_16",1
"45413","virus_comp_889_cycle_1_17",1
"45414","virus_comp_889_cycle_1_18",1
"45415","virus_comp_889_cycle_1_19",1
"45416","virus_comp_889_cycle_1_2",1
"45417","virus_comp_889_cycle_1_20",1
"45418","virus_comp_889_cycle_1_21",1
"45419","virus_comp_889_cycle_1_22",1
"45420","virus_comp_889_cycle_1_23",1
"45421","virus_comp_889_cycle_1_24",1
"45422","virus_comp_889_cycle_1_25",1
"45423","virus_comp_889_cycle_1_26",1
"45424","virus_comp_889_cycle_1_27",1
"45425","virus_comp_889_cycle_1_28",1
"45426","virus_comp_889_cycle_1_29",1
"45427","virus_comp_889_cycle_1_3",1
"45428","virus_comp_889_cycle_1_30",1
"45429","virus_comp_889_cycle_1_31",1
"45430","virus_comp_889_cycle_1_32",1
"45431","virus_comp_889_cycle_1_33",1
"45432","virus_comp_889_cycle_1_34",1
"45433","virus_comp_889_cycle_1_35",1
"45434","virus_comp_889_cycle_1_36",1
"45435","virus_comp_889_cycle_1_37",1
"45436","virus_comp_889_cycle_1_38",1
"45437","virus_comp_889_cycle_1_4",1
"45438","virus_comp_889_cycle_1_40",1
"45439","virus_comp_889_cycle_1_41",1
"45440","virus_comp_889_cycle_1_42",1
"45441","virus_comp_889_cycle_1_43",1
"45442","virus_comp_889_cycle_1_45",1
"45443","virus_comp_889_cycle_1_46",1
"45444","virus_comp_889_cycle_1_47",1
"45445","virus_comp_889_cycle_1_49",1
"45446","virus_comp_889_cycle_1_5",1
"45447","virus_comp_889_cycle_1_50",1
"45448","virus_comp_889_cycle_1_51",1
"45449","virus_comp_889_cycle_1_52",1
"45450","virus_comp_889_cycle_1_53",1
"45451","virus_comp_889_cycle_1_55",1
"45452","virus_comp_889_cycle_1_56",1
"45453","virus_comp_889_cycle_1_57",1
"45454","virus_comp_889_cycle_1_58",1
"45455","virus_comp_889_cycle_1_59",1
"45456","virus_comp_889_cycle_1_6",1
"45457","virus_comp_889_cycle_1_60",1
"45458","virus_comp_889_cycle_1_61",1
"45459","virus_comp_889_cycle_1_62",1
"45460","virus_comp_889_cycle_1_7",1
"45461","virus_comp_889_cycle_1_8",1
"45462","virus_comp_889_cycle_1_9",1
"45463","virus_comp_892_cycle_1_2",1
"45464","virus_comp_893_cycle_1_1",1
"45465","virus_comp_893_cycle_1_10",1
"45466","virus_comp_893_cycle_1_11",1
"45467","virus_comp_893_cycle_1_12",1
"45468","virus_comp_893_cycle_1_13",1
"45469","virus_comp_893_cycle_1_14",1
"45470","virus_comp_893_cycle_1_15",1
"45471","virus_comp_893_cycle_1_16",1
"45472","virus_comp_893_cycle_1_17",1
"45473","virus_comp_893_cycle_1_18",1
"45474","virus_comp_893_cycle_1_19",1
"45475","virus_comp_893_cycle_1_2",1
"45476","virus_comp_893_cycle_1_20",1
"45477","virus_comp_893_cycle_1_21",1
"45478","virus_comp_893_cycle_1_22",1
"45479","virus_comp_893_cycle_1_23",1
"45480","virus_comp_893_cycle_1_24",1
"45481","virus_comp_893_cycle_1_25",1
"45482","virus_comp_893_cycle_1_26",1
"45483","virus_comp_893_cycle_1_27",1
"45484","virus_comp_893_cycle_1_28",1
"45485","virus_comp_893_cycle_1_29",1
"45486","virus_comp_893_cycle_1_3",1
"45487","virus_comp_893_cycle_1_30",1
"45488","virus_comp_893_cycle_1_31",1
"45489","virus_comp_893_cycle_1_32",1
"45490","virus_comp_893_cycle_1_33",1
"45491","virus_comp_893_cycle_1_34",1
"45492","virus_comp_893_cycle_1_35",1
"45493","virus_comp_893_cycle_1_36",1
"45494","virus_comp_893_cycle_1_37",1
"45495","virus_comp_893_cycle_1_38",1
"45496","virus_comp_893_cycle_1_39",1
"45497","virus_comp_893_cycle_1_4",1
"45498","virus_comp_893_cycle_1_40",1
"45499","virus_comp_893_cycle_1_41",1
"45500","virus_comp_893_cycle_1_42",1
"45501","virus_comp_893_cycle_1_43",1
"45502","virus_comp_893_cycle_1_44",1
"45503","virus_comp_893_cycle_1_5",1
"45504","virus_comp_893_cycle_1_6",1
"45505","virus_comp_893_cycle_1_7",1
"45506","virus_comp_893_cycle_1_8",1
"45507","virus_comp_893_cycle_1_9",1
"45508","virus_comp_8930_cycle_1_1",1
"45509","virus_comp_8930_cycle_1_2",1
"45510","virus_comp_8933_cycle_1_1",1
"45511","virus_comp_8933_cycle_1_2",1
"45512","virus_comp_8933_cycle_1_3",1
"45513","virus_comp_894_cycle_1_16",1
"45514","virus_comp_894_cycle_1_24",1
"45515","virus_comp_894_cycle_1_25",1
"45516","virus_comp_894_cycle_1_27",1
"45517","virus_comp_894_cycle_1_31",1
"45518","virus_comp_894_cycle_1_35",1
"45519","virus_comp_894_cycle_1_4",1
"45520","virus_comp_894_cycle_1_5",1
"45521","virus_comp_8941_cycle_1_1",1
"45522","virus_comp_8941_cycle_1_3",1
"45523","virus_comp_8944_cycle_1_1",1
"45524","virus_comp_8944_cycle_1_2",1
"45525","virus_comp_8944_cycle_1_3",1
"45526","virus_comp_8944_cycle_1_4",1
"45527","virus_comp_895_cycle_1_41",1
"45528","virus_comp_895_cycle_1_6",1
"45529","virus_comp_8952_cycle_1_1",1
"45530","virus_comp_8952_cycle_1_2",1
"45531","virus_comp_8952_cycle_1_3",1
"45532","virus_comp_8956_cycle_1_2",1
"45533","virus_comp_896_cycle_1_1",1
"45534","virus_comp_896_cycle_1_10",1
"45535","virus_comp_896_cycle_1_11",1
"45536","virus_comp_896_cycle_1_12",1
"45537","virus_comp_896_cycle_1_13",1
"45538","virus_comp_896_cycle_1_14",1
"45539","virus_comp_896_cycle_1_15",1
"45540","virus_comp_896_cycle_1_16",1
"45541","virus_comp_896_cycle_1_17",1
"45542","virus_comp_896_cycle_1_18",1
"45543","virus_comp_896_cycle_1_19",1
"45544","virus_comp_896_cycle_1_2",1
"45545","virus_comp_896_cycle_1_20",1
"45546","virus_comp_896_cycle_1_21",1
"45547","virus_comp_896_cycle_1_22",1
"45548","virus_comp_896_cycle_1_23",1
"45549","virus_comp_896_cycle_1_24",1
"45550","virus_comp_896_cycle_1_25",1
"45551","virus_comp_896_cycle_1_26",1
"45552","virus_comp_896_cycle_1_27",1
"45553","virus_comp_896_cycle_1_28",1
"45554","virus_comp_896_cycle_1_29",1
"45555","virus_comp_896_cycle_1_3",1
"45556","virus_comp_896_cycle_1_30",1
"45557","virus_comp_896_cycle_1_31",1
"45558","virus_comp_896_cycle_1_4",1
"45559","virus_comp_896_cycle_1_5",1
"45560","virus_comp_896_cycle_1_6",1
"45561","virus_comp_896_cycle_1_7",1
"45562","virus_comp_896_cycle_1_8",1
"45563","virus_comp_896_cycle_1_9",1
"45564","virus_comp_897_cycle_1_30",1
"45565","virus_comp_897_cycle_1_33",1
"45566","virus_comp_897_cycle_1_40",1
"45567","virus_comp_897_cycle_1_41",1
"45568","virus_comp_8971_cycle_1_1",1
"45569","virus_comp_8974_cycle_1_3",1
"45570","virus_comp_8979_cycle_1_1",1
"45571","virus_comp_8983_cycle_1_1",1
"45572","virus_comp_8983_cycle_1_2",1
"45573","virus_comp_8996_cycle_1_1",1
"45574","virus_comp_8996_cycle_1_3",1
"45575","virus_comp_8996_cycle_1_4",1
"45576","virus_comp_8999_cycle_1_1",1
"45577","virus_comp_901_cycle_1_11",1
"45578","virus_comp_901_cycle_1_2",1
"45579","virus_comp_901_cycle_1_3",1
"45580","virus_comp_901_cycle_1_4",1
"45581","virus_comp_901_cycle_1_5",1
"45582","virus_comp_901_cycle_1_6",1
"45583","virus_comp_901_cycle_1_7",1
"45584","virus_comp_9014_cycle_1_1",1
"45585","virus_comp_9014_cycle_1_2",1
"45586","virus_comp_9014_cycle_1_3",1
"45587","virus_comp_9014_cycle_1_4",1
"45588","virus_comp_9014_cycle_1_5",1
"45589","virus_comp_9017_cycle_1_1",1
"45590","virus_comp_9017_cycle_1_2",1
"45591","virus_comp_902_cycle_1_2",1
"45592","virus_comp_902_cycle_1_3",1
"45593","virus_comp_903_cycle_1_1",1
"45594","virus_comp_903_cycle_1_3",1
"45595","virus_comp_903_cycle_1_4",1
"45596","virus_comp_903_cycle_1_5",1
"45597","virus_comp_903_cycle_1_6",1
"45598","virus_comp_9039_cycle_1_1",1
"45599","virus_comp_9039_cycle_1_2",1
"45600","virus_comp_9039_cycle_1_3",1
"45601","virus_comp_9042_cycle_1_1",1
"45602","virus_comp_9042_cycle_1_2",1
"45603","virus_comp_905_cycle_1_25",1
"45604","virus_comp_905_cycle_1_32",1
"45605","virus_comp_905_cycle_1_33",1
"45606","virus_comp_905_cycle_1_4",1
"45607","virus_comp_9056_cycle_1_1",1
"45608","virus_comp_9058_cycle_1_1",1
"45609","virus_comp_9066_cycle_1_1",1
"45610","virus_comp_9067_cycle_1_1",1
"45611","virus_comp_9067_cycle_1_2",1
"45612","virus_comp_9067_cycle_1_3",1
"45613","virus_comp_9076_cycle_1_1",1
"45614","virus_comp_9076_cycle_1_2",1
"45615","virus_comp_9076_cycle_1_3",1
"45616","virus_comp_9077_cycle_1_1",1
"45617","virus_comp_9077_cycle_1_2",1
"45618","virus_comp_9077_cycle_1_3",1
"45619","virus_comp_9077_cycle_1_4",1
"45620","virus_comp_908_cycle_1_1",1
"45621","virus_comp_908_cycle_1_10",1
"45622","virus_comp_908_cycle_1_11",1
"45623","virus_comp_908_cycle_1_12",1
"45624","virus_comp_908_cycle_1_13",1
"45625","virus_comp_908_cycle_1_15",1
"45626","virus_comp_908_cycle_1_16",1
"45627","virus_comp_908_cycle_1_18",1
"45628","virus_comp_908_cycle_1_19",1
"45629","virus_comp_908_cycle_1_2",1
"45630","virus_comp_908_cycle_1_20",1
"45631","virus_comp_908_cycle_1_21",1
"45632","virus_comp_908_cycle_1_22",1
"45633","virus_comp_908_cycle_1_23",1
"45634","virus_comp_908_cycle_1_24",1
"45635","virus_comp_908_cycle_1_25",1
"45636","virus_comp_908_cycle_1_27",1
"45637","virus_comp_908_cycle_1_3",1
"45638","virus_comp_908_cycle_1_4",1
"45639","virus_comp_908_cycle_1_6",1
"45640","virus_comp_908_cycle_1_8",1
"45641","virus_comp_908_cycle_1_9",1
"45642","virus_comp_9085_cycle_1_1",1
"45643","virus_comp_909_cycle_1_10",1
"45644","virus_comp_909_cycle_1_12",1
"45645","virus_comp_909_cycle_1_13",1
"45646","virus_comp_909_cycle_1_14",1
"45647","virus_comp_909_cycle_1_15",1
"45648","virus_comp_909_cycle_1_17",1
"45649","virus_comp_909_cycle_1_18",1
"45650","virus_comp_909_cycle_1_19",1
"45651","virus_comp_909_cycle_1_20",1
"45652","virus_comp_909_cycle_1_21",1
"45653","virus_comp_909_cycle_1_24",1
"45654","virus_comp_909_cycle_1_25",1
"45655","virus_comp_909_cycle_1_3",1
"45656","virus_comp_909_cycle_1_4",1
"45657","virus_comp_909_cycle_1_6",1
"45658","virus_comp_909_cycle_1_7",1
"45659","virus_comp_909_cycle_1_8",1
"45660","virus_comp_909_cycle_1_9",1
"45661","virus_comp_9090_cycle_1_2",1
"45662","virus_comp_9095_cycle_1_1",1
"45663","virus_comp_9095_cycle_1_2",1
"45664","virus_comp_9095_cycle_1_3",1
"45665","virus_comp_9101_cycle_1_1",1
"45666","virus_comp_911_cycle_1_3",1
"45667","virus_comp_9110_cycle_1_2",1
"45668","virus_comp_9110_cycle_1_3",1
"45669","virus_comp_9116_cycle_1_1",1
"45670","virus_comp_9122_cycle_1_1",1
"45671","virus_comp_9122_cycle_1_2",1
"45672","virus_comp_9122_cycle_1_3",1
"45673","virus_comp_9129_cycle_1_1",1
"45674","virus_comp_913_cycle_1_1",1
"45675","virus_comp_913_cycle_1_10",1
"45676","virus_comp_913_cycle_1_11",1
"45677","virus_comp_913_cycle_1_12",1
"45678","virus_comp_913_cycle_1_13",1
"45679","virus_comp_913_cycle_1_14",1
"45680","virus_comp_913_cycle_1_15",1
"45681","virus_comp_913_cycle_1_16",1
"45682","virus_comp_913_cycle_1_17",1
"45683","virus_comp_913_cycle_1_18",1
"45684","virus_comp_913_cycle_1_2",1
"45685","virus_comp_913_cycle_1_20",1
"45686","virus_comp_913_cycle_1_22",1
"45687","virus_comp_913_cycle_1_25",1
"45688","virus_comp_913_cycle_1_27",1
"45689","virus_comp_913_cycle_1_28",1
"45690","virus_comp_913_cycle_1_3",1
"45691","virus_comp_913_cycle_1_4",1
"45692","virus_comp_913_cycle_1_5",1
"45693","virus_comp_913_cycle_1_6",1
"45694","virus_comp_913_cycle_1_8",1
"45695","virus_comp_913_cycle_1_9",1
"45696","virus_comp_914_cycle_1_1",1
"45697","virus_comp_914_cycle_1_2",1
"45698","virus_comp_9145_cycle_1_1",1
"45699","virus_comp_9145_cycle_1_2",1
"45700","virus_comp_9145_cycle_1_3",1
"45701","virus_comp_9145_cycle_1_4",1
"45702","virus_comp_9145_cycle_1_5",1
"45703","virus_comp_9148_cycle_1_1",1
"45704","virus_comp_9148_cycle_1_2",1
"45705","virus_comp_9148_cycle_1_3",1
"45706","virus_comp_915_cycle_1_14",1
"45707","virus_comp_915_cycle_1_15",1
"45708","virus_comp_915_cycle_1_16",1
"45709","virus_comp_915_cycle_1_17",1
"45710","virus_comp_915_cycle_1_18",1
"45711","virus_comp_915_cycle_1_19",1
"45712","virus_comp_915_cycle_1_20",1
"45713","virus_comp_915_cycle_1_21",1
"45714","virus_comp_915_cycle_1_23",1
"45715","virus_comp_915_cycle_1_24",1
"45716","virus_comp_915_cycle_1_25",1
"45717","virus_comp_915_cycle_1_26",1
"45718","virus_comp_915_cycle_1_27",1
"45719","virus_comp_915_cycle_1_28",1
"45720","virus_comp_915_cycle_1_29",1
"45721","virus_comp_915_cycle_1_30",1
"45722","virus_comp_915_cycle_1_31",1
"45723","virus_comp_915_cycle_1_32",1
"45724","virus_comp_915_cycle_1_33",1
"45725","virus_comp_915_cycle_1_34",1
"45726","virus_comp_915_cycle_1_35",1
"45727","virus_comp_916_cycle_1_1",1
"45728","virus_comp_916_cycle_1_2",1
"45729","virus_comp_916_cycle_1_3",1
"45730","virus_comp_917_cycle_1_2",1
"45731","virus_comp_917_cycle_1_3",1
"45732","virus_comp_917_cycle_1_4",1
"45733","virus_comp_917_cycle_1_5",1
"45734","virus_comp_917_cycle_1_6",1
"45735","virus_comp_917_cycle_1_7",1
"45736","virus_comp_9170_cycle_1_3",1
"45737","virus_comp_9175_cycle_1_2",1
"45738","virus_comp_9175_cycle_1_3",1
"45739","virus_comp_918_cycle_1_1",1
"45740","virus_comp_918_cycle_1_10",1
"45741","virus_comp_918_cycle_1_11",1
"45742","virus_comp_918_cycle_1_12",1
"45743","virus_comp_918_cycle_1_13",1
"45744","virus_comp_918_cycle_1_14",1
"45745","virus_comp_918_cycle_1_15",1
"45746","virus_comp_918_cycle_1_16",1
"45747","virus_comp_918_cycle_1_18",1
"45748","virus_comp_918_cycle_1_19",1
"45749","virus_comp_918_cycle_1_2",1
"45750","virus_comp_918_cycle_1_22",1
"45751","virus_comp_918_cycle_1_24",1
"45752","virus_comp_918_cycle_1_25",1
"45753","virus_comp_918_cycle_1_26",1
"45754","virus_comp_918_cycle_1_27",1
"45755","virus_comp_918_cycle_1_28",1
"45756","virus_comp_918_cycle_1_3",1
"45757","virus_comp_918_cycle_1_30",1
"45758","virus_comp_918_cycle_1_31",1
"45759","virus_comp_918_cycle_1_32",1
"45760","virus_comp_918_cycle_1_33",1
"45761","virus_comp_918_cycle_1_34",1
"45762","virus_comp_918_cycle_1_35",1
"45763","virus_comp_918_cycle_1_36",1
"45764","virus_comp_918_cycle_1_4",1
"45765","virus_comp_918_cycle_1_5",1
"45766","virus_comp_918_cycle_1_6",1
"45767","virus_comp_918_cycle_1_7",1
"45768","virus_comp_918_cycle_1_8",1
"45769","virus_comp_918_cycle_1_9",1
"45770","virus_comp_9184_cycle_1_2",1
"45771","virus_comp_9185_cycle_1_1",1
"45772","virus_comp_9185_cycle_1_2",1
"45773","virus_comp_9185_cycle_1_3",1
"45774","virus_comp_9185_cycle_1_4",1
"45775","virus_comp_9185_cycle_1_5",1
"45776","virus_comp_9196_cycle_1_1",1
"45777","virus_comp_9196_cycle_1_2",1
"45778","virus_comp_9196_cycle_1_3",1
"45779","virus_comp_9200_cycle_1_1",1
"45780","virus_comp_9200_cycle_1_2",1
"45781","virus_comp_9203_cycle_1_1",1
"45782","virus_comp_9221_cycle_1_1",1
"45783","virus_comp_9222_cycle_1_2",1
"45784","virus_comp_9222_cycle_1_3",1
"45785","virus_comp_9227_cycle_1_4",1
"45786","virus_comp_9237_cycle_1_1",1
"45787","virus_comp_924_cycle_2_28",1
"45788","virus_comp_924_cycle_2_29",1
"45789","virus_comp_924_cycle_2_30",1
"45790","virus_comp_924_cycle_2_34",1
"45791","virus_comp_924_cycle_2_35",1
"45792","virus_comp_9247_cycle_1_1",1
"45793","virus_comp_925_cycle_1_1",1
"45794","virus_comp_925_cycle_1_4",1
"45795","virus_comp_925_cycle_1_5",1
"45796","virus_comp_9256_cycle_1_1",1
"45797","virus_comp_9256_cycle_1_2",1
"45798","virus_comp_9259_cycle_1_1",1
"45799","virus_comp_9259_cycle_1_3",1
"45800","virus_comp_9262_cycle_1_5",1
"45801","virus_comp_9265_cycle_1_1",1
"45802","virus_comp_9265_cycle_1_2",1
"45803","virus_comp_927_cycle_1_1",1
"45804","virus_comp_927_cycle_1_3",1
"45805","virus_comp_9272_cycle_1_2",1
"45806","virus_comp_9275_cycle_1_1",1
"45807","virus_comp_9275_cycle_1_2",1
"45808","virus_comp_9279_cycle_1_1",1
"45809","virus_comp_9279_cycle_1_2",1
"45810","virus_comp_928_cycle_1_1",1
"45811","virus_comp_928_cycle_1_2",1
"45812","virus_comp_9289_cycle_1_1",1
"45813","virus_comp_9289_cycle_1_2",1
"45814","virus_comp_9312_cycle_1_1",1
"45815","virus_comp_9312_cycle_1_2",1
"45816","virus_comp_9312_cycle_1_3",1
"45817","virus_comp_9314_cycle_1_2",1
"45818","virus_comp_9318_cycle_1_3",1
"45819","virus_comp_933_cycle_1_1",1
"45820","virus_comp_933_cycle_1_10",1
"45821","virus_comp_933_cycle_1_11",1
"45822","virus_comp_933_cycle_1_12",1
"45823","virus_comp_933_cycle_1_13",1
"45824","virus_comp_933_cycle_1_14",1
"45825","virus_comp_933_cycle_1_15",1
"45826","virus_comp_933_cycle_1_16",1
"45827","virus_comp_933_cycle_1_17",1
"45828","virus_comp_933_cycle_1_18",1
"45829","virus_comp_933_cycle_1_19",1
"45830","virus_comp_933_cycle_1_2",1
"45831","virus_comp_933_cycle_1_20",1
"45832","virus_comp_933_cycle_1_21",1
"45833","virus_comp_933_cycle_1_22",1
"45834","virus_comp_933_cycle_1_23",1
"45835","virus_comp_933_cycle_1_24",1
"45836","virus_comp_933_cycle_1_25",1
"45837","virus_comp_933_cycle_1_26",1
"45838","virus_comp_933_cycle_1_27",1
"45839","virus_comp_933_cycle_1_28",1
"45840","virus_comp_933_cycle_1_29",1
"45841","virus_comp_933_cycle_1_3",1
"45842","virus_comp_933_cycle_1_30",1
"45843","virus_comp_933_cycle_1_4",1
"45844","virus_comp_933_cycle_1_5",1
"45845","virus_comp_933_cycle_1_6",1
"45846","virus_comp_933_cycle_1_7",1
"45847","virus_comp_933_cycle_1_8",1
"45848","virus_comp_933_cycle_1_9",1
"45849","virus_comp_9337_cycle_1_1",1
"45850","virus_comp_9337_cycle_1_2",1
"45851","virus_comp_9337_cycle_1_3",1
"45852","virus_comp_9337_cycle_1_4",1
"45853","virus_comp_934_cycle_1_1",1
"45854","virus_comp_934_cycle_1_10",1
"45855","virus_comp_934_cycle_1_12",1
"45856","virus_comp_934_cycle_1_13",1
"45857","virus_comp_934_cycle_1_14",1
"45858","virus_comp_934_cycle_1_15",1
"45859","virus_comp_934_cycle_1_16",1
"45860","virus_comp_934_cycle_1_2",1
"45861","virus_comp_934_cycle_1_5",1
"45862","virus_comp_934_cycle_1_7",1
"45863","virus_comp_934_cycle_1_9",1
"45864","virus_comp_9343_cycle_1_1",1
"45865","virus_comp_9343_cycle_1_3",1
"45866","virus_comp_9343_cycle_1_4",1
"45867","virus_comp_9347_cycle_1_1",1
"45868","virus_comp_9347_cycle_1_2",1
"45869","virus_comp_9351_cycle_1_1",1
"45870","virus_comp_9351_cycle_1_2",1
"45871","virus_comp_9364_cycle_1_1",1
"45872","virus_comp_9364_cycle_1_2",1
"45873","virus_comp_9364_cycle_1_3",1
"45874","virus_comp_9364_cycle_1_4",1
"45875","virus_comp_9375_cycle_1_1",1
"45876","virus_comp_9375_cycle_1_2",1
"45877","virus_comp_939_cycle_1_26",1
"45878","virus_comp_939_cycle_1_3",1
"45879","virus_comp_939_cycle_1_4",1
"45880","virus_comp_939_cycle_1_9",1
"45881","virus_comp_9393_cycle_1_1",1
"45882","virus_comp_9393_cycle_1_5",1
"45883","virus_comp_9395_cycle_1_1",1
"45884","virus_comp_9395_cycle_1_4",1
"45885","virus_comp_9399_cycle_1_1",1
"45886","virus_comp_9399_cycle_1_2",1
"45887","virus_comp_940_cycle_1_1",1
"45888","virus_comp_940_cycle_1_10",1
"45889","virus_comp_940_cycle_1_11",1
"45890","virus_comp_940_cycle_1_12",1
"45891","virus_comp_940_cycle_1_13",1
"45892","virus_comp_940_cycle_1_14",1
"45893","virus_comp_940_cycle_1_15",1
"45894","virus_comp_940_cycle_1_16",1
"45895","virus_comp_940_cycle_1_17",1
"45896","virus_comp_940_cycle_1_19",1
"45897","virus_comp_940_cycle_1_20",1
"45898","virus_comp_940_cycle_1_21",1
"45899","virus_comp_940_cycle_1_22",1
"45900","virus_comp_940_cycle_1_24",1
"45901","virus_comp_940_cycle_1_27",1
"45902","virus_comp_940_cycle_1_28",1
"45903","virus_comp_940_cycle_1_3",1
"45904","virus_comp_940_cycle_1_31",1
"45905","virus_comp_940_cycle_1_32",1
"45906","virus_comp_940_cycle_1_4",1
"45907","virus_comp_940_cycle_1_9",1
"45908","virus_comp_9402_cycle_1_2",1
"45909","virus_comp_9402_cycle_1_3",1
"45910","virus_comp_9406_cycle_1_1",1
"45911","virus_comp_9406_cycle_1_2",1
"45912","virus_comp_9406_cycle_1_3",1
"45913","virus_comp_941_cycle_1_1",1
"45914","virus_comp_941_cycle_1_10",1
"45915","virus_comp_941_cycle_1_11",1
"45916","virus_comp_941_cycle_1_12",1
"45917","virus_comp_941_cycle_1_13",1
"45918","virus_comp_941_cycle_1_14",1
"45919","virus_comp_941_cycle_1_15",1
"45920","virus_comp_941_cycle_1_16",1
"45921","virus_comp_941_cycle_1_17",1
"45922","virus_comp_941_cycle_1_2",1
"45923","virus_comp_941_cycle_1_3",1
"45924","virus_comp_941_cycle_1_4",1
"45925","virus_comp_941_cycle_1_5",1
"45926","virus_comp_941_cycle_1_6",1
"45927","virus_comp_941_cycle_1_7",1
"45928","virus_comp_941_cycle_1_8",1
"45929","virus_comp_941_cycle_1_9",1
"45930","virus_comp_9411_cycle_1_1",1
"45931","virus_comp_9426_cycle_1_1",1
"45932","virus_comp_9430_cycle_1_1",1
"45933","virus_comp_9430_cycle_1_2",1
"45934","virus_comp_9433_cycle_1_2",1
"45935","virus_comp_9439_cycle_1_2",1
"45936","virus_comp_9439_cycle_1_3",1
"45937","virus_comp_9440_cycle_1_2",1
"45938","virus_comp_9440_cycle_1_3",1
"45939","virus_comp_945_cycle_1_10",1
"45940","virus_comp_945_cycle_1_23",1
"45941","virus_comp_945_cycle_1_29",1
"45942","virus_comp_945_cycle_1_30",1
"45943","virus_comp_945_cycle_1_31",1
"45944","virus_comp_945_cycle_1_36",1
"45945","virus_comp_945_cycle_1_37",1
"45946","virus_comp_945_cycle_1_38",1
"45947","virus_comp_945_cycle_1_8",1
"45948","virus_comp_9480_cycle_1_1",1
"45949","virus_comp_9480_cycle_1_3",1
"45950","virus_comp_9481_cycle_1_1",1
"45951","virus_comp_9481_cycle_1_2",1
"45952","virus_comp_949_cycle_1_1",1
"45953","virus_comp_949_cycle_1_3",1
"45954","virus_comp_949_cycle_1_7",1
"45955","virus_comp_9506_cycle_1_1",1
"45956","virus_comp_9506_cycle_1_2",1
"45957","virus_comp_9506_cycle_1_3",1
"45958","virus_comp_9510_cycle_1_3",1
"45959","virus_comp_9518_cycle_1_1",1
"45960","virus_comp_9518_cycle_1_2",1
"45961","virus_comp_9518_cycle_1_3",1
"45962","virus_comp_9539_cycle_1_1",1
"45963","virus_comp_954_cycle_1_1",1
"45964","virus_comp_954_cycle_1_10",1
"45965","virus_comp_954_cycle_1_11",1
"45966","virus_comp_954_cycle_1_13",1
"45967","virus_comp_954_cycle_1_15",1
"45968","virus_comp_954_cycle_1_18",1
"45969","virus_comp_954_cycle_1_19",1
"45970","virus_comp_954_cycle_1_2",1
"45971","virus_comp_954_cycle_1_22",1
"45972","virus_comp_954_cycle_1_27",1
"45973","virus_comp_954_cycle_1_3",1
"45974","virus_comp_954_cycle_1_4",1
"45975","virus_comp_954_cycle_1_5",1
"45976","virus_comp_954_cycle_1_6",1
"45977","virus_comp_9540_cycle_1_1",1
"45978","virus_comp_9540_cycle_1_3",1
"45979","virus_comp_9540_cycle_1_5",1
"45980","virus_comp_9556_cycle_1_1",1
"45981","virus_comp_9556_cycle_1_2",1
"45982","virus_comp_9559_cycle_1_1",1
"45983","virus_comp_9559_cycle_1_2",1
"45984","virus_comp_9559_cycle_1_3",1
"45985","virus_comp_9559_cycle_1_4",1
"45986","virus_comp_9562_cycle_1_1",1
"45987","virus_comp_9562_cycle_1_2",1
"45988","virus_comp_9563_cycle_1_2",1
"45989","virus_comp_9563_cycle_1_3",1
"45990","virus_comp_9563_cycle_1_4",1
"45991","virus_comp_9570_cycle_1_1",1
"45992","virus_comp_9570_cycle_1_2",1
"45993","virus_comp_9579_cycle_1_1",1
"45994","virus_comp_9584_cycle_1_3",1
"45995","virus_comp_9586_cycle_1_4",1
"45996","virus_comp_9587_cycle_1_2",1
"45997","virus_comp_959_cycle_1_1",1
"45998","virus_comp_959_cycle_1_2",1
"45999","virus_comp_959_cycle_1_3",1
"46000","virus_comp_959_cycle_1_4",1
"46001","virus_comp_9597_cycle_1_1",1
"46002","virus_comp_9597_cycle_1_2",1
"46003","virus_comp_9601_cycle_1_1",1
"46004","virus_comp_961_cycle_1_1",1
"46005","virus_comp_961_cycle_1_2",1
"46006","virus_comp_961_cycle_1_3",1
"46007","virus_comp_9611_cycle_1_1",1
"46008","virus_comp_9611_cycle_1_2",1
"46009","virus_comp_9611_cycle_1_3",1
"46010","virus_comp_9619_cycle_1_1",1
"46011","virus_comp_962_cycle_1_1",1
"46012","virus_comp_962_cycle_1_2",1
"46013","virus_comp_962_cycle_1_5",1
"46014","virus_comp_962_cycle_1_6",1
"46015","virus_comp_962_cycle_1_7",1
"46016","virus_comp_9632_cycle_1_1",1
"46017","virus_comp_9632_cycle_1_2",1
"46018","virus_comp_9632_cycle_1_3",1
"46019","virus_comp_9632_cycle_1_4",1
"46020","virus_comp_9633_cycle_1_1",1
"46021","virus_comp_9635_cycle_1_2",1
"46022","virus_comp_964_cycle_1_1",1
"46023","virus_comp_964_cycle_1_10",1
"46024","virus_comp_964_cycle_1_11",1
"46025","virus_comp_964_cycle_1_12",1
"46026","virus_comp_964_cycle_1_14",1
"46027","virus_comp_964_cycle_1_15",1
"46028","virus_comp_964_cycle_1_16",1
"46029","virus_comp_964_cycle_1_2",1
"46030","virus_comp_964_cycle_1_3",1
"46031","virus_comp_964_cycle_1_4",1
"46032","virus_comp_964_cycle_1_5",1
"46033","virus_comp_964_cycle_1_6",1
"46034","virus_comp_964_cycle_1_7",1
"46035","virus_comp_964_cycle_1_8",1
"46036","virus_comp_964_cycle_1_9",1
"46037","virus_comp_9645_cycle_1_1",1
"46038","virus_comp_9645_cycle_1_2",1
"46039","virus_comp_9645_cycle_1_3",1
"46040","virus_comp_9659_cycle_1_1",1
"46041","virus_comp_9659_cycle_1_2",1
"46042","virus_comp_966_cycle_1_1",1
"46043","virus_comp_966_cycle_1_17",1
"46044","virus_comp_966_cycle_1_18",1
"46045","virus_comp_966_cycle_1_19",1
"46046","virus_comp_966_cycle_1_2",1
"46047","virus_comp_966_cycle_1_20",1
"46048","virus_comp_966_cycle_1_21",1
"46049","virus_comp_966_cycle_1_22",1
"46050","virus_comp_966_cycle_1_23",1
"46051","virus_comp_966_cycle_1_24",1
"46052","virus_comp_966_cycle_1_25",1
"46053","virus_comp_966_cycle_1_26",1
"46054","virus_comp_966_cycle_1_27",1
"46055","virus_comp_966_cycle_1_28",1
"46056","virus_comp_966_cycle_1_29",1
"46057","virus_comp_966_cycle_1_30",1
"46058","virus_comp_966_cycle_1_32",1
"46059","virus_comp_966_cycle_1_33",1
"46060","virus_comp_966_cycle_1_34",1
"46061","virus_comp_966_cycle_1_35",1
"46062","virus_comp_966_cycle_1_36",1
"46063","virus_comp_966_cycle_1_37",1
"46064","virus_comp_966_cycle_1_39",1
"46065","virus_comp_966_cycle_1_42",1
"46066","virus_comp_966_cycle_1_44",1
"46067","virus_comp_966_cycle_1_46",1
"46068","virus_comp_966_cycle_1_47",1
"46069","virus_comp_966_cycle_1_48",1
"46070","virus_comp_966_cycle_1_7",1
"46071","virus_comp_9691_cycle_1_1",1
"46072","virus_comp_9691_cycle_1_2",1
"46073","virus_comp_9699_cycle_1_2",1
"46074","virus_comp_9700_cycle_1_1",1
"46075","virus_comp_9705_cycle_1_1",1
"46076","virus_comp_9705_cycle_1_2",1
"46077","virus_comp_9707_cycle_1_3",1
"46078","virus_comp_971_cycle_1_30",1
"46079","virus_comp_9713_cycle_1_3",1
"46080","virus_comp_9713_cycle_1_4",1
"46081","virus_comp_9717_cycle_1_1",1
"46082","virus_comp_9717_cycle_1_2",1
"46083","virus_comp_9717_cycle_1_3",1
"46084","virus_comp_9717_cycle_1_5",1
"46085","virus_comp_972_cycle_1_8",1
"46086","virus_comp_9721_cycle_1_1",1
"46087","virus_comp_9721_cycle_1_2",1
"46088","virus_comp_9721_cycle_1_3",1
"46089","virus_comp_9721_cycle_1_4",1
"46090","virus_comp_9730_cycle_1_3",1
"46091","virus_comp_9731_cycle_1_2",1
"46092","virus_comp_9731_cycle_1_3",1
"46093","virus_comp_9731_cycle_1_4",1
"46094","virus_comp_974_cycle_1_11",1
"46095","virus_comp_974_cycle_1_13",1
"46096","virus_comp_974_cycle_1_15",1
"46097","virus_comp_974_cycle_1_21",1
"46098","virus_comp_974_cycle_1_27",1
"46099","virus_comp_974_cycle_1_3",1
"46100","virus_comp_974_cycle_1_33",1
"46101","virus_comp_974_cycle_1_34",1
"46102","virus_comp_974_cycle_1_35",1
"46103","virus_comp_974_cycle_1_4",1
"46104","virus_comp_974_cycle_1_5",1
"46105","virus_comp_974_cycle_1_7",1
"46106","virus_comp_9748_cycle_1_1",1
"46107","virus_comp_9748_cycle_1_2",1
"46108","virus_comp_9748_cycle_1_3",1
"46109","virus_comp_976_cycle_1_1",1
"46110","virus_comp_976_cycle_1_13",1
"46111","virus_comp_976_cycle_1_14",1
"46112","virus_comp_976_cycle_1_15",1
"46113","virus_comp_976_cycle_1_16",1
"46114","virus_comp_976_cycle_1_17",1
"46115","virus_comp_976_cycle_1_19",1
"46116","virus_comp_976_cycle_1_2",1
"46117","virus_comp_976_cycle_1_21",1
"46118","virus_comp_976_cycle_1_22",1
"46119","virus_comp_976_cycle_1_23",1
"46120","virus_comp_976_cycle_1_24",1
"46121","virus_comp_976_cycle_1_25",1
"46122","virus_comp_976_cycle_1_27",1
"46123","virus_comp_976_cycle_1_28",1
"46124","virus_comp_976_cycle_1_5",1
"46125","virus_comp_976_cycle_1_6",1
"46126","virus_comp_976_cycle_1_9",1
"46127","virus_comp_9764_cycle_1_2",1
"46128","virus_comp_9767_cycle_1_1",1
"46129","virus_comp_9767_cycle_1_2",1
"46130","virus_comp_977_cycle_1_1",1
"46131","virus_comp_977_cycle_1_10",1
"46132","virus_comp_977_cycle_1_11",1
"46133","virus_comp_977_cycle_1_12",1
"46134","virus_comp_977_cycle_1_13",1
"46135","virus_comp_977_cycle_1_14",1
"46136","virus_comp_977_cycle_1_15",1
"46137","virus_comp_977_cycle_1_16",1
"46138","virus_comp_977_cycle_1_17",1
"46139","virus_comp_977_cycle_1_18",1
"46140","virus_comp_977_cycle_1_19",1
"46141","virus_comp_977_cycle_1_2",1
"46142","virus_comp_977_cycle_1_20",1
"46143","virus_comp_977_cycle_1_21",1
"46144","virus_comp_977_cycle_1_22",1
"46145","virus_comp_977_cycle_1_23",1
"46146","virus_comp_977_cycle_1_24",1
"46147","virus_comp_977_cycle_1_25",1
"46148","virus_comp_977_cycle_1_26",1
"46149","virus_comp_977_cycle_1_27",1
"46150","virus_comp_977_cycle_1_28",1
"46151","virus_comp_977_cycle_1_29",1
"46152","virus_comp_977_cycle_1_3",1
"46153","virus_comp_977_cycle_1_30",1
"46154","virus_comp_977_cycle_1_31",1
"46155","virus_comp_977_cycle_1_32",1
"46156","virus_comp_977_cycle_1_33",1
"46157","virus_comp_977_cycle_1_34",1
"46158","virus_comp_977_cycle_1_35",1
"46159","virus_comp_977_cycle_1_36",1
"46160","virus_comp_977_cycle_1_4",1
"46161","virus_comp_977_cycle_1_5",1
"46162","virus_comp_977_cycle_1_6",1
"46163","virus_comp_977_cycle_1_7",1
"46164","virus_comp_977_cycle_1_8",1
"46165","virus_comp_977_cycle_1_9",1
"46166","virus_comp_9770_cycle_1_2",1
"46167","virus_comp_9772_cycle_1_1",1
"46168","virus_comp_9772_cycle_1_2",1
"46169","virus_comp_9776_cycle_1_2",1
"46170","virus_comp_9795_cycle_1_2",1
"46171","virus_comp_9795_cycle_1_4",1
"46172","virus_comp_9795_cycle_1_5",1
"46173","virus_comp_980_cycle_1_1",1
"46174","virus_comp_980_cycle_1_10",1
"46175","virus_comp_980_cycle_1_11",1
"46176","virus_comp_980_cycle_1_12",1
"46177","virus_comp_980_cycle_1_13",1
"46178","virus_comp_980_cycle_1_14",1
"46179","virus_comp_980_cycle_1_15",1
"46180","virus_comp_980_cycle_1_16",1
"46181","virus_comp_980_cycle_1_17",1
"46182","virus_comp_980_cycle_1_18",1
"46183","virus_comp_980_cycle_1_19",1
"46184","virus_comp_980_cycle_1_2",1
"46185","virus_comp_980_cycle_1_20",1
"46186","virus_comp_980_cycle_1_21",1
"46187","virus_comp_980_cycle_1_22",1
"46188","virus_comp_980_cycle_1_3",1
"46189","virus_comp_980_cycle_1_4",1
"46190","virus_comp_980_cycle_1_5",1
"46191","virus_comp_980_cycle_1_6",1
"46192","virus_comp_980_cycle_1_7",1
"46193","virus_comp_980_cycle_1_8",1
"46194","virus_comp_980_cycle_1_9",1
"46195","virus_comp_9814_cycle_1_2",1
"46196","virus_comp_9814_cycle_1_3",1
"46197","virus_comp_9819_cycle_1_1",1
"46198","virus_comp_9819_cycle_1_3",1
"46199","virus_comp_9823_cycle_1_1",1
"46200","virus_comp_9823_cycle_1_2",1
"46201","virus_comp_9827_cycle_1_3",1
"46202","virus_comp_9827_cycle_1_5",1
"46203","virus_comp_9828_cycle_1_2",1
"46204","virus_comp_9832_cycle_1_1",1
"46205","virus_comp_9832_cycle_1_2",1
"46206","virus_comp_9834_cycle_1_1",1
"46207","virus_comp_9834_cycle_1_2",1
"46208","virus_comp_9834_cycle_1_3",1
"46209","virus_comp_9834_cycle_1_4",1
"46210","virus_comp_9837_cycle_1_1",1
"46211","virus_comp_984_cycle_1_17",1
"46212","virus_comp_984_cycle_1_18",1
"46213","virus_comp_984_cycle_1_22",1
"46214","virus_comp_984_cycle_1_24",1
"46215","virus_comp_984_cycle_1_25",1
"46216","virus_comp_984_cycle_1_4",1
"46217","virus_comp_984_cycle_1_9",1
"46218","virus_comp_985_cycle_1_1",1
"46219","virus_comp_985_cycle_1_10",1
"46220","virus_comp_985_cycle_1_11",1
"46221","virus_comp_985_cycle_1_12",1
"46222","virus_comp_985_cycle_1_13",1
"46223","virus_comp_985_cycle_1_14",1
"46224","virus_comp_985_cycle_1_15",1
"46225","virus_comp_985_cycle_1_16",1
"46226","virus_comp_985_cycle_1_17",1
"46227","virus_comp_985_cycle_1_18",1
"46228","virus_comp_985_cycle_1_19",1
"46229","virus_comp_985_cycle_1_2",1
"46230","virus_comp_985_cycle_1_20",1
"46231","virus_comp_985_cycle_1_21",1
"46232","virus_comp_985_cycle_1_22",1
"46233","virus_comp_985_cycle_1_23",1
"46234","virus_comp_985_cycle_1_24",1
"46235","virus_comp_985_cycle_1_25",1
"46236","virus_comp_985_cycle_1_26",1
"46237","virus_comp_985_cycle_1_27",1
"46238","virus_comp_985_cycle_1_28",1
"46239","virus_comp_985_cycle_1_29",1
"46240","virus_comp_985_cycle_1_3",1
"46241","virus_comp_985_cycle_1_30",1
"46242","virus_comp_985_cycle_1_4",1
"46243","virus_comp_985_cycle_1_5",1
"46244","virus_comp_985_cycle_1_6",1
"46245","virus_comp_985_cycle_1_7",1
"46246","virus_comp_985_cycle_1_8",1
"46247","virus_comp_985_cycle_1_9",1
"46248","virus_comp_9851_cycle_1_1",1
"46249","virus_comp_9860_cycle_1_2",1
"46250","virus_comp_9869_cycle_1_1",1
"46251","virus_comp_9869_cycle_1_2",1
"46252","virus_comp_987_cycle_1_1",1
"46253","virus_comp_987_cycle_1_10",1
"46254","virus_comp_987_cycle_1_11",1
"46255","virus_comp_987_cycle_1_12",1
"46256","virus_comp_987_cycle_1_13",1
"46257","virus_comp_987_cycle_1_14",1
"46258","virus_comp_987_cycle_1_15",1
"46259","virus_comp_987_cycle_1_16",1
"46260","virus_comp_987_cycle_1_17",1
"46261","virus_comp_987_cycle_1_18",1
"46262","virus_comp_987_cycle_1_2",1
"46263","virus_comp_987_cycle_1_20",1
"46264","virus_comp_987_cycle_1_21",1
"46265","virus_comp_987_cycle_1_22",1
"46266","virus_comp_987_cycle_1_23",1
"46267","virus_comp_987_cycle_1_3",1
"46268","virus_comp_987_cycle_1_4",1
"46269","virus_comp_987_cycle_1_5",1
"46270","virus_comp_987_cycle_1_6",1
"46271","virus_comp_987_cycle_1_7",1
"46272","virus_comp_987_cycle_1_8",1
"46273","virus_comp_987_cycle_1_9",1
"46274","virus_comp_988_cycle_1_1",1
"46275","virus_comp_988_cycle_1_12",1
"46276","virus_comp_988_cycle_1_16",1
"46277","virus_comp_988_cycle_1_17",1
"46278","virus_comp_988_cycle_1_18",1
"46279","virus_comp_988_cycle_1_19",1
"46280","virus_comp_988_cycle_1_2",1
"46281","virus_comp_988_cycle_1_22",1
"46282","virus_comp_988_cycle_1_23",1
"46283","virus_comp_988_cycle_1_25",1
"46284","virus_comp_988_cycle_1_27",1
"46285","virus_comp_988_cycle_1_28",1
"46286","virus_comp_988_cycle_1_3",1
"46287","virus_comp_988_cycle_1_4",1
"46288","virus_comp_988_cycle_1_5",1
"46289","virus_comp_988_cycle_1_6",1
"46290","virus_comp_988_cycle_1_7",1
"46291","virus_comp_988_cycle_1_9",1
"46292","virus_comp_989_cycle_1_18",1
"46293","virus_comp_989_cycle_1_7",1
"46294","virus_comp_9895_cycle_1_1",1
"46295","virus_comp_9895_cycle_1_3",1
"46296","virus_comp_9918_cycle_1_3",1
"46297","virus_comp_992_cycle_1_12",1
"46298","virus_comp_992_cycle_1_22",1
"46299","virus_comp_9920_cycle_1_1",1
"46300","virus_comp_9934_cycle_1_2",1
"46301","virus_comp_9934_cycle_1_3",1
"46302","virus_comp_994_cycle_1_1",1
"46303","virus_comp_994_cycle_1_12",1
"46304","virus_comp_994_cycle_1_2",1
"46305","virus_comp_994_cycle_1_3",1
"46306","virus_comp_994_cycle_1_4",1
"46307","virus_comp_994_cycle_1_7",1
"46308","virus_comp_9949_cycle_1_1",1
"46309","virus_comp_995_cycle_1_1",1
"46310","virus_comp_995_cycle_1_10",1
"46311","virus_comp_995_cycle_1_11",1
"46312","virus_comp_995_cycle_1_12",1
"46313","virus_comp_995_cycle_1_13",1
"46314","virus_comp_995_cycle_1_14",1
"46315","virus_comp_995_cycle_1_15",1
"46316","virus_comp_995_cycle_1_2",1
"46317","virus_comp_995_cycle_1_3",1
"46318","virus_comp_995_cycle_1_4",1
"46319","virus_comp_995_cycle_1_5",1
"46320","virus_comp_995_cycle_1_6",1
"46321","virus_comp_995_cycle_1_7",1
"46322","virus_comp_995_cycle_1_8",1
"46323","virus_comp_995_cycle_1_9",1
"46324","virus_comp_9950_cycle_1_2",1
"46325","virus_comp_9957_cycle_1_1",1
"46326","virus_comp_9957_cycle_1_2",1
"46327","virus_comp_9957_cycle_1_3",1
"46328","virus_comp_9957_cycle_1_4",1
"46329","virus_comp_9957_cycle_1_5",1
"46330","virus_comp_996_cycle_1_10",1
"46331","virus_comp_996_cycle_1_11",1
"46332","virus_comp_9962_cycle_1_1",1
"46333","virus_comp_9962_cycle_1_2",1
"46334","virus_comp_9962_cycle_1_3",1
"46335","virus_comp_997_cycle_1_1",1
"46336","virus_comp_997_cycle_1_8",1
"46337","virus_comp_9977_cycle_1_1",1
"46338","virus_comp_9977_cycle_1_2",1
"46339","virus_comp_9977_cycle_1_3",1
"46340","virus_comp_998_cycle_1_23",1
"46341","virus_comp_998_cycle_1_9",1
"46342","edge_1291_25",1
"46343","edge_1291_35",1
"46344","edge_1291_44",1
"46345","edge_1291_66",1
"46346","edge_1291_77",1
"46347","edge_1291_78",1
"46348","edge_1291_99",1
"46349","edge_1329_1",1
"46350","edge_1329_10",1
"46351","edge_1329_112",1
"46352","edge_1329_123",1
"46353","edge_1329_125",1
"46354","edge_1329_135",1
"46355","edge_1329_136",1
"46356","edge_1329_16",1
"46357","edge_1329_17",1
"46358","edge_1329_18",1
"46359","edge_1329_19",1
"46360","edge_1329_2",1
"46361","edge_1329_20",1
"46362","edge_1329_3",1
"46363","edge_1329_4",1
"46364","edge_1329_6",1
"46365","edge_1329_60",1
"46366","edge_1329_61",1
"46367","edge_1329_62",1
"46368","edge_1329_63",1
"46369","edge_1329_69",1
"46370","edge_1329_7",1
"46371","edge_1329_71",1
"46372","edge_1329_72",1
"46373","edge_1329_73",1
"46374","edge_1329_74",1
"46375","edge_1329_75",1
"46376","edge_1329_77",1
"46377","edge_1329_78",1
"46378","edge_1329_79",1
"46379","edge_1329_8",1
"46380","edge_1329_80",1
"46381","edge_1329_83",1
"46382","edge_1329_84",1
"46383","edge_1329_86",1
"46384","edge_1333_1",1
"46385","edge_1333_10",1
"46386","edge_1333_11",1
"46387","edge_1333_12",1
"46388","edge_1333_6",1
"46389","edge_1333_7",1
"46390","edge_1333_9",1
"46391","edge_1468_21",1
"46392","edge_1468_79",1
"46393","edge_1474_5",1
"46394","edge_1474_6",1
"46395","edge_1476_16",1
"46396","edge_1494_1",1
"46397","edge_1494_14",1
"46398","edge_1494_15",1
"46399","edge_1494_17",1
"46400","edge_1494_18",1
"46401","edge_1494_19",1
"46402","edge_1494_2",1
"46403","edge_1494_20",1
"46404","edge_1494_21",1
"46405","edge_1494_22",1
"46406","edge_1494_3",1
"46407","edge_1496_22",1
"46408","edge_1496_25",1
"46409","edge_1496_27",1
"46410","edge_1496_28",1
"46411","edge_1496_33",1
"46412","edge_1496_34",1
"46413","edge_1496_35",1
"46414","edge_1496_36",1
"46415","edge_1496_7",1
"46416","edge_1497_1",1
"46417","edge_1497_11",1
"46418","edge_1497_5",1
"46419","edge_1501_4",1
"46420","edge_1515_11",1
"46421","edge_1515_21",1
"46422","edge_1515_22",1
"46423","edge_1515_24",1
"46424","edge_1515_28",1
"46425","edge_1515_33",1
"46426","edge_1515_34",1
"46427","edge_1515_4",1
"46428","edge_1594_32",1
"46429","edge_1596_9",1
"46430","edge_1627_19",1
"46431","edge_1627_6",1
"46432","edge_1627_7",1
"46433","edge_1631_17",1
"46434","edge_1631_24",1
"46435","edge_1631_33",1
"46436","edge_1631_34",1
"46437","edge_1631_9",1
"46438","edge_1633_35",1
"46439","edge_1633_37",1
"46440","edge_1641_48",1
"46441","edge_1641_54",1
"46442","edge_1672_1",1
"46443","edge_1672_10",1
"46444","edge_1672_12",1
"46445","edge_1672_13",1
"46446","edge_1672_14",1
"46447","edge_1672_16",1
"46448","edge_1672_17",1
"46449","edge_1672_2",1
"46450","edge_1672_21",1
"46451","edge_1672_22",1
"46452","edge_1672_23",1
"46453","edge_1672_27",1
"46454","edge_1672_28",1
"46455","edge_1672_29",1
"46456","edge_1672_32",1
"46457","edge_1672_33",1
"46458","edge_1672_34",1
"46459","edge_1672_35",1
"46460","edge_1672_36",1
"46461","edge_1672_37",1
"46462","edge_1672_38",1
"46463","edge_1672_39",1
"46464","edge_1672_41",1
"46465","edge_1672_42",1
"46466","edge_1672_43",1
"46467","edge_1672_44",1
"46468","edge_1672_55",1
"46469","edge_1672_62",1
"46470","edge_1672_63",1
"46471","edge_1672_64",1
"46472","edge_1672_65",1
"46473","edge_1672_66",1
"46474","edge_1672_67",1
"46475","edge_1672_68",1
"46476","edge_1672_7",1
"46477","edge_1672_71",1
"46478","edge_1672_72",1
"46479","edge_1672_74",1
"46480","edge_1672_76",1
"46481","edge_1672_77",1
"46482","edge_1672_78",1
"46483","edge_1672_8",1
"46484","edge_1672_81",1
"46485","edge_1672_83",1
"46486","edge_1672_84",1
"46487","edge_1672_9",1
"46488","edge_1677_1",1
"46489","edge_1677_12",1
"46490","edge_1677_13",1
"46491","edge_1677_17",1
"46492","edge_1677_18",1
"46493","edge_1677_19",1
"46494","edge_1677_20",1
"46495","edge_1677_22",1
"46496","edge_1677_23",1
"46497","edge_1677_3",1
"46498","edge_1677_4",1
"46499","edge_1677_7",1
"46500","edge_1677_9",1
"46501","edge_1707_1",1
"46502","edge_1707_2",1
"46503","edge_1707_3",1
"46504","edge_1707_4",1
"46505","edge_1707_5",1
"46506","edge_1707_8",1
"46507","edge_1709_2",1
"46508","edge_1709_25",1
"46509","edge_1709_56",1
"46510","edge_1709_65",1
"46511","edge_1709_67",1
"46512","edge_1710_2",1
"46513","edge_1782_1",1
"46514","edge_1782_10",1
"46515","edge_1782_14",1
"46516","edge_1782_15",1
"46517","edge_1782_16",1
"46518","edge_1782_17",1
"46519","edge_1782_24",1
"46520","edge_1782_27",1
"46521","edge_1782_7",1
"46522","edge_1782_8",1
"46523","edge_1782_9",1
"46524","edge_1801_11",1
"46525","edge_1801_14",1
"46526","edge_1801_16",1
"46527","edge_1801_26",1
"46528","edge_1801_35",1
"46529","edge_1801_41",1
"46530","edge_1801_45",1
"46531","edge_1801_46",1
"46532","edge_1801_47",1
"46533","edge_1801_50",1
"46534","edge_1801_51",1
"46535","edge_1801_52",1
"46536","edge_1801_57",1
"46537","edge_1801_61",1
"46538","edge_1801_66",1
"46539","edge_1801_68",1
"46540","edge_1801_9",1
"46541","edge_1803_22",1
"46542","edge_1803_25",1
"46543","edge_1803_33",1
"46544","edge_1803_34",1
"46545","edge_1803_35",1
"46546","edge_1803_5",1
"46547","edge_1845_1",1
"46548","edge_1845_2",1
"46549","edge_1845_25",1
"46550","edge_1845_26",1
"46551","edge_1845_28",1
"46552","edge_1845_29",1
"46553","edge_1845_3",1
"46554","edge_1845_30",1
"46555","edge_1845_32",1
"46556","edge_1845_33",1
"46557","edge_1845_4",1
"46558","edge_1845_41",1
"46559","edge_1845_42",1
"46560","edge_1845_5",1
"46561","edge_1845_7",1
"46562","edge_1845_8",1
"46563","edge_1857_1",1
"46564","edge_1857_20",1
"46565","edge_1857_21",1
"46566","edge_1857_22",1
"46567","edge_1857_23",1
"46568","edge_1857_24",1
"46569","edge_1857_25",1
"46570","edge_1857_27",1
"46571","edge_1857_29",1
"46572","edge_1857_30",1
"46573","edge_1857_34",1
"46574","edge_1857_35",1
"46575","edge_1857_36",1
"46576","edge_1857_38",1
"46577","edge_1857_39",1
"46578","edge_1857_5",1
"46579","edge_1857_52",1
"46580","edge_1857_54",1
"46581","edge_1857_55",1
"46582","edge_1857_58",1
"46583","edge_1857_61",1
"46584","edge_1857_78",1
"46585","edge_1857_85",1
"46586","edge_1857_87",1
"46587","edge_1857_88",1
"46588","edge_1857_89",1
"46589","edge_1857_90",1
"46590","edge_1862_9",1
"46591","edge_1877_19",1
"46592","edge_1877_27",1
"46593","edge_1877_31",1
"46594","edge_1877_34",1
"46595","edge_1877_36",1
"46596","edge_1877_43",1
"46597","edge_1877_45",1
"46598","edge_1877_46",1
"46599","edge_1877_48",1
"46600","edge_1877_57",1
"46601","edge_1877_62",1
"46602","edge_1877_66",1
"46603","edge_1877_73",1
"46604","edge_1877_82",1
"46605","edge_1877_84",1
"46606","edge_1896_10",1
"46607","edge_1896_17",1
"46608","edge_1896_25",1
"46609","edge_1896_33",1
"46610","edge_1896_38",1
"46611","edge_1896_39",1
"46612","edge_1896_40",1
"46613","edge_1896_9",1
"46614","edge_1907_11",1
"46615","edge_1907_13",1
"46616","edge_1907_29",1
"46617","edge_1907_40",1
"46618","edge_1907_45",1
"46619","edge_1907_48",1
"46620","edge_1907_51",1
"46621","edge_1907_8",1
"46622","edge_1907_9",1
"46623","edge_1915_11",1
"46624","edge_1915_14",1
"46625","edge_1915_15",1
"46626","edge_1915_16",1
"46627","edge_1915_17",1
"46628","edge_1915_18",1
"46629","edge_1915_19",1
"46630","edge_1915_20",1
"46631","edge_1915_23",1
"46632","edge_1915_24",1
"46633","edge_1915_25",1
"46634","edge_1915_26",1
"46635","edge_1915_27",1
"46636","edge_1915_28",1
"46637","edge_1915_29",1
"46638","edge_1915_3",1
"46639","edge_1915_30",1
"46640","edge_1915_31",1
"46641","edge_1915_37",1
"46642","edge_1915_42",1
"46643","edge_1915_43",1
"46644","edge_1915_44",1
"46645","edge_1915_45",1
"46646","edge_1915_5",1
"46647","edge_1915_6",1
"46648","edge_1915_8",1
"46649","edge_192_1",1
"46650","edge_192_14",1
"46651","edge_192_19",1
"46652","edge_192_30",1
"46653","edge_192_31",1
"46654","edge_192_8",1
"46655","edge_1957_19",1
"46656","edge_1957_24",1
"46657","edge_1957_25",1
"46658","edge_1957_26",1
"46659","edge_1957_27",1
"46660","edge_1957_31",1
"46661","edge_1958_10",1
"46662","edge_1958_12",1
"46663","edge_1958_2",1
"46664","edge_1958_4",1
"46665","edge_1958_5",1
"46666","edge_1958_6",1
"46667","edge_1958_8",1
"46668","edge_1958_9",1
"46669","edge_1959_1",1
"46670","edge_1959_10",1
"46671","edge_1959_2",1
"46672","edge_1959_4",1
"46673","edge_1959_8",1
"46674","edge_1986_1",1
"46675","edge_1989_11",1
"46676","edge_1989_33",1
"46677","edge_1989_34",1
"46678","edge_1989_43",1
"46679","edge_1989_52",1
"46680","edge_1997_39",1
"46681","edge_1997_60",1
"46682","edge_2007_22",1
"46683","edge_2007_3",1
"46684","edge_2007_45",1
"46685","edge_2007_48",1
"46686","edge_2007_52",1
"46687","edge_2007_57",1
"46688","edge_2007_58",1
"46689","edge_2007_59",1
"46690","edge_2008_13",1
"46691","edge_2008_21",1
"46692","edge_2008_34",1
"46693","edge_2018_15",1
"46694","edge_2018_18",1
"46695","edge_2044_17",1
"46696","edge_2044_7",1
"46697","edge_205_12",1
"46698","edge_205_13",1
"46699","edge_205_14",1
"46700","edge_205_15",1
"46701","edge_205_16",1
"46702","edge_205_3",1
"46703","edge_205_6",1
"46704","edge_205_7",1
"46705","edge_205_8",1
"46706","edge_2063_12",1
"46707","edge_2063_13",1
"46708","edge_2063_16",1
"46709","edge_2063_17",1
"46710","edge_2063_19",1
"46711","edge_2063_2",1
"46712","edge_2063_21",1
"46713","edge_2063_26",1
"46714","edge_2063_5",1
"46715","edge_2063_6",1
"46716","edge_2063_7",1
"46717","edge_2063_8",1
"46718","edge_2104_2",1
"46719","edge_2143_26",1
"46720","edge_2143_27",1
"46721","edge_2143_29",1
"46722","edge_2143_31",1
"46723","edge_2143_32",1
"46724","edge_2143_33",1
"46725","edge_2261_1",1
"46726","edge_2261_10",1
"46727","edge_2261_11",1
"46728","edge_2261_2",1
"46729","edge_2261_3",1
"46730","edge_2261_4",1
"46731","edge_2261_5",1
"46732","edge_2261_6",1
"46733","edge_2320_1",1
"46734","edge_2375_11",1
"46735","edge_2375_12",1
"46736","edge_2375_13",1
"46737","edge_2375_14",1
"46738","edge_2375_15",1
"46739","edge_2375_16",1
"46740","edge_2375_19",1
"46741","edge_2375_20",1
"46742","edge_2375_21",1
"46743","edge_2375_25",1
"46744","edge_2375_26",1
"46745","edge_2375_27",1
"46746","edge_2375_28",1
"46747","edge_2375_29",1
"46748","edge_2375_30",1
"46749","edge_2375_31",1
"46750","edge_2375_4",1
"46751","edge_2375_6",1
"46752","edge_2375_7",1
"46753","edge_2375_9",1
"46754","edge_2429_10",1
"46755","edge_2429_12",1
"46756","edge_2429_13",1
"46757","edge_2429_18",1
"46758","edge_2429_19",1
"46759","edge_2429_20",1
"46760","edge_2429_21",1
"46761","edge_2429_22",1
"46762","edge_2429_6",1
"46763","edge_2429_7",1
"46764","edge_2429_8",1
"46765","edge_2429_9",1
"46766","edge_2455_3",1
"46767","edge_2484_12",1
"46768","edge_2484_13",1
"46769","edge_2484_16",1
"46770","edge_2484_2",1
"46771","edge_2484_22",1
"46772","edge_2484_23",1
"46773","edge_2484_28",1
"46774","edge_2484_3",1
"46775","edge_2484_31",1
"46776","edge_2484_35",1
"46777","edge_2484_4",1
"46778","edge_2484_40",1
"46779","edge_2484_44",1
"46780","edge_2484_5",1
"46781","edge_2484_7",1
"46782","edge_263_42",1
"46783","edge_263_43",1
"46784","edge_2650_2",1
"46785","edge_2837_1",1
"46786","edge_2837_3",1
"46787","edge_2837_4",1
"46788","edge_2837_7",1
"46789","edge_2837_8",1
"46790","edge_294_24",1
"46791","edge_294_27",1
"46792","edge_294_44",1
"46793","edge_294_46",1
"46794","edge_295_11",1
"46795","edge_295_22",1
"46796","edge_295_24",1
"46797","edge_295_33",1
"46798","edge_295_35",1
"46799","edge_295_36",1
"46800","edge_295_52",1
"46801","edge_303_2",1
"46802","edge_3176_10",1
"46803","edge_3176_9",1
"46804","edge_330_51",1
"46805","edge_330_55",1
"46806","edge_3513_1",1
"46807","edge_48728_12",1
"46808","edge_48728_13",1
"46809","edge_48728_16",1
"46810","edge_48728_17",1
"46811","edge_48728_20",1
"46812","edge_48728_21",1
"46813","edge_48728_22",1
"46814","edge_48728_24",1
"46815","edge_48728_25",1
"46816","edge_48728_26",1
"46817","edge_48728_27",1
"46818","edge_48728_28",1
"46819","edge_48728_29",1
"46820","edge_48728_30",1
"46821","edge_48728_5",1
"46822","edge_48728_7",1
"46823","edge_48728_8",1
"46824","edge_48728_9",1
"46825","edge_48730_2",1
"46826","edge_48730_35",1
"46827","edge_48730_36",1
"46828","edge_48730_37",1
"46829","edge_48730_38",1
"46830","edge_48730_39",1
"46831","edge_48730_4",1
"46832","edge_48730_40",1
"46833","edge_48730_42",1
"46834","edge_48730_43",1
"46835","edge_48730_44",1
"46836","edge_48730_45",1
"46837","edge_48730_46",1
"46838","edge_48730_47",1
"46839","edge_48730_48",1
"46840","edge_48730_49",1
"46841","edge_48730_50",1
"46842","edge_48730_51",1
"46843","edge_48730_52",1
"46844","edge_48730_53",1
"46845","edge_48730_56",1
"46846","edge_48730_57",1
"46847","edge_48730_58",1
"46848","edge_48730_59",1
"46849","edge_48730_66",1
"46850","edge_48730_67",1
"46851","edge_48730_68",1
"46852","edge_48730_70",1
"46853","edge_48730_71",1
"46854","edge_48730_72",1
"46855","edge_48730_74",1
"46856","edge_48730_75",1
"46857","edge_48730_77",1
"46858","edge_48731_17",1
"46859","edge_48731_5",1
"46860","edge_48755_4",1
"46861","edge_48778_11",1
"46862","edge_48907_3",1
"46863","edge_48907_4",1
"46864","edge_48967_14",1
"46865","edge_48967_7",1
"46866","edge_49045_5",1
"46867","edge_49045_6",1
"46868","edge_75_11",1
"46869","edge_75_13",1
"46870","edge_75_14",1
"46871","edge_75_15",1
"46872","edge_75_16",1
"46873","edge_75_17",1
"46874","edge_75_2",1
"46875","edge_75_5",1
"46876","edge_75_6",1
"46877","edge_75_7",1
"46878","edge_75_8",1
"46879","edge_957_10",1
"46880","edge_957_15",1
"46881","edge_957_3",1
"46882","edge_957_4",1
"46883","edge_957_40",1
"46884","edge_959_100",1
"46885","edge_959_12",1
"46886","edge_959_14",1
"46887","edge_959_15",1
"46888","edge_959_3",1
"46889","edge_959_30",1
"46890","edge_959_4",1
"46891","edge_959_61",1
"46892","edge_959_63",1
"46893","edge_959_66",1
"46894","edge_959_70",1
"46895","edge_967_4",1
"46896","edge_976_7",1
"46897","edge_976_8",1
